              0             28        776.019       0.965175       0.862149
              1             70        750.048       0.914639       0.862149
              2             55        865.252       0.940234       0.862149
              3             85        737.844         0.8967       0.862149
              4            399        234.774       0.370438       0.250127
              5            380        390.832       0.507026       0.250127
              6            367        186.609       0.337077       0.250127
              7            444        281.162       0.387723       0.250127
              8            345        241.308       0.411572       0.250127
              9            455        205.812       0.311453       0.250127
             10            407        234.065       0.365119       0.250127
             11             21        580.514       0.965088       0.862149
             12             78        726.339       0.903026       0.862149
             13             33        658.951       0.952309       0.862149
             14             64         620.33       0.906478       0.862149
             15            103        789.999       0.884658       0.862149
             16             56        669.038       0.922763       0.862149
             17             81        706.698       0.897169       0.862149
             18            125          733.3       0.854363       0.862149
             19             30        774.592       0.962714       0.862149
             20            142        593.669       0.806978       0.862149
             21            194        625.562       0.763288       0.862149
             22            180        613.552       0.773172       0.862149
             23            113        729.863       0.865933       0.862149
             24            188        582.843       0.756111       0.862149
             25            153        773.319        0.83483       0.862149
             26            153        580.319        0.79136       0.862149
             27            160        711.824       0.816477       0.862149
             28            254        526.746        0.67467       0.862149
             29            158        689.251       0.813515       0.862149
             30            132        523.805       0.798721       0.862149
             31            175         579.62       0.768095       0.862149
             32            177        564.193       0.761196       0.862149
             33            191        599.202        0.75829       0.862149
             34            261         613.25       0.701459       0.862149
             35            212        584.717       0.733908       0.862149
             36            175         683.62       0.796185       0.862149
             37            171        681.474       0.799407       0.862149
             38            162        503.397       0.756536       0.862149
             39            145        681.028       0.824461       0.862149
             40            196        725.134       0.787219       0.862149
             41            112        774.077         0.8736       0.862149
             42            423        259.647       0.380353       0.250127
             43            492        130.909       0.210157       0.250127
             44            524        210.074       0.286175       0.250127
             45            448        265.307        0.37194       0.250127
             46            429        258.366       0.375878       0.250127
             47            420        136.288       0.244995       0.250127
             48            313        177.143       0.361411       0.250127
             49            516        211.782       0.290997       0.250127
             50            420        176.288       0.295642       0.250127
             51            597        111.481       0.157352       0.250127
             52            560        104.384       0.157114       0.250127
             53            515        177.996        0.25685       0.250127
             54            613        96.0632       0.135479       0.250127
             55            571        113.034       0.165247       0.250127
             56            614         101.85       0.142278       0.250127
             57            433        138.511        0.24236       0.250127
             58            460        271.744       0.371365       0.250127
             59            521        188.714       0.265902       0.250127
             60            415        325.356       0.439459       0.250127
             61            537        226.297       0.296473       0.250127
             62            419        117.502       0.219014       0.250127
             63            458        163.171       0.262683       0.250127
             64            401        164.346         0.2907       0.250127
             65            526        194.646         0.2701       0.250127
             66            486         235.19       0.326114       0.250127
             67            539         242.87       0.310627       0.250127
             68            545        203.588       0.271963       0.250127
             69            482        181.045       0.273051       0.250127
             70            437        251.657       0.365431       0.250127
             71            448        204.307       0.313207       0.250127
             72            494        133.482       0.212726       0.250127
             73            541        246.442       0.312966       0.250127
             74            413        200.783       0.327124       0.250127
             75            659        103.238        0.13544       0.250127
             76            483        181.831         0.2735       0.250127
             77            459        348.958       0.431901       0.250127
             78            492        110.909       0.183956       0.250127
             79            495        169.268       0.254819       0.250127
             80            531        57.5784      0.0978262       0.250127
             81            558        98.8112       0.150441       0.250127
             82            610         97.704       0.138058       0.250127
             83            575          89.18       0.134271       0.250127
             84            698        182.907       0.207635       0.250127
             85            591        58.7624      0.0904368       0.250127
             86            554        82.6656       0.129841       0.250127
             87            471        138.394       0.227102       0.250127
             88            588       -32.5968     -0.0586903       0.250127
             89            550          85.52       0.134567       0.250127
             90            515        100.996       0.163956       0.250127
             91            508        174.491       0.255668       0.250127
             92            463        152.103       0.247281       0.250127
             93            504        109.346       0.178277       0.250127
             94            625          140.5        0.18354       0.250127
             95            975         204.74       0.173547       0.250127
             96            690         66.616      0.0880447       0.250127
             97            526        165.646       0.239496       0.250127
             98            601        187.626       0.237915       0.250127
             99            419        134.502       0.243001       0.250127
            100            398        120.987       0.233122       0.250127
            101            399        94.7736       0.191937       0.250127
            102            414         220.57       0.347589       0.250127
            103            392        282.269       0.418629       0.250127
            104            520        226.928       0.303815       0.250127
            105            423        266.647       0.386643       0.250127
            106            571        160.034       0.218915       0.250127
            107            486         147.19       0.232458       0.250127
            108            607        40.3448      0.0623235       0.250127
            109            484        122.618       0.202133       0.250127
            110            583        156.471       0.211599       0.250127
            111            490        103.336       0.174161       0.250127
            112            574        156.394       0.214122       0.250127
            113            500          214.2       0.299916       0.250127
            114            455        158.812       0.258731       0.250127
            115            493        105.695       0.176543       0.250127
            116            510        148.064       0.224999       0.250127
            117            418        283.715       0.404317       0.250127
            118            270        300.328       0.526588       0.250127
            119            415        372.356       0.472919       0.250127
            120            117        639.009        0.84524       0.862149
            121            119        583.582       0.830625       0.862149
            122            177        629.193        0.78045       0.862149
            123            112        549.077       0.830579       0.862149
            124            148        685.387       0.822411       0.862149
            125            147        583.601       0.798796       0.862149
            126            178        661.979        0.78809       0.862149
            127            116        659.222       0.850366       0.862149
            128            172        428.261       0.713458       0.862149
            129             78        666.339       0.895209       0.862149
            130             85        628.844       0.880926       0.862149
            131             67        735.689       0.916531       0.862149
            132            134        627.378       0.824003       0.862149
            133            163        653.183        0.80029       0.862149
            134             75         713.98       0.904941       0.862149
            135            205        768.212       0.789357       0.862149
            136            159        746.038       0.824317       0.862149
            137            108        652.931       0.858069       0.862149
            138            133        697.591       0.839873       0.862149
            139            225         503.94       0.691333       0.862149
            140            117        632.009       0.843794       0.862149
            141            107        443.145       0.805506       0.862149
            142            172        633.261       0.786405       0.862149
            143            131        615.018       0.824401       0.862149
            144            118        697.795       0.855356       0.862149
            145            118        593.795       0.834222       0.862149
            146            187        519.057       0.735149       0.862149
            147            142        574.669       0.801861       0.862149
            148            187        632.057       0.771689       0.862149
            149            156        680.678       0.813548       0.862149
            150            391        400.482        0.50599       0.250127
            151            588        47.4032      0.0746033       0.250127
            152            504        88.3456       0.149145       0.250127
            153            532        97.3648       0.154703       0.250127
            154            492        99.9088       0.168791       0.250127
            155            552        107.093       0.162485       0.250127
            156            479        165.686       0.257002       0.250127
            157            552        27.0928      0.0467849       0.250127
            158            445        402.948       0.475204       0.250127
            159             75         822.98       0.916479       0.862149
            160            119        570.582       0.827432       0.862149
            161            268        644.755       0.706383       0.862149
            162             57        765.825       0.930726       0.862149
            163            156        643.678       0.804922       0.862149
            164             18        844.155       0.979122       0.862149
            165            110        887.504       0.889725       0.862149
            166            117        694.009       0.855735       0.862149
            167            179        639.766       0.781378       0.862149
            168            176        796.406       0.819006       0.862149
            169            104        723.786       0.874364       0.862149
            170             79        740.126       0.903556       0.862149
            171            160        728.824       0.819987       0.862149
            172            132        614.805       0.823247       0.862149
            173             57        663.825       0.920924       0.862149
            174            111         701.29       0.863349       0.862149
            175             39         727.67       0.949131       0.862149
            176            130        751.232       0.852479       0.862149
            177            220        637.008       0.743293       0.862149
            178            182        519.125       0.740417       0.862149
            179            171        464.474        0.73091       0.862149
            180            104        596.786       0.851595       0.862149
            181            193        659.775        0.77368       0.862149
            182             88        503.203       0.851151       0.862149
            183            183        709.911       0.795052       0.862149
            184            266        641.182       0.706784       0.862149
            185            148        914.387       0.860691       0.862149
            186            240        723.736       0.750969       0.862149
            187            211         762.93       0.783352       0.862149
            188            293        859.415       0.745751       0.862149
            189            224        677.154        0.75143       0.862149
            190            129        517.446       0.800447       0.862149
            191            231        476.658       0.673571       0.862149
            192            132        652.805       0.831805       0.862149
            193            214         661.29       0.755509       0.862149
            194            150         622.96       0.805941       0.862149
            195            146        621.814        0.80985       0.862149
            196            138        602.523       0.813645       0.862149
            197             55        762.252       0.932701       0.862149
            198             24        837.874       0.972154       0.862149
            199            108        735.931       0.872027       0.862149
            200            123        648.727       0.840617       0.862149
            201            325         427.58       0.568152       0.862149
            202            537        132.297       0.197665       0.250127
            203            398        165.987        0.29431       0.250127
            204            540        213.656       0.283493       0.250127
            205            561        74.1704       0.116772       0.250127
            206            550          62.52        0.10207       0.250127
            207            481        60.2584        0.11133       0.250127
            208            494        90.4816       0.154807       0.250127
            209            622        162.141       0.206775       0.250127
            210            222        522.581       0.701846       0.862149
            211            166        526.542       0.760303       0.862149
            212            135        786.164       0.853446       0.862149
            213            169        719.902       0.809878       0.862149
            214            190        654.416       0.774992       0.862149
            215            146        522.814       0.781703       0.862149
            216            142        550.669       0.794996       0.862149
            217            148        543.387       0.785938       0.862149
            218            155        662.892       0.810488       0.862149
            219            125          566.3       0.819181       0.862149
            220            170        580.688       0.773541       0.862149
            221             52        678.893       0.928854       0.862149
            222            101        652.426       0.865946       0.862149
            223            139         609.31       0.814248       0.862149
            224            128        542.659       0.809143       0.862149
            225             44        827.602       0.949518       0.862149
            226             46        750.174       0.942224       0.862149
            227             32        600.165        0.94938       0.862149
            228             29        589.806       0.953136       0.862149
            229            110        851.504       0.885596       0.862149
            230             36         648.31       0.947392       0.862149
            231             -2        687.427        1.00292       0.862149
            232              8        690.291       0.988543       0.862149
            233              2        716.573       0.997217       0.862149
            234             65        538.116       0.892226       0.862149
            235             82        644.485       0.887128       0.862149
            236            102        774.213        0.88359       0.862149
            237            118        720.795       0.859322       0.862149
            238            105        728.572       0.874036       0.862149
            239            156        817.678       0.839783       0.862149
            240            119        660.582       0.847354       0.862149
            241             -6        643.282        1.00941       0.862149
            242             30        773.592       0.962668       0.862149
            243            161         612.61       0.791885       0.862149
            244            137        576.737       0.808052       0.862149
            245             47        857.961       0.948064       0.862149
            246             38        911.883       0.959995       0.862149
            247             91        842.562       0.902524       0.862149
            248            125          715.3       0.851244       0.862149
            249            234        676.018       0.742862       0.862149
            250            174        617.834       0.780257       0.862149
            251             64         619.33       0.906341       0.862149
            252            142        468.669       0.767468       0.862149
            253            148        690.387       0.823471       0.862149
            254            201        693.066       0.775184       0.862149
            255            119        636.582       0.842505       0.862149
            256            133        422.591       0.760615       0.862149
            257            161         546.61       0.772474       0.862149
            258            125          630.3       0.834503       0.862149
            259             71        726.834       0.911009       0.862149
            260             72        676.621       0.903823       0.862149
            261             78        547.339       0.875268       0.862149
            262            128        764.659       0.856608       0.862149
            263             64         915.33       0.934649       0.862149
            264            103        780.999       0.883484       0.862149
            265             55        597.252       0.915677       0.862149
            266             96        541.494        0.84941       0.862149
            267             73        607.407       0.892711       0.862149
            268             74        806.194       0.915928       0.862149
            269             83        640.271       0.885244       0.862149
            270            100         728.64        0.87932       0.862149
            271            138        651.523       0.825211       0.862149
            272             13        663.223       0.980776       0.862149
            273            104        598.786       0.852017       0.862149
            274             24        738.874        0.96854       0.862149
            275             30        682.592         0.9579       0.862149
            276             97        708.281       0.879545       0.862149
            277            -41        670.758         1.0651       0.862149
            278             97        555.281       0.851291       0.862149
            279             72        571.621       0.888133       0.862149
            280             54        647.466       0.923018       0.862149
            281             51        760.106       0.937123       0.862149
            282             95        646.708       0.871917       0.862149
            283            116        881.222       0.883677       0.862149
            284            207        374.785       0.644198       0.862149
            285            434        102.298       0.190748       0.250127
            286            407        275.065       0.403283       0.250127
            287            421        196.074       0.317748       0.250127
            288            523        151.287       0.224366       0.250127
            289            437        93.6568       0.176492       0.250127
            290            445        134.948        0.23269       0.250127
            291            457        243.385       0.347502       0.250127
            292            474        74.7536       0.136224       0.250127
            293            500          113.2       0.184605       0.250127
            294            502        51.7728       0.093491       0.250127
            295            522        45.5008      0.0801775       0.250127
            296            528        129.219       0.196615       0.250127
            297            515         54.996      0.0964849       0.250127
            298            593        174.335       0.227196       0.250127
            299            413        188.783       0.313706       0.250127
            300            407        131.065       0.243586       0.250127
            301            388        162.123       0.294703       0.250127
            302            494        177.482       0.264313       0.250127
            303            392        144.269       0.269023       0.250127
            304            480        110.472       0.187091       0.250127
            305            354        298.386       0.457376       0.250127
            306            504        213.346        0.29741       0.250127
            307            479        313.686       0.395725       0.250127
            308            365        178.036       0.327853       0.250127
            309            380        168.832       0.307621       0.250127
            310            447        157.521       0.260571       0.250127
            311            479        216.686       0.311471       0.250127
            312            585        189.044       0.244229       0.250127
            313            592        248.549       0.295698       0.250127
            314            527        197.433       0.272534       0.250127
            315            324        168.794       0.342524       0.250127
            316            446        104.734       0.190172       0.250127
            317            462        155.317         0.2516       0.250127
            318            441        234.802       0.347442       0.250127
            319            548        213.947        0.28079       0.250127
            320            402        251.133       0.384505       0.250127
            321            230        450.872       0.662198       0.250127
            322            594        66.1216       0.100166       0.250127
            323            540        193.656        0.26396       0.250127
            324            398        168.987       0.298044       0.250127
            325            364         234.25       0.391558       0.250127
            326            434        136.298       0.238994       0.250127
            327            428        239.579       0.358878       0.250127
            328            508        186.491       0.268529       0.250127
            329            472        85.1808       0.152878       0.250127
            330            457        216.385       0.321339       0.250127
            331            509        125.278       0.197512       0.250127
            332            504        180.346        0.26353       0.250127
            333            440        199.016       0.311441       0.250127
            334            614         136.85        0.18226       0.250127
            335            507        133.705       0.208684       0.250127
            336            501        73.9864       0.128675       0.250127
            337            571        132.034       0.187806       0.250127
            338            385        192.764       0.333638       0.250127
            339            444        135.162       0.233375       0.250127
            340            424        257.434       0.377782       0.250127
            341            502        46.7728      0.0852316       0.250127
            342            691        110.402       0.137762       0.250127
            343            391        172.482       0.306101       0.250127
            344            601        157.626       0.207779       0.250127
            345            438        190.443        0.30304       0.250127
            346            414         141.57       0.254819       0.250127
            347            498        96.6272         0.1625       0.250127
            348            553        37.8792      0.0641065       0.250127
            349            431        150.938       0.259372       0.250127
            350            489         189.55       0.279345       0.250127
            351            432        73.7248        0.14578       0.250127
            352            435        243.084       0.358487       0.250127
            353            359        264.318        0.42405       0.250127
            354            455        144.812       0.241429       0.250127
            355            490        188.336       0.277644       0.250127
            356            421        212.074       0.334991       0.250127
            357            500          229.2       0.314317       0.250127
            358            392        252.269       0.391558       0.250127
            359            475          73.54       0.134065       0.250127
            360            546        152.374       0.218184       0.250127
            361            404        292.706       0.420128       0.250127
            362            407        147.065       0.265429       0.250127
            363            336         153.23       0.313207       0.250127
            364            372        210.541       0.361418       0.250127
            365            381        63.6184       0.143085       0.250127
            366            459        204.958       0.308691       0.250127
            367            312        115.357       0.269931       0.250127
            368            468        191.035       0.289871       0.250127
            369            415        312.356        0.42944       0.250127
            370            545         44.588      0.0756257       0.250127
            371            382        80.4048       0.173884       0.250127
            372            420        277.288       0.397666       0.250127
            373            419        131.502       0.238876       0.250127
            374            420        121.288       0.224073       0.250127
            375            390         88.696       0.185287       0.250127
            376            509        259.278       0.337479       0.250127
            377            569        185.462        0.24582       0.250127
            378            361         285.89       0.441946       0.250127
            379            508        238.491       0.319483       0.250127
            380            740        177.936       0.193844       0.250127
            381            731        340.858       0.318007       0.250127
            382            865        167.236       0.162013       0.250127
            383            659        202.238       0.234822       0.250127
            384            455        170.812       0.272945       0.250127
            385            438        213.443       0.327647       0.250127
            386            488        207.763       0.298612       0.250127
            387            463        226.103       0.328112       0.250127
            388            410        176.424       0.300847       0.250127
            389            371        177.754       0.323923       0.250127
            390            303        174.279       0.365151       0.250127
            391            431        164.938       0.276771       0.250127
            392            375          182.9       0.327837       0.250127
            393            437        143.657       0.247404       0.250127
            394            480         24.472      0.0485101       0.250127
            395            573        29.6072      0.0491318       0.250127
            396            489        33.5496      0.0642037       0.250127
            397            527        69.4328       0.116413       0.250127
            398            461         157.53       0.254685       0.250127
            399            398        133.987       0.251862       0.250127
            400            500          -11.8     -0.0241704       0.250127
            401            567        93.8888       0.142064       0.250127
            402            299        150.134       0.334274       0.250127
            403            465         16.676      0.0346208       0.250127
            404            598        72.2672       0.107818       0.250127
            405            626        12.2864       0.019249       0.250127
            406            450          13.88      0.0299215       0.250127
            407            499        92.4136       0.156259       0.250127
            408            468        128.035       0.214811       0.250127
            409            547        12.1608      0.0217483       0.250127
            410            516        65.7824        0.11307       0.250127
            411            391        225.482       0.365756       0.250127
            412            595         43.908      0.0687235       0.250127
            413            480        144.472       0.231351       0.250127
            414            383        313.191       0.449864       0.250127
            415            506        61.9184       0.109027       0.250127
            416            489        42.5496      0.0800482       0.250127
            417            569        51.4616      0.0829408       0.250127
            418            450         228.88       0.337144       0.250127
            419            487        134.977       0.217013       0.250127
            420            553        103.879        0.15814       0.250127
            421            454        129.026       0.221303       0.250127
            422            425         147.22       0.257279       0.250127
            423            392        245.269       0.384875       0.250127
            424            465        315.676       0.404362       0.250127
            425            475         218.54       0.315108       0.250127
            426            434        126.298       0.225412       0.250127
            427            596        112.694       0.159017       0.250127
            428            387        321.337        0.45365       0.250127
            429            491        281.122        0.36409       0.250127
            430            382        157.405       0.291812       0.250127
            431            412        188.997       0.314472       0.250127
            432            122        409.941       0.770651       0.862149
            433             47        387.961       0.891944       0.862149
            434            117        914.009       0.886519       0.862149
            435             35        995.524       0.966037       0.862149
            436             18        676.155       0.974069       0.862149
            437             41        780.242       0.950076       0.862149
            438             86         703.63       0.891088       0.862149
            439            -40        623.544        1.06855       0.862149
            440             43        755.815        0.94617       0.862149
            441              2        814.573       0.997551       0.862149
            442              3        581.359       0.994866       0.862149
            443              7        574.505       0.987962       0.862149
            444             52        566.893       0.915979       0.862149
            445              6        666.718       0.991081       0.862149
            446             28        611.019       0.956183       0.862149
            447             63        660.543       0.912928       0.862149
            448             29        594.806       0.953511       0.862149
            449            149        477.174       0.762047       0.862149
            450            127        824.873       0.866579       0.862149
            451            174        474.834       0.731826       0.862149
            452            142        445.669       0.758367       0.862149
            453            138        562.523       0.803004       0.862149
            454            292        343.629       0.540612       0.250127
            455            575         218.18        0.27507       0.250127
            456            640         85.296       0.117602       0.250127
            457            493        136.695       0.217082       0.250127
            458            458        188.171        0.29121       0.250127
            459            249        374.814       0.600842       0.862149
            460            124        469.514       0.791075       0.862149
            461            194        509.562        0.72426       0.862149
            462             84        661.058       0.887257       0.862149
            463            164         524.97       0.761963       0.862149
            464            143        624.455        0.81367       0.862149
            465            105        533.572       0.835571       0.862149
            466            193        754.775       0.796365       0.862149
            467            115        519.436       0.818737       0.862149
            468            120        560.368       0.823625       0.862149
            469             68        684.475       0.909632       0.862149
            470             44        595.602       0.931207       0.862149
            471             15        665.796       0.977967       0.862149
            472             63        640.543       0.910453       0.862149
            473            133        610.591       0.821138       0.862149
            474            122        701.941       0.851931       0.862149
            475            152        529.533       0.776973       0.862149
            476            171        667.474       0.796058       0.862149
            477             78        593.339       0.883814       0.862149
            478             29        600.806       0.953954       0.862149
            479            130        534.232       0.804285       0.862149
            480            163        387.183       0.703735       0.862149
            481             76        579.766       0.884105       0.862149
            482            103        897.999       0.897103       0.862149
            483            143        839.455       0.854446       0.862149
            484             88        743.203       0.894129       0.862149
            485             23        746.087       0.970094       0.862149
            486             98        782.067       0.888645       0.862149
            487            132        616.805       0.823719       0.862149
            488             69        664.262         0.9059       0.862149
            489             17        634.369       0.973901       0.862149
            490            138        749.523       0.844511       0.862149
            491            187        739.057       0.798069       0.862149
            492            240        651.736       0.730862       0.862149
            493            207        888.785       0.811094       0.862149
            494             85        785.844       0.902394       0.862149
            495            108        536.931        0.83254       0.862149
            496            118        677.795       0.851721       0.862149
            497            153        718.319       0.824404       0.862149
            498            109        554.718       0.835774       0.862149
            499            158        425.251       0.729105       0.862149
            500            139        41.3096       0.229104       0.250127
            501            159        641.038       0.801259       0.862149
            502            172        602.261       0.777853       0.862149
            503            161         538.61       0.769872       0.862149
            504            131        419.018       0.761826       0.862149
            505            151        467.746       0.755958       0.862149
            506             54        400.466       0.881179       0.862149
            507            158        565.251       0.781542       0.862149
            508            125          518.3       0.805689       0.862149
            509             85        645.844       0.883696       0.862149
            510             63        688.543       0.916172       0.862149
            511             49        869.534       0.946654       0.862149
            512             62        570.757       0.902016       0.862149
            513             22        675.301        0.96845       0.862149
            514             36         587.31       0.942244       0.862149
            515             79        662.126       0.893405       0.862149
            516              0            467              1       0.862149
            517             60        673.184       0.918165       0.862149
            518             96        614.494       0.864883       0.862149
            519             61         519.97       0.895003       0.862149
            520            -19        625.058        1.03135       0.862149
            521             96        619.494       0.865827       0.862149
            522              3        746.359       0.995997       0.862149
            523             62        696.757       0.918287       0.862149
            524            104        708.786       0.872045       0.862149
            525             14         769.01        0.98212       0.862149
            526             76        695.766       0.901525       0.862149
            527             15        604.796       0.975798       0.862149
            528             39         654.67       0.943777       0.862149
            529            128        724.659       0.849881       0.862149
            530            110        627.504       0.850848       0.862149
            531             93        719.135       0.885487       0.862149
            532             38        640.883       0.944026       0.862149
            533             37        734.097       0.952016       0.862149
            534             84        607.058       0.878447       0.862149
            535            -40        712.544        1.05948       0.862149
            536             54        692.466       0.927659       0.862149
            537              2        657.573       0.996968       0.862149
            538             25         692.66       0.965165       0.862149
            539             98        781.067       0.888518       0.862149
            540             77        700.553       0.900971       0.862149
            541            135        621.164       0.821467       0.862149
            542            106        868.358        0.89121       0.862149
            543             35        731.524       0.954339       0.862149
            544              7        670.505       0.989668       0.862149
            545             30        679.592       0.957722       0.862149
            546             91        756.562       0.892633       0.862149
            547             60        668.184       0.917603       0.862149
            548             79        650.126       0.891651       0.862149
            549             50         621.32        0.92552       0.862149
            550             13        571.223       0.977748       0.862149
            551             78        601.339       0.885183       0.862149
            552             28        849.019       0.968074       0.862149
            553             32        551.165       0.945127       0.862149
            554             32        689.165       0.955627       0.862149
            555             27        600.233       0.956954       0.862149
            556             32        667.165       0.954231       0.862149
            557             74        625.194       0.894164       0.862149
            558            336         293.23       0.466014       0.862149
            559            125          644.3       0.837515       0.862149
            560            -21        667.486        1.03248       0.862149
            561            154        574.106       0.788492       0.862149
            562            391        271.482       0.409796       0.250127
            563            504        241.346       0.323804       0.250127
            564            424        145.434         0.2554       0.250127
            565            392        130.269       0.249429       0.250127
            566            360        149.104       0.292875       0.250127
            567            521        176.714       0.253276       0.250127
            568            454        226.026       0.332378       0.250127
            569            457        226.385        0.33127       0.250127
            570            631        236.218       0.272386       0.250127
            571            588        137.403       0.189416       0.250127
            572            619        111.782       0.152962       0.250127
            573            654        125.306       0.160791       0.250127
            574            513        176.423         0.2559       0.250127
            575            656        139.878       0.175753       0.250127
            576            588        165.403       0.219541       0.250127
            577            574        35.3936        0.05808       0.250127
            578            564         111.53         0.1651       0.250127
            579            692        85.1888       0.109611       0.250127
            580            620        223.568       0.265027       0.250127
            581            515        120.996       0.190246       0.250127
            582            415        302.356       0.421487       0.250127
            583            594        127.122       0.176283       0.250127
            584            509        179.278       0.260473       0.250127
            585            528        122.219       0.187966       0.250127
            586            706        105.198       0.129683       0.250127
            587            429        166.366       0.279434       0.250127
            588            270        263.328       0.493745       0.250127
            589            463        324.103       0.411767       0.250127
            590            326        118.366       0.266371       0.250127
            591            685        106.684       0.134756       0.250127
            592            442        208.589       0.320615       0.250127
            593            421        142.074       0.252319       0.250127
            594            385        152.764       0.284073       0.250127
            595            425         145.22       0.254674       0.250127
            596            208        387.571       0.650755       0.862149
            597             72        568.621       0.887609       0.862149
            598             16        609.582       0.974424       0.862149
            599             44        692.602       0.940266       0.862149
            600             94        572.922       0.859054       0.862149
            601             51        522.106       0.911011       0.862149
            602             83        571.271       0.873141       0.862149
            603             47        675.961        0.93499       0.862149
            604             71        695.834       0.907412       0.862149
            605              9        679.078        0.98692       0.862149
            606             35        715.524       0.953366       0.862149
            607             50         789.32       0.940428       0.862149
            608             50         515.32       0.911555       0.862149
            609             29        539.806       0.949016       0.862149
            610            159        666.038       0.807282       0.862149
            611             49        579.534       0.922041       0.862149
            612             26        589.446       0.957754       0.862149
            613             39         707.67       0.947768       0.862149
            614             90        596.776       0.868953       0.862149
            615             54        716.466       0.929913       0.862149
            616             92        710.349       0.885337       0.862149
            617             57        552.825       0.906531       0.862149
            618              4        658.146       0.993959       0.862149
            619             -4        575.854        1.00699       0.862149
            620             60        683.184       0.919266       0.862149
            621            -17        660.631        1.02641       0.862149
            622             79        601.126       0.883845       0.862149
            623              7        541.505       0.987238       0.862149
            624            124        758.514       0.859492       0.862149
            625            125          623.3       0.832955       0.862149
            626            193        501.775       0.722212       0.862149
            627            109        610.718       0.848552       0.862149
            628             59        580.398       0.907726       0.862149
            629            119        663.582       0.847939       0.862149
            630            -29        569.194        1.05368       0.862149
            631              1        499.786       0.998003       0.862149
            632             87        803.417       0.902293       0.862149
            633             49        661.534       0.931038       0.862149
            634            163        576.183       0.779486       0.862149
            635             75         656.98       0.897538       0.862149
            636            175         607.62       0.776392       0.862149
            637             37        551.097       0.937085       0.862149
            638             44        747.602       0.944416       0.862149
            639             75         581.98       0.885841       0.862149
            640            143        653.455       0.820454       0.862149
            641            227        428.513       0.653706       0.862149
            642            390        179.696       0.315424       0.250127
            643            199        600.494       0.751092       0.862149
            644             54        578.466        0.91462       0.862149
            645            100         688.64       0.873199       0.862149
            646             21        532.514       0.962061       0.862149
            647            149        514.174       0.775323       0.862149
            648             87        746.417        0.89561       0.862149
            649            161         565.61       0.778423       0.862149
            650            427        190.793        0.30883       0.250127
            651            460        117.744         0.2038       0.250127
            652            337        218.017       0.392811       0.250127
            653            405        280.492       0.409183       0.250127
            654            392        220.269       0.359758       0.250127
            655            379        250.046         0.3975       0.250127
            656            484        122.618       0.202133       0.250127
            657            410        235.424       0.364759       0.250127
            658            358        176.531       0.330254       0.250127
            659            425          69.22       0.140059       0.250127
            660            372        18.5408      0.0474747       0.250127
            661            439        92.2296       0.173615       0.250127
            662            507        137.705       0.213594       0.250127
            663            537        157.297       0.226556       0.250127
            664            421        128.074       0.233255       0.250127
            665            470        123.608       0.208232       0.250127
            666            426        142.006       0.250008       0.250127
            667            392        226.269       0.365972       0.250127
            668            433        185.511       0.299932       0.250127
            669            530        183.792       0.257487       0.250127
            670            540        153.656       0.221516       0.250127
            671            573        280.607       0.328731       0.250127
            672            423        249.647       0.371141       0.250127
            673            438        135.443       0.236193       0.250127
            674            405        211.492       0.343057       0.250127
            675            508        158.491       0.237799       0.250127
            676            460        267.744        0.36791       0.250127
            677            583        240.471       0.292021       0.250127
            678            562        155.957       0.217223       0.250127
            679            467        120.249       0.204766       0.250127
            680            442        168.589       0.276109       0.250127
            681            475         160.54       0.252604       0.250127
            682            403        164.919       0.290392       0.250127
            683            417        267.929       0.391178       0.250127
            684            447        232.521       0.342183       0.250127
            685            375           82.9       0.181044       0.250127
            686            455        244.812       0.349825       0.250127
            687            326        134.366       0.291868       0.250127
            688            464        77.8896       0.143737       0.250127
            689            342        209.949       0.380377       0.250127
            690            445        167.948          0.274       0.250127
            691            438        63.4432       0.126521       0.250127
            692            398        232.987       0.369242       0.250127
            693            445        262.948       0.371423       0.250127
            694            234        369.018       0.611952       0.862149
            695            126        612.086       0.829288       0.862149
            696            120        644.368       0.843008       0.862149
            697            161         595.61       0.787209       0.862149
            698            123        607.727       0.831675       0.862149
            699            137        754.737       0.846367       0.862149
            700            120        685.368          0.851       0.862149
            701            125          608.3       0.829538       0.862149
            702             24        568.874       0.959519       0.862149
            703             64         693.33       0.915493       0.862149
            704             60        623.184       0.912176       0.862149
            705             35        673.524       0.950602       0.862149
            706             42        752.029       0.947105       0.862149
            707             86         651.63        0.88341       0.862149
            708             31        770.378       0.961317       0.862149
            709             49        858.534       0.946008       0.862149
            710            126        648.086       0.837227       0.862149
            711             -6        771.282        1.00784       0.862149
            712            104        689.786       0.868982       0.862149
            713             68        581.475         0.8953       0.862149
            714             69        757.262       0.916491       0.862149
            715            125          753.3        0.85768       0.862149
            716            112        682.077       0.858956       0.862149
            717             80        739.912       0.902429       0.862149
            718             55        805.252       0.936065       0.862149
            719             45        745.388       0.943066       0.862149
            720            189         800.63       0.809019       0.862149
            721             91        618.562       0.871752       0.862149
            722            110        733.504       0.869592       0.862149
            723             69        676.262       0.907415       0.862149
            724             62        639.757        0.91165       0.862149
            725            104        742.786       0.877183       0.862149
            726            410        963.424       0.701476       0.862149
            727            407        860.065       0.678785       0.862149
            728            526        791.646       0.600803       0.862149
            729            526        764.646       0.592452       0.862149
            730            534        887.938       0.624456       0.862149
            731            507        740.705       0.593654       0.862149
            732            509        717.278       0.584923       0.862149
            733            419        868.502       0.674564       0.862149
            734            420        885.288       0.678232       0.862149
            735            498        917.627       0.648212       0.862149
            736            499        675.414       0.575107       0.862149
            737            559        844.598       0.601738       0.862149
            738            341        834.162       0.709827       0.862149
            739            430        734.152       0.630632       0.862149
            740            449        875.094         0.6609       0.862149
            741            577        754.753       0.566736       0.862149
            742            768        814.955       0.514831       0.250127
            743            720        534.208       0.425933       0.250127
            744            935        132.284       0.123945       0.250127
            745            891        215.682       0.194891       0.250127
            746            894        251.042       0.219242       0.250127
            747            882        257.605       0.226047       0.250127
            748            928        206.779        0.18222       0.250127
            749            778        385.819       0.331511       0.250127
            750            873        233.527       0.211045       0.250127
            751            836         291.43       0.258491       0.250127
            752            888        127.323       0.125402       0.250127
            753            868        252.595       0.225412       0.250127
            754            807        229.625       0.221512       0.250127
            755            540        666.656       0.552482       0.250127
            756            875          458.1       0.343635       0.250127
            757            863        395.663       0.314352       0.250127
            758            882        290.605       0.247828       0.250127
            759            753        244.159       0.244855       0.250127
            760            874        356.314       0.289612       0.250127
            761            766        246.382       0.243369       0.250127
            762            860        207.304       0.194231       0.250127
            763            841        273.362       0.245308       0.250127
            764            923        365.847       0.283856       0.250127
            765            910        335.624       0.269442       0.250127
            766            908        369.051       0.288987       0.250127
            767            753        373.159       0.331356       0.250127
            768            805        341.052       0.297589       0.250127
            769            979        82.8856      0.0780551       0.250127
            770            757        289.305       0.276501       0.250127
            771            737        294.577        0.28556       0.250127
            772            948        198.507       0.173141       0.250127
            773            897        213.401       0.192184       0.250127
            774            911         274.41        0.23149       0.250127
            775            720        357.208       0.331605       0.250127
            776            926        242.206       0.207332       0.250127
            777            817        274.489       0.251481       0.250127
            778            971        213.594        0.18031       0.250127
            779           1017        198.769       0.163492       0.250127
            780            753        256.159       0.253834       0.250127
            781            959        222.158       0.188085       0.250127
            782            862        169.877       0.164629       0.250127
            783            869        130.382       0.130462       0.250127
            784           1283        172.951       0.118789       0.250127
            785            694        137.762       0.165626       0.250127
            786            553        60.8792      0.0991713       0.250127
            787            436         146.87       0.251978       0.250127
            788            530        201.792        0.27575       0.250127
            789            480         51.472       0.096848       0.250127
            790            477        75.1128       0.136046       0.250127
            791            495        104.268       0.173992       0.250127
            792            460        102.744       0.182577       0.250127
            793            384        40.9776       0.096423       0.250127
            794            367        150.609        0.29097       0.250127
            795            590        114.976       0.163092       0.250127
            796            485         83.404       0.146734       0.250127
            797            509        204.278       0.286393       0.250127
            798            510        189.064       0.270453       0.250127
            799            681        225.538       0.248791       0.250127
            800            357        287.745       0.446293       0.250127
            801            399        178.774       0.309418       0.250127
            802            463        94.1032       0.168915       0.250127
            803            556        119.238       0.176587       0.250127
            804            456        88.5984       0.162686       0.250127
            805            413        110.783       0.211506       0.250127
            806            392        112.269       0.222637       0.250127
            807            467        163.249       0.259023       0.250127
            808            486         202.19         0.2938       0.250127
            809            440        123.016       0.218495       0.250127
            810            499        54.4136      0.0983236       0.250127
            811            437        74.6568       0.145912       0.250127
            812            438        93.4432       0.175829       0.250127
            813            124        687.514       0.847199       0.862149
            814            138        900.523       0.867119       0.862149
            815            141        699.882       0.832319       0.862149
            816            126        587.086       0.823303       0.862149
            817            114         608.65       0.842247       0.862149
            818            150         688.96       0.821207       0.862149
            819            192        474.989       0.712139       0.862149
            820            116        642.222       0.847011       0.862149
            821            137        731.737         0.8423       0.862149
            822            129        642.446       0.832781       0.862149
            823            184        752.698       0.803565       0.862149
            824             65        800.116       0.924866       0.862149
            825            178        328.979       0.648901       0.862149
            826            537        182.297       0.253438       0.250127
            827            418        93.7152       0.183139       0.250127
            828            408        200.851       0.329886       0.250127
            829            426        111.006       0.206713       0.250127
            830            405        178.492       0.305903       0.250127
            831            438        135.443       0.236193       0.250127
            832            482        188.045       0.280645       0.250127
            833            485        116.404       0.193554       0.250127
            834            536         140.51       0.207699       0.250127
            835            431        218.938        0.33686       0.250127
            836            376        273.686       0.421259       0.250127
            837            411         158.21       0.277947       0.250127
            838            320        215.648       0.402593       0.250127
            839            502        229.773       0.313995       0.250127
            840            363        189.463       0.342943       0.250127
            841            448        268.307        0.37457       0.250127
            842            520        171.928       0.248477       0.250127
            843            351        154.026       0.304987       0.250127
            844            460        215.744       0.319269       0.250127
            845            447        88.5208       0.165299       0.250127
            846            429        229.366       0.348386       0.250127
            847            396        183.414       0.316551       0.250127
            848            396        221.414       0.358616       0.250127
            849            395        211.628        0.34886       0.250127
            850            461         106.53       0.187709       0.250127
            851            498        93.6272       0.158254       0.250127
            852            538        80.0832       0.129567       0.250127
            853            610        124.704       0.169734       0.250127
            854            580         99.112       0.145944       0.250127
            855            506        142.918       0.220241       0.250127
            856            493        63.6952       0.114417       0.250127
            857            526        98.6464       0.157924       0.250127
            858            618        214.995       0.258099       0.250127
            859            688        203.043       0.227871       0.250127
            860            550         151.52       0.215988       0.250127
            861            555        249.452       0.310089       0.250127
            862            427        120.793       0.220508       0.250127
            863            422        100.861       0.192902       0.250127
            864            382        257.405       0.402569       0.250127
            865            491        217.122       0.306617       0.250127
            866            580        146.112       0.201225       0.250127
            867            338        184.803       0.353485       0.250127
            868            556        144.238       0.205985       0.250127
            869            701        140.266       0.166732       0.250127
            870            546        71.3744        0.11561       0.250127
            871            546        58.3744      0.0965865       0.250127
            872            522        49.5008      0.0866155       0.250127
            873            464         122.89       0.209391       0.250127
            874            433       -55.4888      -0.146986       0.250127
            875            470        112.608       0.193283       0.250127
            876            303        332.279       0.523044       0.250127
            877             87        866.417       0.908749       0.862149
            878            -49        601.466        1.08869       0.862149
            879             48        662.747       0.932465       0.862149
            880            152        587.533       0.794465       0.862149
            881            123        516.727       0.807731       0.862149
            882            148        565.387       0.792539       0.862149
            883            127        651.873       0.836944       0.862149
            884            169        499.902       0.747347       0.862149
            885            162        578.397       0.781198       0.862149
            886            134        536.378       0.800113       0.862149
            887            152        459.533       0.751444       0.862149
            888            162        602.397       0.788068       0.862149
            889             66        618.902       0.903636       0.862149
            890             76        797.766        0.91302       0.862149
            891             38        705.883       0.948917       0.862149
            892             36         558.31       0.939426       0.862149
            893             34        555.738       0.942347       0.862149
            894             38        698.883       0.948431       0.862149
            895             68        648.475       0.905091       0.862149
            896            -17        634.631        1.02752       0.862149
            897            125          657.3       0.840215       0.862149
            898             49        568.534       0.920652       0.862149
            899            148        622.387       0.807889       0.862149
            900             68        652.475       0.905618       0.862149
            901              2        496.573       0.995989       0.862149
            902             46        528.174       0.919885       0.862149
            903            135        623.164       0.821938       0.862149
            904              2        789.573       0.997473       0.862149
            905             44        686.602       0.939776       0.862149
            906             21        571.514       0.964558       0.862149
            907             33        664.951       0.952719       0.862149
            908             32        735.165       0.958288       0.862149
            909             29        655.806       0.957652       0.862149
            910             92        684.349       0.881497       0.862149
            911             22        617.301       0.965587       0.862149
            912            104        554.786       0.842134       0.862149
            913             57        517.825       0.900839       0.862149
            914            168        713.115       0.809333       0.862149
            915            126        551.086       0.813909       0.862149
            916            100         566.64       0.849994       0.862149
            917            168        545.115       0.764414       0.862149
            918            124        964.514       0.886083       0.862149
            919            137        955.737       0.874627       0.862149
            920            137        1016.74       0.881255       0.862149
            921             37        541.097       0.935997       0.862149
            922             57        573.825       0.909642       0.862149
            923             38        772.883       0.953138       0.862149
            924             85        542.844       0.864616       0.862149
            925             62        603.757       0.906873       0.862149
            926             88        689.203       0.886773       0.862149
            927             76        956.766       0.926411       0.862149
            928             47        889.961       0.949838       0.862149
            929            126        610.086       0.828824       0.862149
            930            124        735.514       0.855732       0.862149
            931             72        630.621       0.897527       0.862149
            932              1        706.786       0.998587       0.862149
            933             59        772.398       0.929035       0.862149
            934            125          585.3       0.824018       0.862149
            935             81        589.698        0.87923       0.862149
            936              8        798.291       0.990078       0.862149
            937             57        699.825       0.924685       0.862149
            938             90        600.776       0.869712       0.862149
            939            105        621.572       0.855486       0.862149
            940            129        780.446       0.858155       0.862149
            941            128        854.659       0.869741       0.862149
            942             75         654.98       0.897257       0.862149
            943             67        684.689       0.910867       0.862149
            944             38        666.883        0.94609       0.862149
            945             42        780.029       0.948907       0.862149
            946            113        815.863       0.878346       0.862149
            947             75         747.98       0.908868       0.862149
            948             33        690.951       0.954417       0.862149
            949             39         937.67       0.960068       0.862149
            950             65        820.116       0.926563       0.862149
            951            113        703.863       0.861666       0.862149
            952            160        576.824       0.782852       0.862149
            953            159        538.038       0.771892       0.862149
            954            103        638.999       0.861186       0.862149
            955             92        613.349       0.869568       0.862149
            956            196        408.134       0.675569       0.862149
            957            111         550.29       0.832146       0.862149
            958            107        570.145       0.841984       0.862149
            959             67        621.689       0.902714       0.862149
            960            104        499.786       0.827753       0.862149
            961            124        702.514       0.849972       0.862149
            962             71        599.834       0.894162       0.862149
            963            122        618.941       0.835344       0.862149
            964             93        738.135       0.888105       0.862149
            965            129        704.446       0.845221       0.862149
            966             36         666.31       0.948741       0.862149
            967            153        966.319        0.86331       0.862149
            968            166        569.542       0.774316       0.862149
            969            131        476.018       0.784191       0.862149
            970            222        496.581       0.691058       0.862149
            971            128        711.659       0.847557       0.862149
            972            143        807.455       0.849546       0.862149
            973            100         620.64       0.861234       0.862149
            974            102        575.213       0.849383       0.862149
            975            111         828.29       0.881826       0.862149
            976            157        707.465       0.818385       0.862149
            977            100         863.64       0.896227       0.862149
            978            205        395.212       0.658454       0.862149
            979             88        624.203        0.87644       0.862149
            980            125          790.3       0.863433       0.862149
            981             84        396.058       0.825021       0.862149
            982             77        690.553       0.899681       0.862149
            983            107        615.145        0.85183       0.862149
            984            279        247.406        0.46999       0.250127
            985            485         15.404      0.0307831       0.250127
            986            519        -0.8584    -0.00165669       0.250127
            987            482        157.045       0.245749       0.250127
            988            556        84.2384       0.131573       0.250127
            989            555         40.452      0.0679349       0.250127
            990            559        15.5976      0.0271453       0.250127
            991            427        102.793       0.194025       0.250127
            992            450         147.88       0.247341       0.250127
            993            403        192.919       0.323734       0.250127
            994            434        222.298       0.338715       0.250127
            995            497        252.841       0.337193       0.250127
            996            361         137.89       0.276394       0.250127
            997            415        122.356         0.2277       0.250127
            998            494        262.482       0.346977       0.250127
            999            443        199.375       0.310372       0.250127
           1000            358        197.531       0.355572       0.250127
           1001            441        118.802       0.212222       0.250127
           1002            389         153.91        0.28349       0.250127
           1003            346        297.094       0.461976       0.250127
           1004            620        258.568       0.294306       0.250127
           1005            385        192.764       0.333638       0.250127
           1006            225         884.94       0.797286       0.862149
           1007             58        776.611       0.930507       0.862149
           1008             68        701.475       0.911628       0.862149
           1009             26        1041.45       0.975643       0.862149
           1010             33        897.951       0.964552       0.862149
           1011            139        1014.31       0.879477       0.862149
           1012            102        657.213        0.86565       0.862149
           1013            170        1131.69         0.8694       0.862149
           1014            104        796.786       0.884545       0.862149
           1015            191        811.202        0.80942       0.862149
           1016            206        704.998       0.773874       0.862149
           1017             41        722.242       0.946282       0.862149
           1018            163        690.183       0.808951       0.862149
           1019            131        615.018       0.824401       0.862149
           1020             16        679.582       0.976998       0.862149
           1021             70        717.048        0.91106       0.862149
           1022            108        649.931       0.857507       0.862149
           1023              3        730.359       0.995909       0.862149
           1024             45        594.388        0.92962       0.862149
           1025             59        718.398       0.924106       0.862149
           1026             32        707.165       0.956708       0.862149
           1027             56        797.038       0.934352       0.862149
           1028             52        836.893         0.9415       0.862149
           1029             15        679.796       0.978411       0.862149
           1030             47        782.961       0.943371       0.862149
           1031             67        1000.69       0.937248       0.862149
           1032             21        825.514       0.975192       0.862149
           1033             20        750.728       0.974051       0.862149
           1034             41        798.242       0.951146       0.862149
           1035             18        891.155       0.980201       0.862149
           1036             27        709.233       0.963327       0.862149
           1037            207        757.785       0.785444       0.862149
           1038            114         420.65       0.786776       0.862149
           1039            130        641.232       0.831439       0.862149
           1040            147        681.601       0.822592       0.862149
           1041            110        571.504       0.838592       0.862149
           1042             31        666.378       0.955548       0.862149
           1043            311         187.57       0.376216       0.250127
           1044            348        111.667       0.242931       0.250127
           1045            393        214.055       0.352612       0.250127
           1046            416        228.142        0.35418       0.250127
           1047            462        269.317       0.368263       0.250127
           1048            509        198.278       0.280339       0.250127
           1049            446        255.734       0.364432       0.250127
           1050            403        169.919       0.296585       0.250127
           1051            427        104.793       0.197056       0.250127
           1052            310        230.784       0.426758       0.250127
           1053            386         146.55       0.275186       0.250127
           1054            515         50.996      0.0900996       0.250127
           1055            373        234.327       0.385834       0.250127
           1056            459        186.958       0.289427       0.250127
           1057            491        189.122       0.278071       0.250127
           1058            393        240.055       0.379201       0.250127
           1059            373        293.327       0.440215       0.250127
           1060            395        149.628       0.274734       0.250127
           1061            479        138.686       0.224525       0.250127
           1062            406        26.2784      0.0607905       0.250127
           1063            450          78.88       0.149145       0.250127
           1064            512        209.637       0.290502       0.250127
           1065            458        107.171       0.189626       0.250127
           1066            496        97.0544       0.163652       0.250127
           1067            439         144.23       0.247295       0.250127
           1068            581        168.898       0.225228       0.250127
           1069            432        64.7248       0.130303       0.250127
           1070            365        140.036       0.277279       0.250127
           1071            437        260.657       0.373618       0.250127
           1072            365        169.036       0.316525       0.250127
           1073            428        325.579       0.432044       0.250127
           1074            484        231.618       0.323661       0.250127
           1075            328        178.939        0.35298       0.250127
           1076            396        201.414       0.337144       0.250127
           1077            303        232.279        0.43394       0.250127
           1078            350         122.24       0.258851       0.250127
           1079            405        147.492       0.266958       0.250127
           1080            504        86.3456       0.146263       0.250127
           1081            502        29.7728      0.0559878       0.250127
           1082            493        86.6952       0.149553       0.250127
           1083            498        71.6272       0.125744       0.250127
           1084            527       -53.5672      -0.113146       0.250127
           1085            546        22.3744      0.0393656       0.250127
           1086            383        70.1912       0.154882       0.250127
           1087            475         140.54        0.22832       0.250127
           1088            336         207.23       0.381478       0.250127
           1089            377        59.4728       0.136258       0.250127
