              0            848         279.92       0.248174       0.265966
              1            641         551.39       0.462424       0.265966
              2            168        1140.72        0.87163       0.879222
              3            134        1260.86       0.903933       0.879222
              4            107        1534.53       0.934817       0.879222
              5            247        1543.13       0.862021       0.879222
              6             36        1556.44       0.977393       0.879222
              7             72        1483.88       0.953724       0.879222
              8            122        1690.38       0.932685       0.879222
              9             72        1525.88        0.95494       0.879222
             10             15        1496.85       0.990078       0.879222
             11            129        1197.91       0.902782       0.879222
             12             95        1232.05       0.928413       0.879222
             13             71        1168.09         0.9427       0.879222
             14            725         732.75       0.502658       0.265966
             15            633         447.07       0.413927       0.265966
             16            876         388.04       0.306984       0.265966
             17            866         256.14        0.22826       0.265966
             18            677         403.83        0.37363       0.265966
             19            803         234.37       0.225927       0.265966
             20            486         869.94       0.641577       0.879222
             21             71        1572.09       0.956789       0.879222
             22             49        1382.71       0.965775       0.879222
             23            178        1311.62       0.880506       0.879222
             24            186        1477.94       0.888217       0.879222
             25            150         1450.5       0.906279       0.879222
             26            608         657.32       0.519489       0.265966
             27            967         197.93       0.169907       0.265966
             28            791         331.89       0.295568       0.265966
             29            881         385.99       0.304651       0.265966
             30            810          272.9       0.252008       0.265966
             31            329         658.91       0.666974       0.879222
             32             89        1036.31       0.920911       0.879222
             33            439         951.81       0.684357       0.879222
             34            937         230.23       0.197245       0.265966
             35            238        1161.02       0.829881       0.879222
             36            824         250.96        0.23346       0.265966
             37            777         306.83       0.283098       0.265966
             38            681         454.99       0.400523       0.265966
             39            753         318.87       0.297489       0.265966
             40            836         292.44       0.259154       0.265966
             41            792         425.68       0.349583       0.265966
             42            656         345.24       0.344812       0.265966
             43            728         311.12       0.299407       0.265966
             44            793         415.47       0.343798       0.265966
             45            135        1354.65       0.909375       0.879222
             46            116        1056.64       0.901078       0.879222
             47            177        1140.83       0.865688       0.879222
             48            600            604       0.501661       0.265966
             49            939         308.81       0.247482       0.265966
             50            225         832.75       0.787284       0.879222
             51            285         965.15       0.772027       0.879222
             52            644         206.76        0.24303       0.265966
             53            393         985.47       0.714901       0.879222
             54            184        1368.36       0.881471       0.879222
             55            358        1020.82       0.740358       0.879222
             56            925         258.75       0.218585       0.265966
             57            831         214.49       0.205157       0.265966
             58            876         271.04       0.236295       0.265966
             59            196        1085.84       0.847095       0.879222
             60             96        1272.84       0.929868       0.879222
             61            144        1575.76       0.916267       0.879222
             62             83        1276.57       0.938951       0.879222
             63            149        1192.71       0.888948       0.879222
             64            303         957.37       0.759594       0.879222
             65            862         266.98       0.236479       0.265966
             66            664         417.56       0.386072       0.265966
             67            857         111.03       0.114697       0.265966
             68            693         540.47        0.43817       0.265966
             69            116        1208.64       0.912429       0.879222
             70            133         936.07       0.875593       0.879222
             71            521         804.59       0.606967       0.879222
             72            968         255.72       0.208969       0.265966
             73            862         465.98       0.350894       0.265966
             74            753         322.87       0.300101       0.265966
             75            903         221.37       0.196884       0.265966
             76            865         339.35        0.28177       0.265966
             77            838         375.02       0.309162       0.265966
             78            221        1238.59       0.848588       0.879222
             79             47        1152.13       0.960805       0.879222
             80             75        1175.25       0.940012       0.879222
             81            158        1412.82       0.899416       0.879222
             82             92        1602.68       0.945712       0.879222
             83            129        1582.91       0.924646       0.879222
             84            193        1527.47       0.887821       0.879222
             85            175        1498.25       0.895413       0.879222
             86            205        1542.95        0.88272       0.879222
             87            122        1274.38       0.912631       0.879222
             88             67        1307.93        0.95127       0.879222
             89            101        1256.79       0.925614       0.879222
             90            139        1407.81       0.910138       0.879222
             91            273        1005.67       0.786497       0.879222
             92            794         352.26       0.307312       0.265966
             93            936         278.44       0.229274       0.265966
             94            789         248.31       0.239379       0.265966
             95            901         325.79       0.265563       0.265966
             96            718         286.22       0.285017       0.265966
             97            119        1095.01       0.901978       0.879222
             98             79        1368.41        0.94542       0.879222
             99            383         964.57       0.715785       0.879222
            100            819         125.01       0.132424       0.265966
            101            681         110.99       0.140141       0.265966
            102            841         198.39       0.190872       0.265966
            103            812         241.48       0.229221       0.265966
            104            889         303.31       0.254389       0.265966
            105            782         357.78       0.313903       0.265966
            106            522         527.38       0.502563       0.265966
            107            143        1621.97       0.918979       0.879222
            108            162        1314.98       0.890317       0.879222
            109            154        1383.66       0.899848       0.879222
            110            213        1585.27       0.881553       0.879222
            111             84        1578.36       0.949469       0.879222
            112            206        1638.74       0.888331       0.879222
            113            109        1328.11       0.924153       0.879222
            114            144        1557.76       0.915382       0.879222
            115            104        1494.16       0.934925       0.879222
            116            239         995.81       0.806448       0.879222
            117            933         268.07       0.223193       0.265966
            118            458         818.82       0.641296       0.879222
            119            102        1326.58         0.9286       0.879222
            120            615         727.85       0.542019       0.265966
            121            655         429.45       0.396007       0.265966
            122            145        1476.55       0.910579       0.879222
            123             47        1067.13       0.957815       0.879222
            124            722         377.38       0.343266       0.265966
            125            902          96.58      0.0967173       0.265966
            126            645         289.55       0.309828       0.265966
            127            665         271.35       0.289795       0.265966
            128            908         136.32       0.130535       0.265966
            129            803         195.37       0.195689       0.265966
            130            745         309.55       0.293538       0.265966
            131            798         287.42       0.264801       0.265966
            132           1039         145.81       0.123066       0.265966
            133            780          168.2       0.177389       0.265966
            134            945         191.55       0.168536       0.265966
            135            752         125.08        0.14261       0.265966
            136            837         236.23       0.220111       0.265966
            137            787         180.73       0.186757       0.265966
            138            857         219.03       0.203554       0.265966
            139            794          33.26       0.040205       0.265966
            140            820          225.8       0.215911       0.265966
            141            926         409.54       0.306647       0.265966
            142            791         355.89       0.310309       0.265966
            143            693         523.47       0.430319       0.265966
            144            100           1282       0.927641       0.879222
            145            207        1463.53       0.876087       0.879222
            146             98        1361.42        0.93285       0.879222
            147            168        1334.72       0.888203       0.879222
            148            744         330.76       0.307752       0.265966
            149            797         222.63       0.218344       0.265966
            150            739         181.81       0.197446       0.265966
            151            826         169.54         0.1703       0.265966
            152            878         208.62        0.19199       0.265966
            153            706          95.74       0.119415       0.265966
            154            836         140.44       0.143829       0.265966
            155            976         167.04       0.146137       0.265966
            156            833         295.07       0.261571       0.265966
            157            613         201.27       0.247178       0.265966
            158            912         199.48       0.179472       0.265966
            159            806         146.74       0.154019       0.265966
            160            656         206.24       0.239191       0.265966
            161            623         244.17       0.281571       0.265966
            162            117        1384.43       0.922074       0.879222
            163             52        1607.08       0.968657       0.879222
            164            130         1653.7       0.927118       0.879222
            165            160         1362.4       0.894903       0.879222
            166            130         1664.7       0.927564       0.879222
            167            217        1878.43       0.896441       0.879222
            168            105        1534.95       0.935974       0.879222
            169             78        1581.62       0.953001       0.879222
            170            129        1799.91       0.933123       0.879222
            171             92        1553.68       0.944096       0.879222
            172            111        1527.69       0.932263       0.879222
            173             55        1370.45       0.961416       0.879222
            174            113        1401.27       0.925377       0.879222
            175            157        1673.03       0.914209       0.879222
            176            112        1281.48       0.919626       0.879222
            177            715         472.85       0.398072       0.265966
            178            954         141.66       0.129292       0.265966
            179            683         289.57       0.297737       0.265966
            180            926         509.54       0.354947       0.265966
            181            252        1665.08        0.86855       0.879222
            182            403         795.37        0.66371       0.879222
            183            723         287.17       0.284279       0.265966
            184            727         265.33       0.267381       0.265966
            185            758         270.82       0.263234       0.265966
            186            773         268.67       0.257922       0.265966
            187            866         183.14       0.174562       0.265966
            188            818         342.22       0.294961       0.265966
            189            795         296.05       0.271344       0.265966
            190            997         209.63       0.173732       0.265966
            191            962         279.98        0.22543       0.265966
            192            744         180.76       0.195467       0.265966
            193            853         347.87       0.289682       0.265966
            194            704         228.16       0.244765       0.265966
            195            811         271.69        0.25094       0.265966
            196            897         294.63        0.24725       0.265966
            197             71        1209.09       0.944535       0.879222
            198            203        1288.37       0.863884       0.879222
            199            476         670.04       0.584657       0.879222
            200            789         391.31       0.331532       0.265966
            201            635         583.65       0.478932       0.265966
            202            139        1426.81       0.911228       0.879222
            203             77        1403.83       0.948002       0.879222
            204             46        1660.34       0.973042       0.879222
            205             17        1340.43       0.987476       0.879222
            206            173        1557.67       0.900039       0.879222
            207             29        1410.91        0.97986       0.879222
            208            255        1014.45       0.799126       0.879222
            209           1009         277.11       0.215464       0.265966
            210            899         231.21       0.204573       0.265966
            211            662         315.98       0.323095       0.265966
            212            386        1126.94       0.744868       0.879222
            213            703         642.37       0.477467       0.265966
            214            817         398.43        0.32781       0.265966
            215             10          943.9       0.989517       0.879222
            216            246         913.34        0.78781       0.879222
            217            162        1449.98       0.899502       0.879222
            218            404         803.16        0.66533       0.879222
            219            725         271.75       0.272636       0.265966
            220            797         359.63       0.310929       0.265966
            221            884         348.36       0.282677       0.265966
            222            906         385.74        0.29862       0.265966
            223            651         766.29       0.540673       0.265966
            224            201        1344.79       0.869969       0.879222
            225             56        1144.24       0.953343       0.879222
            226            118        1678.22       0.934306       0.879222
            227             99        1288.21       0.928634       0.879222
            228            145        1364.55       0.903945       0.879222
            229            122        1241.38       0.910517       0.879222
            230             85        1388.15       0.942301       0.879222
            231            149        1259.71       0.894229       0.879222
            232             82        1366.78       0.943401       0.879222
            233            168        1161.72       0.873658       0.879222
            234            273        1298.67       0.826299       0.879222
            235            290         1010.1        0.77694       0.879222
            236             79        1426.41       0.947523       0.879222
            237            819         506.01       0.381891       0.265966
            238            217        1196.43       0.846473       0.879222
            239            124        1044.96       0.893923       0.879222
            240             61         950.19       0.939675       0.879222
            241            137         998.23        0.87932       0.879222
            242             97         995.63       0.911223       0.879222
            243             -5         832.05        1.00605       0.879222
            244            424         582.96       0.578931       0.879222
            245            992         287.68       0.224806       0.265966
            246            854         308.66       0.265477       0.265966
            247            911         468.69       0.339707       0.265966
            248            826         260.54       0.239789       0.265966
            249            550          635.5       0.536061       0.265966
            250             92         829.68       0.900182       0.879222
            251             18        1348.22       0.986825       0.879222
            252             81        1260.99       0.939642       0.879222
            253            193         858.47       0.816447       0.879222
            254            899         177.21       0.164661       0.265966
            255            873         416.67       0.323083       0.265966
            256            741         178.39       0.194031       0.265966
            257            865         437.35       0.335816       0.265966
            258            257         919.03       0.781468       0.879222
            259            373         585.67       0.610919       0.879222
            260            860          418.4       0.327284       0.265966
            261            935         381.65       0.289864       0.265966
            262            272         805.88       0.747653       0.879222
            263            388         744.52       0.657401       0.879222
            264            155         945.45       0.859149       0.879222
            265             91         907.89       0.908899       0.879222
            266            154         965.66       0.862458       0.879222
            267            114         873.06       0.884506       0.879222
            268            133         707.07        0.84168       0.879222
            269             46         642.34       0.933173       0.879222
            270            147        1147.13        0.88641       0.879222
            271            146         942.34       0.865851       0.879222
            272            109        1383.11       0.926949       0.879222
            273             45        1497.55       0.970828       0.879222
            274            142        1377.18       0.906529       0.879222
            275            183        1097.57       0.857095       0.879222
            276            125        1214.75       0.906699       0.879222
            277            139        1173.81        0.89412       0.879222
            278             75        1032.25       0.932265       0.879222
            279            179         882.41       0.831356       0.879222
            280            558         440.82       0.441341       0.265966
            281            791         374.89       0.321548       0.265966
            282            207         891.53       0.811566       0.879222
            283            740          641.6       0.464389       0.265966
            284            126         897.54       0.876898       0.879222
            285            126        1040.54       0.891988       0.879222
            286            128         967.12       0.883118       0.879222
            287             99         993.21       0.909358       0.879222
            288            110         1262.9       0.919878       0.879222
            289            145        1148.55       0.887905       0.879222
            290              9        1120.11       0.992029       0.879222
            291            114         954.06       0.893264       0.879222
            292            137        1365.23       0.908802       0.879222
            293            116        1103.64        0.90489       0.879222
            294            145        1055.55       0.879222       0.879222
            295            -10          957.1        1.01056       0.879222
            296            486         627.94       0.563711       0.265966
            297            751         314.29       0.295028       0.265966
            298            788         179.52       0.185547       0.265966
            299            923         252.17       0.214582       0.265966
            300            706         595.74       0.457649       0.265966
            301            891         298.89       0.251191       0.265966
            302           1004         327.16       0.245771       0.265966
            303            789         274.31       0.257977       0.265966
            304            879         485.41       0.355765       0.265966
            305            874         364.46       0.294285       0.265966
            306            806         311.74       0.278902       0.265966
            307             84        1038.36       0.925158       0.879222
            308             74        1098.46       0.936885       0.879222
            309             75        1036.25       0.932508       0.879222
            310            171        1079.09        0.86321       0.879222
            311            338         918.02       0.730896       0.879222
            312            843         400.97       0.322331       0.265966
            313            772         350.88       0.312482       0.265966
            314            813         370.27       0.312921       0.265966
            315            670          661.3       0.496733       0.265966
            316             42        1114.18       0.963673       0.879222
            317            115         955.85       0.892609       0.879222
            318             92        1218.68       0.929807       0.879222
            319             90          765.1       0.894749       0.879222
            320             91        1047.89       0.920098       0.879222
            321             93         905.47       0.906857       0.879222
            322             48         938.92       0.951364       0.879222
            323            120         1060.8       0.898374       0.879222
            324             85        1078.15       0.926923       0.879222
            325            108        1113.32       0.911571       0.879222
            326            115        1025.85       0.899198       0.879222
            327            103        1144.37       0.917426       0.879222
            328            109        1371.11       0.926357       0.879222
            329            109         991.11       0.900919       0.879222
            330            -31         936.51        1.03423       0.879222
            331             51        1522.29       0.967584       0.879222
            332            158        1716.82       0.915725       0.879222
            333            107        1379.53        0.92802       0.879222
            334            168        1520.72       0.900516       0.879222
            335            138        1294.02       0.903633       0.879222
            336             28        1031.12       0.973563       0.879222
            337            123         888.17       0.878359       0.879222
            338             80          894.2       0.917881       0.879222
            339            100           1137       0.919159       0.879222
            340             71         941.09       0.929848       0.879222
            341             75        1066.25       0.934283       0.879222
            342            108        1012.32       0.903599       0.879222
            343            163         927.77       0.850564       0.879222
            344            258         732.82        0.73961       0.879222
            345            719         158.01       0.180169       0.265966
            346            876         187.04       0.175948       0.265966
            347            774         494.46       0.389811       0.265966
            348            946         304.34       0.243406       0.265966
            349           1070          231.3       0.177745       0.265966
            350            836         334.44       0.285739       0.265966
            351            724         363.96       0.334534       0.265966
            352            824         445.96       0.351161       0.265966
            353            852         459.08       0.350154       0.265966
            354           1053         343.87       0.246172       0.265966
            355            966         259.14       0.211519       0.265966
            356            924         201.96       0.179367       0.265966
            357            373         727.67       0.661116       0.879222
            358             41        1111.39       0.964422       0.879222
            359            768         360.72       0.319583       0.265966
            360            888         457.52       0.340032       0.265966
            361            893         362.47       0.288713       0.265966
            362            810          307.9       0.275427       0.265966
            363            837         113.23       0.119161       0.265966
            364           1024         347.96       0.253623       0.265966
            365            900            337       0.272433       0.265966
            366            563         611.77       0.520757       0.265966
            367            107        1056.53       0.908038       0.879222
            368            123        1237.17        0.90957       0.879222
            369            132         947.28       0.877696       0.879222
            370             78         898.62       0.920133       0.879222
            371            115        1011.85       0.897946       0.879222
            372            123         872.17       0.876403       0.879222
            373            100            937       0.903568       0.879222
            374            105        1199.95       0.919537       0.879222
            375             24         963.96       0.975708       0.879222
            376             79        1194.41       0.937962       0.879222
            377            186        1175.94        0.86343       0.879222
            378            137        1042.23       0.883822       0.879222
            379            104        1032.16       0.908464       0.879222
            380           1030          651.7       0.387525       0.265966
            381            341         985.39       0.742911       0.879222
            382             67        1157.93       0.945303       0.879222
            383            110         1068.9       0.906693       0.879222
            384             34        1223.86        0.97297       0.879222
            385             58        1021.82       0.946287       0.879222
            386            141        1046.39       0.881252       0.879222
            387             32        1119.28       0.972205       0.879222
            388            141        1246.39        0.89837       0.879222
            389            558         343.82       0.381251       0.265966
            390            758         309.82       0.290143       0.265966
            391            856         536.24       0.385163       0.265966
            392            614         558.06       0.476136       0.265966
            393             76        1261.04       0.943158       0.879222
            394             64        1066.56       0.943391       0.879222
            395             52        1270.08       0.960668       0.879222
            396            183         927.57        0.83522       0.879222
            397            701         426.79        0.37843       0.265966
            398            891         320.89       0.264785       0.265966
            399            277         943.83       0.773105       0.879222
            400             82        1220.78       0.937058       0.879222
            401             90         1241.1       0.932387       0.879222
            402            444         628.76       0.586114       0.879222
            403            883         426.57       0.325733       0.265966
            404            904         315.16       0.258506       0.265966
            405            845         380.55       0.310514       0.265966
            406            204        1005.16       0.831288       0.879222
            407             37        1119.23       0.967999       0.879222
            408            426         767.54       0.643079       0.879222
            409            137         855.23       0.861927       0.879222
            410             62        1009.98       0.942163       0.879222
            411            142        1228.18       0.896364       0.879222
            412             88         999.52       0.919082       0.879222
            413             86        1128.94       0.929215       0.879222
            414            392        1065.68        0.73108       0.879222
            415            996         309.84       0.237273       0.265966
            416            955         457.45        0.32387       0.265966
            417            746         506.34       0.404315       0.265966
            418            538         881.02       0.620865       0.265966
            419            760          335.4        0.30619       0.265966
            420            288         873.52       0.752049       0.879222
            421            307         811.53       0.725533       0.879222
            422            523        1002.17       0.657087       0.879222
            423            119        1321.01       0.917362       0.879222
            424             46        1383.34       0.967817       0.879222
            425            105        1350.95       0.927882       0.879222
            426            125        1360.75       0.915867       0.879222
            427            156        1259.24       0.889771       0.879222
            428            695         751.05        0.51938       0.265966
            429            716         248.64       0.257754       0.265966
            430            851         413.29       0.326895       0.265966
            431            432         908.28       0.677679       0.879222
            432            126        1083.54       0.895828       0.879222
            433             51        1147.29       0.957439       0.879222
            434            165         986.35        0.85669       0.879222
            435            190          870.1       0.820772       0.879222
            436            815         500.85       0.380628       0.265966
            437            918         227.22       0.198407       0.265966
            438            814         436.06       0.348831       0.265966
            439             99        1112.21       0.918264       0.879222
            440            158        1106.82       0.875081       0.879222
            441            199         872.21       0.814229       0.879222
            442            129         889.91       0.873394       0.879222
            443            234         871.86         0.7884       0.879222
            444            203         996.37       0.830744       0.879222
            445             89        1166.31       0.929101       0.879222
            446             41        1090.39       0.963761       0.879222
            447            102         981.58       0.905868       0.879222
            448             50         1430.5       0.966228       0.879222
            449            148        1274.92       0.895989       0.879222
            450            374         603.46       0.617376       0.879222
            451            810          290.9       0.264238       0.265966
            452            883         282.57       0.242431       0.265966
            453             94         862.26         0.9017       0.879222
            454             99         935.21       0.904275       0.879222
            455            106        1073.74        0.91015       0.879222
            456            594         408.26       0.407339       0.265966
            457            861         220.19       0.203655       0.265966
            458            910          172.9       0.159664       0.265966
            459            978         252.62       0.205279       0.265966
            460            200           1142       0.850969       0.879222
            461            457         604.03       0.569286       0.879222
            462            343         740.97       0.683571       0.879222
            463            765         429.35       0.359484       0.265966
            464           1041         306.39       0.227395       0.265966
            465            924         270.96       0.226752       0.265966
            466            831         383.49       0.315762       0.265966
            467            799         369.21       0.316048       0.265966
            468            645         447.55       0.409638       0.265966
            469            173        1312.67       0.883554       0.879222
            470            266        1155.14       0.812826       0.879222
            471            179        1250.41       0.874774       0.879222
            472             69        1606.51       0.958819       0.879222
            473             78        1526.62        0.95139       0.879222
            474             95        1458.05        0.93883       0.879222
            475             91        1853.89       0.953211       0.879222
            476             95        1730.05       0.947947       0.879222
            477            117        1779.43       0.938305       0.879222
            478            169        1697.51       0.909457       0.879222
            479            159        1911.61       0.923211       0.879222
            480             63        1425.77       0.957683       0.879222
            481            156        1548.24       0.908464       0.879222
            482            172        1711.88       0.908699       0.879222
            483            100           1562       0.939832       0.879222
            484             53        1449.87       0.964734       0.879222
            485            121        1525.59       0.926515       0.879222
            486             98         844.42       0.896012       0.879222
            487            128        1526.12       0.922617       0.879222
            488            119        1721.01       0.935326       0.879222
            489             92        1519.68       0.942917       0.879222
            490            132        1168.28       0.898483       0.879222
            491            124        1239.96       0.909088       0.879222
            492            187        1191.73       0.864368       0.879222
            493            107        1085.53       0.910275       0.879222
            494            117        1105.43       0.904289       0.879222
            495            209         756.11       0.783444       0.879222
            496            469         560.51       0.544443       0.879222
            497              4        1477.16       0.997299       0.879222
            498            488         715.52       0.594523       0.879222
            499            746         354.34       0.322028       0.265966
            500            264        1154.56       0.813896       0.879222
            501            211        1100.69       0.839139       0.879222
            502             -9        1354.89        1.00669       0.879222
            503             38        1359.02       0.972799       0.879222
            504             96        1324.84       0.932434       0.879222
            505            106        1410.74       0.930113       0.879222
            506            123        1193.17       0.906547       0.879222
            507             84        1246.36       0.936859       0.879222
            508             90         1134.1       0.926477       0.879222
            509            239        1264.81        0.84107       0.879222
            510             53        1170.87       0.956695       0.879222
            511             35        1388.65       0.975415       0.879222
            512             96        1185.84       0.925108       0.879222
            513            134        1218.86       0.900951       0.879222
            514            106        1363.74       0.927878       0.879222
            515            309        1179.11       0.792354       0.879222
            516            176         895.04       0.835674       0.879222
            517             91        1272.89       0.933279       0.879222
            518            129        1037.91       0.889452       0.879222
            519            599         301.21         0.3346       0.265966
            520            767         368.93       0.324782       0.265966
            521            247         912.13       0.786909       0.879222
            522            221        1038.59       0.824546       0.879222
            523             55        1048.45       0.950156       0.879222
            524             28        1213.12        0.97744       0.879222
            525            121        1208.59       0.908995       0.879222
            526            137        1106.23       0.889803       0.879222
            527            122        1060.38       0.896818       0.879222
            528             88        1371.52       0.939706       0.879222
            529            204         924.16       0.819175       0.879222
            530             87        1393.73       0.941245       0.879222
            531             97        1190.63       0.924668       0.879222
            532            104        1251.16       0.923256       0.879222
            533             34        1291.86       0.974356       0.879222
            534             89        1201.31       0.931024       0.879222
            535            121         997.59       0.891828       0.879222
            536            130         1036.7       0.888575       0.879222
            537             94        1176.26       0.925999       0.879222
            538            177        1060.83       0.857008       0.879222
            539            160          979.4       0.859575       0.879222
            540            174        1035.46       0.856134       0.879222
            541             38        1110.02         0.9669       0.879222
            542            138        1150.02       0.892859       0.879222
            543            286         928.94       0.764597       0.879222
            544            120         1113.8        0.90274       0.879222
            545             61        1426.19       0.958983       0.879222
            546             61        1189.19       0.951207       0.879222
            547             83        1288.57       0.939485       0.879222
            548             57        1405.03       0.961013       0.879222
            549             66        1203.14       0.947996       0.879222
            550             81        1516.99       0.949311       0.879222
            551            102        1311.58       0.927843       0.879222
            552             96        1460.84       0.938337       0.879222
            553            511         550.69       0.518692       0.265966
            554            243        1047.97       0.811769       0.879222
            555            120         1393.8       0.920729       0.879222
            556             36        1192.44       0.970695       0.879222
            557             84        1336.36        0.94086       0.879222
            558            129        1354.91       0.913068       0.879222
            559            284         936.36       0.767282       0.879222
            560            717         345.43       0.325132       0.265966
            561            461         898.19       0.660827       0.879222
            562             46        1367.34       0.967453       0.879222
            563            169        1305.51       0.885386       0.879222
            564            102        1244.58       0.924253       0.879222
            565            116        1170.64       0.909843       0.879222
            566             76        1220.04        0.94136       0.879222
            567             68        1205.72       0.946613       0.879222
            568            167        1298.93       0.886079       0.879222
            569            760          258.4       0.253731       0.265966
            570            544         907.76       0.625282       0.879222
            571            116        1167.64       0.909632       0.879222
            572             77        1555.83       0.952843       0.879222
            573             55        1512.45       0.964911       0.879222
            574            107        1345.53       0.926335       0.879222
            575            162        1133.98       0.874998       0.879222
            576            154        1366.66       0.898728       0.879222
            577            133        1296.07       0.906932       0.879222
            578             96        1112.84       0.920585       0.879222
            579            195        1656.05       0.894654       0.879222
            580            140         1578.6       0.918538       0.879222
            581            118        1498.22        0.92699       0.879222
            582            497         709.63       0.588109       0.879222
            583            566         566.14       0.500062       0.265966
            584            193        1342.47       0.874306       0.879222
            585            114        1515.06       0.930021       0.879222
            586            101        1306.79       0.928256       0.879222
            587            310          953.9       0.754727       0.879222
            588            779         243.41       0.238075       0.265966
            589            788         280.52       0.262531       0.265966
            590            137        1196.23       0.897242       0.879222
            591            143        1276.97       0.899294       0.879222
            592            522         667.38       0.561116       0.879222
            593            241        1116.39       0.822453       0.879222
            594            139        1124.81       0.890015       0.879222
            595            136        1458.44       0.914704       0.879222
            596             74        1304.46       0.946317       0.879222
            597            116        1320.64       0.919256       0.879222
            598            131        1251.49       0.905243       0.879222
            599            550          647.5        0.54071       0.265966
            600            704         313.16       0.307877       0.265966
            601            857         244.03       0.221638       0.265966
            602            864         165.56       0.160807       0.265966
            603            550          660.5       0.545642       0.265966
            604            157        1379.03       0.897788       0.879222
            605            171        1457.09       0.894969       0.879222
            606            548         896.92        0.62074       0.879222
            607            872         285.88         0.2469       0.265966
            608           1000            235       0.190283       0.265966
            609            826         371.54       0.310253       0.265966
            610            721         154.59       0.176555       0.265966
            611            916         352.64       0.277967       0.265966
            612           1027         128.33       0.111076       0.265966
            613            687         590.73       0.462328       0.265966
            614            271        1498.09       0.846814       0.879222
            615            235        1161.65        0.83174       0.879222
            616            146        1159.34       0.888152       0.879222
            617            120         1344.8       0.918078       0.879222
            618            340          973.6       0.741169       0.879222
            619           1124         493.96       0.305298       0.265966
            620            913         227.27       0.199312       0.265966
            621            827         194.33       0.190272       0.265966
            622            951         236.29       0.199016       0.265966
            623            536         539.44       0.501599       0.265966
            624            158        1380.82       0.897324       0.879222
            625             57        1563.03       0.964815       0.879222
            626            141        1221.39       0.896505       0.879222
            627            127        1399.33       0.916794       0.879222
            628            677         484.83       0.417299       0.265966
            629            895         300.05       0.251077       0.265966
            630           1038          34.02      0.0317345       0.265966
            631           1003         231.37        0.18744       0.265966
            632            821         318.59       0.279565       0.265966
            633            249        1155.71       0.822739       0.879222
            634            947         203.13       0.176615       0.265966
            635            435         757.65       0.635266       0.879222
            636            150         1307.5       0.897084       0.879222
            637             92        1213.68       0.929539       0.879222
            638            104        1383.16       0.930068       0.879222
            639            124        1649.96         0.9301       0.879222
            640            179        1299.41       0.878924       0.879222
            641            590          489.1       0.453248       0.265966
            642            778         245.62       0.239952       0.265966
            643            614         279.06       0.312476       0.265966
            644             77        1194.83       0.939457       0.879222
            645            156        1191.24       0.884208       0.879222
            646            201        1134.79       0.849527       0.879222
            647            135        1191.65        0.89824       0.879222
            648            137        1166.23       0.894877       0.879222
            649            486         632.94        0.56566       0.879222
            650             95        1482.05       0.939761       0.879222
            651             62        1473.98       0.959635       0.879222
            652            153        1160.87        0.88355       0.879222
            653            622         567.38       0.477038       0.265966
            654            804         311.16       0.279027       0.265966
            655            196        1345.84       0.872879       0.879222
            656            128        1424.12       0.917532       0.879222
            657            266        1150.14       0.812165       0.879222
            658            353        1033.87        0.74547       0.879222
            659            185        1459.15        0.88748       0.879222
            660             92        1626.68       0.946471       0.879222
            661            178        1587.62       0.899186       0.879222
            662            371        1081.09       0.744506       0.879222
            663            133         767.07       0.852234       0.879222
            664            157         474.03         0.7512       0.879222
            665            125         882.75       0.875961       0.879222
            666             62        1196.98       0.950754       0.879222
            667            178        1530.62       0.895822       0.879222
            668            176        1579.04       0.899717       0.879222
            669            176        1297.04       0.880519       0.879222
            670            132        1098.28       0.892707       0.879222
            671             53        1233.87       0.958815       0.879222
            672            130         1394.7       0.914737       0.879222
            673            380         1101.2       0.743451       0.879222
            674            130         1610.7       0.925317       0.879222
            675            333        1225.07       0.786274       0.879222
            676            912          87.48      0.0875255       0.265966
            677            862         234.98       0.214206       0.265966
            678            267        1375.93       0.837485       0.879222
            679            285        1390.15       0.829866       0.879222
            680            884         270.36       0.234208       0.265966
            681            844         197.76       0.189833       0.265966
            682            896         359.84       0.286533       0.265966
            683            487         741.73       0.603656       0.265966
            684            831         264.49       0.241435       0.265966
            685            378         941.62       0.713554       0.879222
            686            171        1124.09       0.867963       0.879222
            687            112        1246.48       0.917555       0.879222
            688            215        1341.85       0.861901       0.879222
            689            463         893.77       0.658748       0.879222
            690            805         347.95       0.301791       0.265966
            691            493         920.47       0.651213       0.879222
            692             18        1075.22       0.983535       0.879222
            693             99        1042.21        0.91325       0.879222
            694             97        1224.63       0.926606       0.879222
            695            418        1095.22       0.723768       0.879222
            696            656         563.24        0.46196       0.265966
            697            837         313.23       0.272319       0.265966
            698            568         464.72       0.449996       0.265966
            699            164        1381.56        0.89389       0.879222
            700            182        1356.78       0.881724       0.879222
            701            110         1166.9       0.913854       0.879222
            702            204        1051.16       0.837471       0.879222
            703            229        1163.91       0.835596       0.879222
            704            885         238.15       0.212038       0.265966
            705            728         358.12       0.329724       0.265966
            706            880          277.2       0.239544       0.265966
            707            231        1003.49       0.812878       0.879222
            708             61        1237.19       0.953012       0.879222
            709            110         1289.9       0.921423       0.879222
            710            228        1316.12       0.852343       0.879222
            711           1070          474.3       0.307129       0.265966
            712            507         788.53       0.608654       0.879222
            713            118        1558.22       0.929604       0.879222
            714            123        1321.17        0.91483       0.879222
            715            125        1291.75        0.91177       0.879222
            716            881         204.99       0.188759       0.265966
            717            598         576.42       0.490812       0.265966
            718            637         679.23       0.516042       0.265966
            719            878         320.62       0.267491       0.265966
            720           1000            237       0.191593       0.265966
            721            788         362.52       0.315092       0.265966
            722            711         326.69       0.314824       0.265966
            723            822         216.38       0.208382       0.265966
            724            908         256.32       0.220146       0.265966
            725            800            267       0.250234       0.265966
            726            838         248.02       0.228375       0.265966
            727            181        1122.99       0.861195       0.879222
            728            180         1472.2       0.891054       0.879222
            729            210         1437.9       0.872565       0.879222
            730             71        1603.09       0.957589       0.879222
            731            162        1614.98       0.908834       0.879222
            732            400            766       0.656947       0.879222
            733            854         255.66       0.230395       0.265966
            734            839         337.81       0.287056       0.265966
            735            904         225.16       0.199405       0.265966
            736            189         868.31       0.821244       0.879222
            737            965         280.35       0.225117       0.265966
            738            986         239.94       0.195719       0.265966
            739            672         231.88       0.256538       0.265966
            740           1126         322.54       0.222666       0.265966
            741            133        1234.07       0.902712       0.879222
            742             74        1404.46       0.949948       0.879222
            743            173        1763.67       0.910671       0.879222
            744             46        1328.34       0.966529       0.879222
            745            217        1208.43       0.847765       0.879222
            746           1054         241.66       0.186515       0.265966
            747            979         169.41       0.147517       0.265966
            748            967         236.93       0.196797       0.265966
            749            990          307.1       0.236759       0.265966
            750            351         945.29       0.729227       0.879222
            751            667         466.93        0.41178       0.265966
            752            379         763.41       0.668245       0.879222
            753            114        1457.06       0.927438       0.879222
            754            116        1296.64       0.917884       0.879222
            755            724         473.96       0.395639       0.265966
            756            370         1004.3       0.730772       0.879222
            757            116        1279.64       0.916884       0.879222
            758            158        1451.82       0.901852       0.879222
            759            158        1803.82       0.919463       0.879222
            760            252        1172.08       0.823044       0.879222
            761            380         1183.2       0.756909       0.879222
            762           1026         365.54       0.262687       0.265966
            763             64        1495.56       0.958963       0.879222
            764             51        1782.29       0.972181       0.879222
            765             42        1392.18       0.970715       0.879222
            766            202        1314.58       0.866806       0.879222
            767            156        1246.24       0.888749       0.879222
            768            522         544.38       0.510493       0.265966
            769            842         191.18        0.18504       0.265966
            770            742         214.18       0.223995       0.265966
            771            786         571.94       0.421182       0.265966
            772            152         882.08       0.853009       0.879222
            773            896         278.84       0.237343       0.265966
            774            911         213.69       0.189999       0.265966
            775            896         208.84       0.189023       0.265966
            776           1048         293.92       0.219029       0.265966
            777           1018         232.22       0.185743       0.265966
            778            850          341.5       0.286614       0.265966
            779            765         253.35       0.248785       0.265966
            780            866         148.14       0.146075       0.265966
            781            980          321.2       0.246849       0.265966
            782           1056         140.24       0.117234       0.265966
            783            973          89.67      0.0843818       0.265966
            784           1029         251.91       0.196665       0.265966
            785            997          62.63      0.0591055       0.265966
            786            828         220.12       0.210014       0.265966
            787            958          74.82      0.0724424       0.265966
            788            715         586.85       0.450782       0.265966
            789           1044         138.76       0.117319       0.265966
            790            925         218.75       0.191257       0.265966
            791            847         285.13       0.251853       0.265966
            792            801         175.79       0.179967       0.265966
            793            845         386.55       0.313873       0.265966
            794            691         638.89       0.480408       0.265966
            795            358         890.82       0.713329       0.879222
            796            742         289.18       0.280436       0.265966
            797            847         186.13       0.180161       0.265966
            798           1118         267.22       0.192908       0.265966
            799            906         244.74       0.212681       0.265966
            800            979         244.41       0.199778       0.265966
            801            681         390.99       0.364733       0.265966
            802            729         533.91       0.422762       0.265966
            803             56        1207.24        0.95567       0.879222
            804            208        1140.32       0.845734       0.879222
            805             99        1224.21       0.925182       0.879222
            806            159        1247.61       0.886962       0.879222
            807            167        1274.93       0.884183       0.879222
            808            159        1323.61       0.892757       0.879222
            809            171        1435.09        0.89353       0.879222
            810            119        1372.01       0.920188       0.879222
            811            170         1310.3       0.885158       0.879222
            812            133        1447.07       0.915827       0.879222
            813            167        1601.93       0.905593       0.879222
            814            761         794.19       0.510671       0.265966
            815            800            300       0.272727       0.265966
            816            755         231.45       0.234629       0.265966
            817            904         361.16       0.285466       0.265966
            818           1002         280.58       0.218762       0.265966
            819           1112         252.48       0.185038       0.265966
            820            358        1077.82       0.750665       0.879222
            821            956         380.24        0.28456       0.265966
            822            378        1023.62       0.730312       0.879222
            823            156        1426.24       0.901406       0.879222
            824             75        1440.25       0.950503       0.879222
            825            683         880.57       0.563179       0.265966
            826            976         297.04       0.233331       0.265966
            827            829         466.91       0.360295       0.265966
            828            576         938.04       0.619561       0.265966
            829            704         504.16       0.417296       0.265966
            830            936         354.44       0.274666       0.265966
            831           1058         184.82        0.14871       0.265966
            832            818         253.22       0.236385       0.265966
            833            944         194.76       0.171028       0.265966
            834           1313         213.27       0.139733       0.265966
            835            694         573.26       0.452362       0.265966
            836             92        1429.68       0.939541       0.879222
            837            477        1084.83       0.694589       0.879222
            838            832         314.28       0.274174       0.265966
            839            921         166.59       0.153174       0.265966
            840            918         421.22       0.314526       0.265966
            841            971         230.09       0.191568       0.265966
            842            716         403.64       0.360509       0.265966
            843             91        1350.89       0.936888       0.879222
            844            130         1399.7       0.915016       0.879222
            845            198        1272.42       0.865345       0.879222
            846             39        1564.81       0.975683       0.879222
            847             92        1593.68       0.945423       0.879222
            848            153        1752.87       0.919722       0.879222
            849            693         567.47       0.450205       0.265966
            850            722         478.38       0.398524       0.265966
            851            563         299.77       0.347451       0.265966
            852            754         306.66       0.289122       0.265966
            853            881         429.99       0.327989       0.265966
            854            606         528.74       0.465957       0.265966
            855            210         1568.9        0.88195       0.879222
            856            297        1072.63       0.783153       0.879222
            857           1010           83.9      0.0766981       0.265966
            858            734         370.86       0.335662       0.265966
            859            521         573.59       0.524023       0.265966
            860             84        1557.36       0.948823       0.879222
            861             86        1447.94       0.943935       0.879222
            862            112        1306.48       0.921042       0.879222
            863             82        1547.78       0.949686       0.879222
            864            160         1703.4       0.914135       0.879222
            865             98        1460.42       0.937116       0.879222
            866            130         1598.7       0.924799       0.879222
            867            161        1277.19       0.888054       0.879222
            868             96        1731.84       0.947479       0.879222
            869            136        1685.44       0.925334       0.879222
            870             89        1562.31       0.946103       0.879222
            871            178        1581.62       0.898842       0.879222
            872             84        1685.36       0.952525       0.879222
            873            140         1543.6       0.916845       0.879222
            874            104        1633.16       0.940132       0.879222
            875            148        1598.92       0.915279       0.879222
            876            198        1361.42        0.87303       0.879222
            877            756         224.24        0.22876       0.265966
            878            842         334.18       0.284123       0.265966
            879            872         200.88       0.187234       0.265966
            880            915         212.85       0.188722       0.265966
            881            804         303.16       0.273818       0.265966
            882            785          64.15      0.0755461       0.265966
            883            770          131.3       0.145678       0.265966
            884            793         311.47       0.282009       0.265966
            885            841         119.39       0.124314       0.265966
            886            740          267.6       0.265582       0.265966
            887            809         311.11        0.27775       0.265966
            888            859         305.61       0.262414       0.265966
            889            730          254.7       0.258657       0.265966
            890            121        1694.59       0.933355       0.879222
            891             83        1545.57       0.949035       0.879222
            892            135        1387.65       0.911339       0.879222
            893             93        1517.47       0.942253       0.879222
            894            182        1352.78       0.881416       0.879222
            895            604         378.16       0.385029       0.265966
            896            821         195.59       0.192398       0.265966
            897            855         183.45       0.176658       0.265966
            898            871         224.09       0.204632       0.265966
            899            839         163.81       0.163351       0.265966
            900            724         325.96        0.31045       0.265966
            901            384        1211.36       0.759302       0.879222
            902            437         950.23       0.684984       0.879222
            903            855         328.45       0.277536       0.265966
            904            717         251.43       0.259626       0.265966
            905            781         421.99       0.350784       0.265966
            906            841         262.39       0.237803       0.265966
            907            883         168.57       0.160303       0.265966
            908            787          69.73      0.0813909       0.265966
            909            836         254.44       0.233337       0.265966
            910            733         259.07       0.261141       0.265966
            911            744         424.76       0.363428       0.265966
            912            652         319.08       0.328583       0.265966
            913            975         168.25       0.147168       0.265966
            914            737         351.23       0.322753       0.265966
            915            807         200.53       0.199031       0.265966
            916            109        1577.11       0.935354       0.879222
            917            642         718.18       0.528004       0.265966
            918            799         153.21       0.160899       0.265966
            919            859         185.61       0.177684       0.265966
            920            830          251.7       0.232689       0.265966
            921            814         155.06       0.160011       0.265966
            922            829         141.91       0.146162       0.265966
            923            909          86.11      0.0865331       0.265966
            924            907         276.53       0.233648       0.265966
            925            723         165.17       0.185967       0.265966
            926            739         231.81        0.23878       0.265966
            927            784           0.36    0.000458973       0.265966
            928            595         208.05       0.259075       0.265966
            929            754         247.66        0.24725       0.265966
            930            739          91.81       0.110507       0.265966
            931            976         283.04       0.224806       0.265966
            932            912         218.48       0.193263       0.265966
            933            967         202.93       0.173455       0.265966
            934            765         262.35       0.255366       0.265966
            935            596         464.84       0.438181       0.265966
            936            750          327.5       0.303944       0.265966
            937            770          279.3       0.266177       0.265966
            938            826         185.54       0.183423       0.265966
            939            295        1196.05       0.802153       0.879222
            940            502         672.58       0.572613       0.879222
            941            903         192.37       0.175621       0.265966
            942            778         239.62       0.235471       0.265966
            943           1044         202.76        0.16263       0.265966
            944            694         314.26       0.311685       0.265966
            945            943          52.97      0.0531843       0.265966
            946            799         326.21        0.28991       0.265966
            947            470          628.3       0.572066       0.879222
            948            126        1468.54        0.92098       0.879222
            949            422         849.38       0.668077       0.879222
            950            998         129.42       0.114793       0.265966
            951             67        1592.93       0.959637       0.879222
            952             84        1411.36       0.943826       0.879222
            953            936         473.44       0.335906       0.265966
            954           1021         336.59       0.247932       0.265966
            955            726         288.54       0.284405       0.265966
            956            715         149.85       0.173267       0.265966
            957            788         136.52       0.147666       0.265966
            958            679         247.41       0.267063       0.265966
            959            733         223.07        0.23332       0.265966
            960            938         141.02       0.130693       0.265966
            961            976         255.04       0.207174       0.265966
            962            621         355.59       0.364114       0.265966
            963            202        1211.58         0.8571       0.879222
            964            559         146.61       0.207778       0.265966
            965            747         184.13       0.197749       0.265966
            966            808         137.32       0.145263       0.265966
            967            691         239.89         0.2577       0.265966
            968            712         325.48       0.313722       0.265966
            969            680          256.2       0.273659       0.265966
            970           1100            344       0.238227       0.265966
            971            774         268.46       0.257525       0.265966
            972            727         161.33        0.18161       0.265966
            973            110         1432.9       0.928706       0.879222
            974            106        1525.74       0.935039       0.879222
            975            176        1409.04       0.888962       0.879222
            976            202        1349.58        0.86981       0.879222
            977            136        1644.44       0.923614       0.879222
            978            695         523.05       0.429416       0.265966
            979            891          88.89      0.0907143       0.265966
            980            616         655.64       0.515586       0.265966
            981            791         311.89       0.282793       0.265966
            982            829          95.91       0.103697       0.265966
            983            807         187.53       0.188561       0.265966
            984            595         258.05       0.302503       0.265966
            985            865         318.35       0.269024       0.265966
            986            737         350.23       0.322131       0.265966
            987            552         476.08       0.463077       0.265966
            988             43        1176.97       0.964753       0.879222
            989            103        1456.37       0.933948       0.879222
            990             62        1156.98       0.949138       0.879222
            991             71        1346.09       0.949897       0.879222
            992            545         507.55        0.48221       0.265966
            993            677         152.83        0.18417       0.265966
            994            743         230.97       0.237143       0.265966
            995            912         199.48       0.179472       0.265966
            996            260          740.4       0.740104       0.879222
            997            112        1351.48        0.92347       0.879222
            998             75        1315.25       0.946053       0.879222
            999            175        1424.25       0.890574       0.879222
           1000             97        1377.63       0.934221       0.879222
           1001            111        1303.69       0.921538       0.879222
           1002             21        1256.59       0.983563       0.879222
           1003            187        1669.73       0.899285       0.879222
           1004            151        1236.29       0.891155       0.879222
           1005            147        1595.13       0.915621       0.879222
           1006             91        1537.89       0.944134       0.879222
           1007            105        1083.95       0.911687       0.879222
           1008            171        1202.09       0.875463       0.879222
           1009             76        1093.04       0.934989       0.879222
           1010             63        1151.77       0.948138       0.879222
           1011             87        1287.73       0.936715       0.879222
           1012            141        1326.39       0.903911       0.879222
           1013            192        1107.68       0.852271       0.879222
           1014            -33        1373.93        1.02461       0.879222
           1015            173        1252.67       0.878654       0.879222
           1016            132        1135.28        0.89584       0.879222
           1017             91        1154.89        0.92696       0.879222
           1018            103        1350.37        0.92913       0.879222
           1019            163        1197.77       0.880215       0.879222
           1020            105        1253.95       0.922734       0.879222
           1021            218        1603.22         0.8803       0.879222
           1022             80         1268.2       0.940662       0.879222
           1023            115        1373.85       0.922759       0.879222
           1024            234        1117.86       0.826905       0.879222
           1025            564         141.56       0.200635       0.265966
           1026            894         264.26       0.228153       0.265966
           1027            946         301.34       0.241586       0.265966
           1028            866         304.14       0.259918       0.265966
           1029            973         255.67       0.208087       0.265966
           1030            829         231.91       0.218595       0.265966
           1031            397        1085.63       0.732233       0.879222
           1032            171        1489.09       0.896994       0.879222
           1033            496         867.84       0.636321       0.879222
           1034            375         727.25       0.659787       0.879222
           1035             68        1424.72       0.954446       0.879222
           1036            218        1345.22       0.860544       0.879222
           1037            605          79.95       0.116724       0.265966
           1038            877         155.83       0.150877       0.265966
           1039            376         860.04       0.695803       0.879222
           1040            135         984.65       0.879427       0.879222
           1041            902         224.58       0.199347       0.265966
           1042            535         721.65       0.574265       0.879222
           1043            135        1143.65        0.89442       0.879222
           1044            123        1535.17       0.925822       0.879222
           1045             58        1092.82       0.949601       0.879222
           1046            107        1272.53       0.922437       0.879222
           1047            205        1310.95       0.864771       0.879222
           1048            116        1205.64        0.91223       0.879222
           1049            142        1268.18       0.899304       0.879222
           1050            227        1167.33       0.837198       0.879222
           1051            442         705.18       0.614707       0.879222
           1052            686         151.94       0.181326       0.265966
           1053            910          108.9        0.10688       0.265966
           1054           1079          96.41      0.0820224       0.265966
           1055            936         235.44       0.200983       0.265966
           1056            898          92.42      0.0933139       0.265966
           1057            901         242.79       0.212268       0.265966
           1058            785         119.15       0.131781       0.265966
           1059            730           56.7      0.0720732       0.265966
           1060            552         186.08       0.252114       0.265966
           1061            914         201.06       0.180313       0.265966
           1062           1058         144.82         0.1204       0.265966
           1063            771         373.09       0.326102       0.265966
           1064            846         288.34       0.254192       0.265966
           1065            806          84.74      0.0951344       0.265966
           1066           1089         189.31       0.148094       0.265966
           1067            803         215.37       0.211485       0.265966
           1068            713          94.27       0.116776       0.265966
           1069            118        1138.22       0.906067       0.879222
           1070            636         424.44       0.400249       0.265966
           1071            759         239.61       0.239944       0.265966
           1072            734         313.86       0.299525       0.265966
           1073            737         241.23       0.246598       0.265966
           1074            232        1185.28       0.836306       0.879222
           1075            339         789.81       0.699684       0.879222
           1076            798         157.42       0.164765       0.265966
           1077            690          269.1       0.280576       0.265966
           1078            849         127.71       0.130755       0.265966
           1079            764         257.56       0.252124       0.265966
           1080            535         429.65       0.445395       0.265966
           1081            679         177.41       0.207155       0.265966
           1082            728         153.12       0.173779       0.265966
           1083            683         219.57       0.243272       0.265966
           1084            660          275.4       0.294419       0.265966
           1085            861         142.19       0.141738       0.265966
           1086            954         119.66       0.111451       0.265966
           1087            717         119.43       0.142785       0.265966
           1088            923         250.17       0.213243       0.265966
           1089            725         277.75       0.276988       0.265966
           1090            256        1362.24       0.841803       0.879222
           1091            187        1246.73       0.869571       0.879222
           1092            140         1288.6       0.902002       0.879222
           1093            164        1408.56       0.895711       0.879222
           1094            142        1394.18       0.907563       0.879222
           1095            166        1336.14       0.889491       0.879222
           1096            194        1161.26       0.856854       0.879222
           1097            833         236.07       0.220818       0.265966
           1098            740          150.6       0.169099       0.265966
           1099            817         227.43       0.217755       0.265966
           1100            850          338.5       0.284813       0.265966
           1101            299        1268.21       0.809215       0.879222
           1102            434         684.86       0.612105       0.879222
           1103            656         265.24       0.287916       0.265966
           1104            742          34.18      0.0440362       0.265966
           1105            782         263.78       0.252233       0.265966
           1106            756         185.24       0.196804       0.265966
           1107            863          28.77      0.0322617       0.265966
           1108            932         278.28        0.22993       0.265966
           1109            741         240.39       0.244948       0.265966
           1110            808         145.32       0.152436       0.265966
           1111            803         226.37       0.219911       0.265966
           1112            619         240.01       0.279403       0.265966
           1113            770          173.3       0.183717       0.265966
           1114            758         192.82       0.202793       0.265966
           1115            884         118.36       0.118081       0.265966
           1116            554         334.66       0.376589       0.265966
           1117            594         126.26       0.175298       0.265966
           1118            687         219.73       0.242332       0.265966
           1119            701         242.79        0.25725       0.265966
           1120            706          92.74       0.116108       0.265966
           1121            622         259.38       0.294289       0.265966
           1122            725         320.75       0.306718       0.265966
           1123            379        1225.41       0.763776       0.879222
           1124            659         240.61        0.26746       0.265966
           1125            258        1290.82       0.833422       0.879222
           1126            193        1078.47       0.848207       0.879222
           1127            102        1435.58       0.933662       0.879222
           1128            129        1390.91       0.915127       0.879222
           1129            131        1471.49       0.918252       0.879222
           1130            112        1136.48       0.910291       0.879222
           1131             85        1199.15       0.933808       0.879222
           1132            126        1378.54       0.916253       0.879222
           1133            930          233.7       0.200825       0.265966
           1134            924         233.96       0.202045       0.265966
           1135            731         365.49       0.333327       0.265966
           1136            666         355.14       0.347788       0.265966
           1137            874         352.46        0.28738       0.265966
           1138            782         185.78       0.191965       0.265966
           1139            886         439.94       0.331795       0.265966
           1140            734         259.86       0.261465       0.265966
           1141            142        1376.18       0.906467       0.879222
           1142             92        1435.68       0.939778       0.879222
           1143            106        1418.74        0.93048       0.879222
           1144             90         1312.1       0.935811       0.879222
           1145            428         582.12       0.576288       0.879222
           1146            810          306.9       0.274778       0.265966
           1147            897         209.63       0.189431       0.265966
           1148           1036         302.44       0.225965       0.265966
           1149            707         209.53       0.228612       0.265966
           1150            472         287.88       0.378849       0.265966
