              0             55         641.45       0.921028       0.891296
              1             91         785.89       0.896224       0.891296
              2             25         740.75       0.967352       0.891296
              3             13         600.27       0.978802       0.891296
              4             53         764.87       0.935198       0.891296
              5             58         627.82        0.91543       0.891296
              6            142         645.18       0.819609       0.891296
              7             16         662.64       0.976423       0.891296
              8             92         730.68        0.88817       0.891296
              9             36         886.44       0.960973       0.891296
             10             46        1006.34       0.956288       0.891296
             11            102         921.58        0.90035       0.891296
             12            347         590.13       0.629721       0.891296
             13            586         257.94       0.305638       0.282499
             14            566         285.14        0.33501       0.282499
             15            508         116.32       0.186315       0.282499
             16            574         264.46       0.315412       0.282499
             17            506         340.74       0.402414       0.282499
             18            283         776.57       0.732911       0.891296
             19             65         883.35        0.93146       0.891296
             20             24        1151.96       0.979591       0.891296
             21             63         992.77       0.940328       0.891296
             22            173         871.67       0.834397       0.891296
             23             24        1069.96       0.978061       0.891296
             24            146         845.34       0.852725       0.891296
             25             66        1274.14       0.950751       0.891296
             26             54        1093.66       0.952948       0.891296
             27             41        1127.39       0.964909       0.891296
             28            170          905.3       0.841905       0.891296
             29             44        1077.76       0.960776       0.891296
             30             43         822.97       0.950345       0.891296
             31             66         925.14        0.93341       0.891296
             32             37        1022.23       0.965069       0.891296
             33            111         890.69       0.889187       0.891296
             34            105         781.95       0.881617       0.891296
             35             50          840.5       0.943852       0.891296
             36             71        1035.09        0.93581       0.891296
             37             -3         840.63        1.00358       0.891296
             38             67         868.93       0.928413       0.891296
             39             66         925.14        0.93341       0.891296
             40              8        1041.32       0.992376       0.891296
             41            -44         746.24        1.06266       0.891296
             42            102         835.58       0.891209       0.891296
             43             93         807.47       0.896721       0.891296
             44             50          966.5       0.950812       0.891296
             45             49        1152.71       0.959225       0.891296
             46             97         988.63       0.910651       0.891296
             47            216         744.64        0.77515       0.891296
             48            600            226       0.273608       0.282499
             49            227         773.33       0.773075       0.891296
             50             13        1017.27       0.987382       0.891296
             51             82         890.78       0.915706       0.891296
             52            113         920.27       0.890638       0.891296
             53             88         877.52       0.908857       0.891296
             54            109        1082.11       0.908489       0.891296
             55            131        1049.49       0.889029       0.891296
             56             43         921.97       0.955439       0.891296
             57             65        1032.35       0.940766       0.891296
             58             70          823.3       0.921639       0.891296
             59             -5         904.05        1.00556       0.891296
             60             76        1087.04       0.934654       0.891296
             61            148         964.92       0.867016       0.891296
             62            104        1057.16       0.910434       0.891296
             63             86        1008.94       0.921457       0.891296
             64             10          964.9       0.989743       0.891296
             65            102         992.58       0.906814       0.891296
             66             93        1054.47       0.918952       0.891296
             67             89         787.31       0.898438       0.891296
             68             51         937.29       0.948396       0.891296
             69             88        1082.52        0.92482       0.891296
             70            -11        1116.31        1.00995       0.891296
             71            520          381.8       0.423375       0.282499
             72            622         181.38       0.225771       0.282499
             73            714         399.06       0.358525       0.282499
             74            654         251.66       0.277875       0.282499
             75            306         549.74       0.642415       0.891296
             76             87         839.73       0.906122       0.891296
             77            152        1080.08       0.876631       0.891296
             78             63         961.77       0.938523       0.891296
             79             57        1203.03       0.954763       0.891296
             80             31         927.49       0.967657       0.891296
             81             77        1094.83       0.934291       0.891296
             82            101        1026.79       0.910444       0.891296
             83             80          642.2       0.889227       0.891296
             84            270          593.3       0.687247       0.891296
             85            541         246.39        0.31292       0.282499
             86            687         136.73       0.165989       0.282499
             87            450          236.5       0.344501       0.282499
             88            738         282.02       0.276485       0.282499
             89             31        1035.49       0.970933       0.891296
             90             82         918.78       0.918064       0.891296
             91             94         937.26       0.908849       0.891296
             92            136         981.44       0.878293       0.891296
             93             50          820.5       0.942562       0.891296
             94             13        1013.27       0.987333       0.891296
             95             15        1075.85       0.986249       0.891296
             96            152         860.08       0.849814       0.891296
             97            132        1026.28       0.886038       0.891296
             98             15        1117.85       0.986759       0.891296
             99            361         909.19       0.715791       0.891296
            100             91         973.89       0.914545       0.891296
            101            159         847.61       0.842044       0.891296
            102            110          838.9       0.884076       0.891296
            103            205         793.95       0.794785       0.891296
            104            248         799.92       0.763341       0.891296
            105            319         852.01       0.727586       0.891296
            106            253         928.87       0.785932       0.891296
            107            255         759.45       0.748632       0.891296
            108             31         930.49       0.967758       0.891296
            109            109        1006.11       0.902252       0.891296
            110             49        1178.71       0.960088       0.891296
            111             68         963.72       0.934091       0.891296
            112             16         909.64       0.982715       0.891296
            113            122         899.38       0.880554       0.891296
            114             20         1047.8        0.98127       0.891296
            115            159         923.61       0.853133       0.891296
            116            115        1025.85       0.899198       0.891296
            117             59        1020.61       0.945351       0.891296
            118            -22         787.62        1.02873       0.891296
            119            205         636.95       0.756518       0.891296
            120            733         240.07       0.246714       0.282499
            121            618         260.22       0.296304       0.282499
            122            472         263.88       0.358591       0.282499
            123            762         192.98       0.202078       0.282499
            124            599         146.21         0.1962       0.282499
            125            552         260.08       0.320264       0.282499
            126            596         259.84       0.303608       0.282499
            127            632         163.28       0.205311       0.282499
            128            420          458.8       0.522076       0.282499
            129            173        1050.67       0.858622       0.891296
            130             59        1093.61       0.948812       0.891296
            131             51        1098.29       0.955625       0.891296
            132             77         989.83       0.927824       0.891296
            133            105        1024.95       0.907076       0.891296
            134             53         887.87       0.943669       0.891296
            135            125         837.75       0.870164       0.891296
            136             -5         997.05        1.00504       0.891296
            137             90          965.1         0.9147       0.891296
            138             54         994.66       0.948506       0.891296
            139            100           1063       0.914015       0.891296
            140            101         940.79       0.903051       0.891296
            141             91         984.89       0.915419       0.891296
            142             33        1095.07       0.970746       0.891296
            143             62         923.98       0.937118       0.891296
            144              7         965.53       0.992802       0.891296
            145             59        1090.61       0.948678       0.891296
            146             74        1016.46       0.932139       0.891296
            147            307         844.53       0.733398       0.891296
            148            493         314.47       0.389451       0.282499
            149            859         246.61       0.223053       0.282499
            150            907         317.53       0.259308       0.282499
            151            724         499.96       0.408477       0.282499
            152            660          400.4       0.377593       0.282499
            153           1350          278.5       0.171016       0.282499
            154           1169         362.51       0.236701       0.282499
            155            508         475.32       0.483383       0.282499
            156            895         468.05       0.343384       0.282499
            157            822         380.38       0.316356       0.282499
            158           1225         392.75       0.242775       0.282499
            159            918         386.22       0.296131       0.282499
            160           2015         511.85       0.202564       0.282499
            161            670          533.3       0.443198       0.282499
            162           1012         268.48       0.209671       0.282499
            163           2142         299.18       0.122555       0.282499
            164           2024         235.96       0.104409       0.282499
            165            927         306.33       0.248376       0.282499
            166            435         435.65       0.500373       0.282499
            167            493         246.47       0.333306       0.282499
            168            481         310.99       0.392669       0.282499
            169            842         374.18       0.307668       0.282499
            170           1126         512.54       0.312803       0.282499
            171            843         335.97       0.284969       0.282499
            172           1266         388.14       0.234648       0.282499
            173            517         338.43       0.395626       0.282499
            174           1830          472.7       0.205281       0.282499
            175            535         322.65       0.376202       0.282499
            176           1222         283.38       0.188245       0.282499
            177            841         480.39       0.363549       0.282499
            178           1301         395.79       0.233258       0.282499
            179           1109         298.11        0.21186       0.282499
            180           1215         321.85       0.209422       0.282499
            181            748         164.92       0.180651       0.282499
            182            862         410.98       0.322849       0.282499
            183            777         328.83        0.29736       0.282499
            184           1417         417.43       0.227553       0.282499
            185            721         320.59       0.307789       0.282499
            186            246         979.34       0.799239       0.891296
            187             92         955.68       0.912187       0.891296
            188             57        1067.03        0.94929       0.891296
            189            614         331.06       0.350306       0.282499
            190            339         186.81        0.35528       0.282499
            191           1071         266.09       0.199007       0.282499
            192           1486         431.94        0.22521       0.282499
            193            656         417.24       0.388767       0.282499
            194           1170          399.3       0.254445       0.282499
            195           1175         379.25       0.244008       0.282499
            196            883         342.57       0.279519       0.282499
            197            538         229.02       0.298584       0.282499
            198           1182         370.78       0.238785       0.282499
            199           1116         295.64        0.20943       0.282499
            200            719         382.01       0.346963       0.282499
            201            858         237.82       0.217025       0.282499
            202            703         378.37       0.349899       0.282499
            203           1184         209.36       0.150255       0.282499
            204            399         377.21       0.485964       0.282499
            205            625         284.75       0.312998       0.282499
            206            695         250.05       0.264589       0.282499
            207            446         299.34       0.401615       0.282499
            208           1637         233.23       0.124707       0.282499
            209           1693         349.47       0.171102       0.282499
            210           2055         406.45       0.165126       0.282499
            211           1278         391.62       0.234556       0.282499
            212            963         278.77       0.224494       0.282499
            213            374         249.46       0.400122       0.282499
            214            669         152.51       0.185646       0.282499
            215            521         350.59       0.402242       0.282499
            216           2236         546.44       0.196389       0.282499
            217           1540          399.6       0.206022       0.282499
            218           1266         178.14       0.123354       0.282499
            219           1129         178.91       0.136791       0.282499
            220            385         614.15       0.614672       0.891296
            221             35         846.65       0.960302       0.891296
            222            168         902.72       0.843096       0.891296
            223             70          879.3       0.926261       0.891296
            224             58         893.82       0.939064       0.891296
            225            161        1029.19       0.864727       0.891296
            226             62         850.98       0.932091       0.891296
            227            161        1055.19       0.867619       0.891296
            228             60         1074.4       0.947109       0.891296
            229            320          803.8       0.715252       0.891296
            230            251         800.29       0.761246       0.891296
            231            209         816.11       0.796119       0.891296
            232            105        1043.95       0.908612       0.891296
            233             77        1073.83       0.933092       0.891296
            234             83         921.57       0.917378       0.891296
            235            120          748.8       0.861878       0.891296
            236             14         842.06       0.983646       0.891296
            237             13        1008.27       0.987271       0.891296
            238            136         893.44       0.867889       0.891296
            239             48        1082.92       0.957557       0.891296
            240             64        1295.56       0.952926       0.891296
            241            212         765.48       0.783116       0.891296
            242            151        1215.29       0.889482       0.891296
            243             48         864.92       0.947421       0.891296
            244              6         820.74       0.992743       0.891296
            245             44         928.76       0.954768       0.891296
            246             86         896.94       0.912507       0.891296
            247             95         875.05       0.902067       0.891296
            248            151         811.29       0.843083       0.891296
            249            114        1049.06       0.901983       0.891296
            250            132         899.28       0.872004       0.891296
            251           1302         647.58       0.332164       0.282499
            252            583         356.57       0.379503       0.282499
            253            292         445.68       0.604164       0.282499
            254            975         313.25       0.243159       0.282499
            255           1090          398.1       0.267522       0.282499
            256            786         206.94       0.208411       0.282499
            257            765         354.35       0.316568       0.282499
            258            702         283.58       0.287729       0.282499
            259            904         179.16       0.165405       0.282499
            260            984         150.36       0.132551       0.282499
            261            474         297.46       0.385581       0.282499
            262            600            631       0.512591       0.282499
            263            617         276.43       0.309403       0.282499
            264            835         272.65       0.246152       0.282499
            265            633          75.07       0.106021       0.282499
            266            450          345.5       0.434318       0.282499
            267            774         427.46       0.355784       0.282499
            268            886         207.94       0.190084       0.282499
            269           1513         200.27       0.116893       0.282499
            270           1539         405.81       0.208663       0.282499
            271           2219         335.01        0.13117       0.282499
            272            862         292.98       0.253667       0.282499
            273           2100            543       0.205448       0.282499
            274            797         182.63       0.186428       0.282499
            275           1258         426.82       0.253333       0.282499
            276           1242         243.18       0.163738       0.282499
            277           1641         339.39       0.171375       0.282499
            278           2280          381.2       0.143244       0.282499
            279            897         108.63       0.108022       0.282499
            280            993         600.47       0.376832       0.282499
            281           1679         393.41       0.189832       0.282499
            282            992         397.68       0.286167       0.282499
            283            231         928.49       0.800774       0.891296
            284            108        1112.32       0.911499       0.891296
            285             32        1202.28       0.974074       0.891296
            286            105        1105.95       0.913291       0.891296
            287             94        1255.26       0.930332       0.891296
            288             83         814.57       0.907528       0.891296
            289            291        1047.89       0.782656       0.891296
            290            442        1415.18       0.762005       0.891296
            291            131         941.49       0.877854       0.891296
            292            115        1033.85         0.8999       0.891296
            293             69        1110.51       0.941501       0.891296
            294             43        1015.97       0.959395       0.891296
            295            105         951.95       0.900658       0.891296
            296             27         981.33       0.973223       0.891296
            297            102        1047.58       0.911272       0.891296
            298            109        1046.11       0.905637       0.891296
            299             56        1115.24       0.952187       0.891296
            300            -46         990.66        1.04869       0.891296
            301             54         851.66       0.940375       0.891296
            302             96         942.84       0.907589       0.891296
            303             56        1065.24       0.950055       0.891296
            304             76        1078.04       0.934144       0.891296
            305             -3        1231.63        1.00244       0.891296
            306             73        1090.67       0.937267       0.891296
            307             39        1097.81       0.965693       0.891296
            308             93        1224.47        0.92941       0.891296
            309            137         994.23       0.878893       0.891296
            310             97        1059.63       0.916136       0.891296
            311             52         812.08        0.93982       0.891296
            312             77        1003.83       0.928758       0.891296
            313             55         953.45       0.945461       0.891296
            314             46        1116.34       0.960425       0.891296
            315            244        1028.76       0.808291       0.891296
            316             73         969.67       0.929987       0.891296
            317             74        1068.46       0.935227       0.891296
            318            101        1137.79       0.918469       0.891296
            319             97        1161.63       0.922932       0.891296
            320             97         975.63       0.909568       0.891296
            321            155         901.45       0.853282       0.891296
            322            440          341.6       0.437052       0.282499
            323           1365         470.35       0.256273       0.282499
            324            667         271.93       0.289617       0.282499
            325            320          680.8       0.680256       0.891296
            326             17        1162.43       0.985586       0.891296
            327             26        1121.54       0.977343       0.891296
            328            637         757.23       0.543117       0.282499
            329            646         302.34        0.31881       0.282499
            330            442         183.18       0.293004       0.282499
            331            899         441.21        0.32921       0.282499
            332            268         620.72       0.698443       0.891296
            333             93        1188.47       0.927427       0.891296
            334             46        1280.34       0.965318       0.891296
            335             72        1072.88       0.937111       0.891296
            336            133        1013.07       0.883951       0.891296
            337            101        1350.79       0.930431       0.891296
            338            522         870.38       0.625102       0.891296
            339           1090          342.1        0.23888       0.282499
            340             13        1218.27       0.989442       0.891296
            341             -9        1109.89        1.00818       0.891296
            342            306         789.74       0.720737       0.891296
            343            723         225.17       0.237479       0.282499
            344            435         198.65       0.313501       0.282499
            345            529         152.91       0.224238       0.282499
            346            650          274.5       0.296917       0.282499
            347           1242         343.18       0.216493       0.282499
            348            980          311.2       0.241016       0.282499
            349           1062         496.98       0.318785       0.282499
            350            600            263       0.304751       0.282499
            351           1279         354.41       0.216976       0.282499
            352            560          327.4       0.368943       0.282499
            353            695         266.05       0.276833       0.282499
            354           1254         347.66       0.217062       0.282499
            355            494         175.26       0.261871       0.282499
            356            504         156.16       0.236549       0.282499
            357            459         347.61       0.430952       0.282499
            358           1087         306.73       0.220078       0.282499
            359            598         180.42       0.231777       0.282499
            360            790          307.1        0.27992       0.282499
            361            581         402.99       0.409547       0.282499
            362            802         171.58       0.176236       0.282499
            363            374         822.46       0.687411       0.891296
            364            258        1041.82       0.801511       0.891296
            365           1195         550.05       0.315206       0.282499
            366            768         414.72       0.350649       0.282499
            367           1145         207.55       0.153451       0.282499
            368           1392         443.68       0.241698       0.282499
            369           1219         267.01       0.179683       0.282499
            370            905         498.95        0.35539       0.282499
            371            958         462.82       0.325741       0.282499
            372           1138         456.02       0.286082       0.282499
            373            760          462.4       0.378272       0.282499
            374           1756         655.24       0.271744       0.282499
            375            547         281.13       0.339476       0.282499
            376            912         317.48       0.258223       0.282499
            377            554         280.66       0.336257       0.282499
            378           1462         326.98       0.182775       0.282499
            379            504         617.16       0.550466       0.282499
            380             63        1036.77       0.942715       0.891296
            381              7        1062.53       0.993455       0.891296
            382            592         726.68       0.551066       0.282499
            383            553         347.87       0.386149       0.282499
            384           1281         171.99        0.11837       0.282499
            385            593         452.47       0.432791       0.282499
            386           1015         307.85       0.232717       0.282499
            387            876         263.04       0.230931       0.282499
            388            678         267.62        0.28301       0.282499
            389            628         272.12       0.302315       0.282499
            390            430          378.7       0.468282       0.282499
            391            776         200.04       0.204951       0.282499
            392            462         290.98       0.386438       0.282499
            393           1240          353.6       0.221888       0.282499
            394            274         398.46       0.592541       0.282499
            395            719         407.01       0.361462       0.282499
            396           1605         320.95       0.166645       0.282499
            397            400            193       0.325464       0.282499
            398            906         107.74        0.10628       0.282499
            399            548         328.92       0.375086       0.282499
            400            470          339.3       0.419251       0.282499
            401            798         301.42       0.274163       0.282499
            402            230          614.7       0.727714       0.891296
            403            116         536.64        0.82226       0.891296
            404            152         719.08       0.825504       0.891296
            405            100           1167       0.921073       0.891296
            406             84        1085.36       0.928166       0.891296
            407            465         949.35       0.671227       0.891296
            408            284         979.36       0.775203       0.891296
            409             88         956.52       0.915751       0.891296
            410            -20         1227.2        1.01657       0.891296
            411             93         984.47       0.913687       0.891296
            412             49        1175.71       0.959991       0.891296
            413            408         824.32       0.668917       0.891296
            414            880          375.2       0.298917       0.282499
            415            386         392.94       0.504455       0.282499
            416           1237         216.23       0.148793       0.282499
            417            126         385.54       0.753685       0.891296
            418            777         298.83       0.277767       0.282499
            419            821         133.59       0.139945       0.282499
            420            806         343.74       0.298972       0.282499
            421            956         372.24       0.280251       0.282499
            422            239         653.81       0.732306       0.891296
            423            187         740.73       0.798433       0.891296
            424            215         446.85       0.675153       0.891296
            425            222         709.38       0.761644       0.891296
            426            119         577.01       0.829025       0.891296
            427            109         567.11       0.838784       0.891296
            428            130          793.7       0.859262       0.891296
            429            242         688.18       0.739835       0.891296
            430            209         537.11        0.71988       0.891296
            431            127         814.33       0.865085       0.891296
            432            100           1142       0.919485       0.891296
            433            173         832.67       0.827975       0.891296
            434             55         990.45       0.947391       0.891296
            435           1198         400.42        0.25051       0.282499
            436           1007         161.53       0.138234       0.282499
            437            900            240       0.210526       0.282499
            438            572         459.88       0.445672       0.282499
            439            663         297.77       0.309928       0.282499
            440            587         311.73       0.346856       0.282499
            441            555         709.45       0.561074       0.282499
            442            263         884.77        0.77086       0.891296
            443            503         160.37        0.24175       0.282499
            444            814         169.06       0.171973       0.282499
            445           1024         140.96          0.121       0.282499
            446           2163         420.77       0.162851       0.282499
            447            649         170.71       0.208257       0.282499
            448            553         270.87       0.328778       0.282499
            449            822         167.38       0.169177       0.282499
            450            546         241.34       0.306526       0.282499
            451            524         139.96       0.210796       0.282499
            452            666         279.14       0.295342       0.282499
            453            838         328.02       0.281316       0.282499
            454            356         337.24       0.486469       0.282499
            455            590          168.1       0.221739       0.282499
            456            728         302.12       0.293286       0.282499
            457            972         187.88       0.161982       0.282499
            458            851         262.29       0.235599       0.282499
            459            571         114.09       0.166533       0.282499
            460            828         323.12       0.280701       0.282499
            461            686         237.94       0.257528       0.282499
            462            659         391.61       0.372745       0.282499
            463            168        1072.72       0.864595       0.891296
            464             86        1057.94       0.924821       0.891296
            465             75         926.25       0.925094       0.891296
            466            130         1021.7       0.887123       0.891296
            467            -45        1178.45         1.0397       0.891296
            468            145        1036.55        0.87728       0.891296
            469             81         947.99       0.921282       0.891296
            470             27        1100.33        0.97605       0.891296
            471            269        1179.51       0.814292       0.891296
            472            240         1178.6       0.830819       0.891296
            473            204         940.16       0.821703       0.891296
            474            269        1134.51       0.808338       0.891296
            475            221         975.59       0.815309       0.891296
            476             85        1120.15       0.929469       0.891296
            477            245        1716.55       0.875099       0.891296
            478            225        1292.75       0.851754       0.891296
            479            186        1215.94       0.867327       0.891296
            480            292        1083.68       0.787741       0.891296
            481            187         914.73       0.830267       0.891296
            482            140          963.6       0.873142       0.891296
            483            159        1431.61       0.900038       0.891296
            484             24         885.96       0.973625       0.891296
            485            583         305.57        0.34389       0.282499
            486            453         299.87       0.398302       0.282499
            487            265         398.35       0.600513       0.282499
            488            253         310.87       0.551315       0.282499
            489            401         341.79       0.460144       0.282499
            490            726         378.54       0.342713       0.282499
            491            466         213.14       0.313838       0.282499
            492            533         178.07       0.250425       0.282499
            493            629         346.91       0.355473       0.282499
            494            584         491.36       0.456926       0.282499
            495            480          449.2       0.483427       0.282499
            496            782         344.78       0.305987       0.282499
            497            737         219.23       0.229265       0.282499
            498            220          221.8       0.502037       0.282499
            499            497         204.63       0.291649       0.282499
            500            335         185.65       0.356574       0.282499
            501            608         281.32       0.316332       0.282499
            502           1278         251.62       0.164498       0.282499
            503            531         197.49       0.271095       0.282499
            504            640          194.6       0.233166       0.282499
            505            915         284.85       0.237405       0.282499
            506            546         310.34       0.362403       0.282499
            507            421         678.59        0.61713       0.891296
            508            118         963.22       0.890864       0.891296
            509             66         905.14       0.932039       0.891296
            510            125         891.75       0.877059       0.891296
            511             63         910.77       0.935303       0.891296
            512             58         873.82       0.937756       0.891296
            513            252        1091.08       0.812372       0.891296
            514            201         727.79       0.783589       0.891296
            515            122        1106.38       0.900682       0.891296
            516             80         1027.2       0.927746       0.891296
            517             42        1088.18       0.962838       0.891296
            518             55        1043.45       0.949929       0.891296
            519             89         912.31       0.911116       0.891296
            520            280         1084.2       0.794752       0.891296
            521            157        1207.03         0.8849       0.891296
            522            105        1168.95       0.917579       0.891296
            523            872         417.88       0.323968       0.282499
            524            781         402.99       0.340366       0.282499
            525            286        1023.94       0.781669       0.891296
            526             69        1019.51       0.936611       0.891296
            527            728         403.12        0.35639       0.282499
            528            939         339.81       0.265724       0.282499
            529           1182         168.78        0.12495       0.282499
            530            801         297.79       0.271016       0.282499
            531            525         265.75       0.336073       0.282499
            532            387         866.73       0.691321       0.891296
            533            200           1058       0.841017       0.891296
            534            209        1044.11       0.833215       0.891296
            535            291        1087.89       0.788961       0.891296
            536            185        1014.15       0.845724       0.891296
            537            515         435.85       0.458379       0.282499
            538            564         242.56       0.300734       0.282499
            539            965         307.35       0.241561       0.282499
            540           1051         281.29       0.211133       0.282499
            541            919         283.01       0.235447       0.282499
            542            442         235.18       0.347293       0.282499
            543           1066         134.14        0.11177       0.282499
            544            806         253.74       0.239436       0.282499
            545            643         148.97       0.188101       0.282499
            546           1113         431.27       0.279271       0.282499
            547           1987          69.73      0.0339033       0.282499
            548            760          233.4       0.234951       0.282499
            549           1178         519.62       0.306087       0.282499
            550            999         219.21       0.179944       0.282499
            551           1350          205.5       0.132112       0.282499
            552            601         197.79       0.247612       0.282499
            553            526         129.54       0.197608       0.282499
            554            758         195.82       0.205301       0.282499
            555            593         349.47       0.370802       0.282499
            556            682         258.78        0.27507       0.282499
            557            927          65.33       0.065835       0.282499
            558            625         164.75        0.20861       0.282499
            559            453         608.87       0.573394       0.282499
            560           1078         298.62       0.216923       0.282499
            561           1307         544.53       0.294097       0.282499
            562            934         361.86       0.279243       0.282499
            563           1047         294.13       0.219315       0.282499
            564            800            432       0.350649       0.282499
            565           1014         494.06       0.327613       0.282499
            566            573         338.67       0.371483       0.282499
            567            560          297.4       0.346863       0.282499
            568            590          204.1       0.257021       0.282499
            569            780          412.2       0.345747       0.282499
            570            601         243.79       0.288581       0.282499
            571            723         156.17       0.177633       0.282499
            572            544         369.76       0.404658       0.282499
            573            495         227.05       0.314452       0.282499
            574            330          760.7       0.697442       0.891296
            575            250         1117.5       0.817185       0.891296
            576            267        1165.93       0.813668       0.891296
            577            159        1169.61       0.880326       0.891296
            578             69        1088.51       0.940389       0.891296
            579             -7         969.47        1.00727       0.891296
            580             -2         959.42        1.00209       0.891296
            581             50         1259.5       0.961817       0.891296
            582             62         847.98       0.931867       0.891296
            583             82         487.78       0.856085       0.891296
            584            157         437.03       0.735704       0.891296
            585            163         553.77       0.772591       0.891296
            586             13         476.27        0.97343       0.891296
            587            123         642.17       0.839251       0.891296
            588             97         307.63       0.760275       0.891296
            589             86         647.94       0.882824       0.891296
            590            143         674.97       0.825177       0.891296
            591             53         890.87       0.943848       0.891296
            592             32         431.28       0.930927       0.891296
            593            274         909.46       0.768475       0.891296
            594             52        1253.08       0.960156       0.891296
            595             31        1061.49       0.971624       0.891296
            596             43        1155.97       0.964136       0.891296
            597            171         948.09       0.847197       0.891296
            598             54        1048.66       0.951028       0.891296
            599             11         886.69       0.987746       0.891296
            600            152        1029.08       0.871304       0.891296
            601            111         652.69       0.854653       0.891296
            602             66         512.14       0.885841       0.891296
            603             57         817.03       0.934785       0.891296
            604             24         918.96       0.974548       0.891296
            605            129         947.91       0.880213       0.891296
            606             77        1110.83       0.935176       0.891296
            607            124        1176.96       0.904686       0.891296
            608            152        1137.08       0.882086       0.891296
            609            142        1195.18       0.893806       0.891296
            610             76        1113.04       0.936083       0.891296
            611             12         808.48       0.985374       0.891296
            612             61         766.19       0.926256       0.891296
            613             64        1057.56       0.942937       0.891296
            614             26        1261.54       0.979806       0.891296
            615             68         986.72       0.935528       0.891296
            616            142        1351.18       0.904901       0.891296
            617            151        1284.29       0.894795       0.891296
            618            106        1156.74       0.916056       0.891296
            619             89        1277.31       0.934861       0.891296
            620            180          915.2       0.835646       0.891296
            621             69        1238.51       0.947228       0.891296
            622             15         858.85       0.982835       0.891296
            623             83         651.57       0.887009       0.891296
            624             68        1002.72       0.936491       0.891296
            625            313         801.27       0.719099       0.891296
            626            604         244.16        0.28787       0.282499
            627            737         360.23       0.328309       0.282499
            628            977         193.83       0.165549       0.282499
            629            527         370.33       0.412702       0.282499
            630           1287         329.73       0.203949       0.282499
            631           1107         378.53       0.254811       0.282499
            632           1102         239.58        0.17858       0.282499
            633            738         268.02       0.266416       0.282499
            634            935         245.65       0.208063       0.282499
            635           1045         269.55       0.205051       0.282499
            636            769          94.51       0.109449       0.282499
            637            527         221.33       0.295765       0.282499
            638            708         159.32       0.183692       0.282499
            639           1040          202.6       0.163045       0.282499
            640           1001         279.79       0.218451       0.282499
            641           1639         376.81       0.186927       0.282499
            642            694         133.26       0.161086       0.282499
            643            177        1003.83       0.850105       0.891296
            644             68        1001.72       0.936432       0.891296
            645            126        1110.54       0.898103       0.891296
            646             60         1170.4       0.951235       0.891296
            647            100           1235       0.925094       0.891296
            648            252         979.08       0.795302       0.891296
            649            143         977.97       0.872432       0.891296
            650            115        1071.85       0.903105       0.891296
            651              6        1314.74       0.995457       0.891296
            652             57        1237.03       0.955952       0.891296
            653            128        1237.12       0.906235       0.891296
            654            131         744.49        0.85037       0.891296
            655            204         883.16       0.812355       0.891296
            656            168         781.72       0.823106       0.891296
            657            132         885.28       0.870242       0.891296
            658            237         605.23       0.718604       0.891296
            659            892         249.68       0.218695       0.282499
            660           1336         419.44       0.238937       0.282499
            661           1766         182.14      0.0934943       0.282499
            662           1507         371.53       0.197777       0.282499
            663            541         172.39       0.241649       0.282499
            664            884         308.36       0.258613       0.282499
            665            605         351.95       0.367783       0.282499
            666            809         447.11       0.355948       0.282499
            667            931         340.49       0.267788       0.282499
            668            604         211.16       0.259041       0.282499
            669            640          291.6        0.31301       0.282499
            670           1137         350.23       0.235491       0.282499
            671            826         211.54       0.203886       0.282499
            672            744         244.76       0.247542       0.282499
            673            733         152.07       0.171817       0.282499
            674            559         149.61       0.211132       0.282499
            675            706         223.74       0.240648       0.282499
            676           1263         308.77       0.196447       0.282499
            677            775         262.25       0.252832       0.282499
            678            959         379.61       0.283585       0.282499
            679            549         224.71       0.290432       0.282499
            680            780          293.2       0.273202       0.282499
            681            598         291.42       0.327652       0.282499
            682            841         193.39        0.18696       0.282499
            683           1856         513.24       0.216626       0.282499
            684            960          253.4       0.208835       0.282499
            685           1542         390.18       0.201938       0.282499
            686           1471         205.09       0.122362       0.282499
            687            541         354.39       0.395794       0.282499
            688           1699         369.21       0.178517       0.282499
            689            706         248.74       0.260532       0.282499
            690           1549         334.71       0.177687       0.282499
            691            752         313.08        0.29395       0.282499
            692            854         238.66       0.218421       0.282499
            693           1076         306.04       0.221441       0.282499
            694           1164         293.56       0.201405       0.282499
            695           1297         351.63       0.213286       0.282499
            696           1465         347.35       0.191657       0.282499
            697            934         377.86       0.288034       0.282499
            698           1123         191.17       0.145468       0.282499
            699           1042         260.18       0.199803       0.282499
            700           1326         308.54       0.188763       0.282499
            701           1861         376.19       0.168153       0.282499
            702           1476         273.04       0.156108       0.282499
            703            949         295.71       0.237573       0.282499
            704            695         238.05       0.255131       0.282499
            705           1336         385.44       0.223906       0.282499
            706           2346         436.34       0.156825       0.282499
            707           1899         225.21       0.106021       0.282499
            708           1058         314.82       0.229324       0.282499
            709           1812         357.48       0.164777       0.282499
            710            869         137.51       0.136621       0.282499
            711            554         211.66       0.276441       0.282499
            712           1119         367.01       0.246977       0.282499
            713           2167         493.93       0.185623       0.282499
            714           1299         163.21       0.111619       0.282499
            715            523         315.17       0.376022       0.282499
            716            532         196.28       0.269512       0.282499
            717            570          170.3       0.230042       0.282499
            718            839         238.81        0.22157       0.282499
            719            766         371.14        0.32638       0.282499
            720            314         774.06       0.711413       0.891296
            721             84        1200.36       0.934598       0.891296
            722             35         896.65       0.962432       0.891296
            723             59         908.61       0.939025       0.891296
            724             29         865.91       0.967595       0.891296
            725            148        1055.92       0.877068       0.891296
            726             41        1099.39       0.964047       0.891296
            727             86        1091.94       0.926991       0.891296
            728             86        1074.94       0.925922       0.891296
            729             45        1070.55       0.959661       0.891296
            730             63        1034.77       0.942611       0.891296
            731             57        1106.03        0.95099       0.891296
            732            120          972.8        0.89019       0.891296
            733            126         947.54       0.882631       0.891296
            734             87        1068.73       0.924723       0.891296
            735             18        1102.22       0.983932       0.891296
            736             19        1037.01       0.982008       0.891296
            737            120          819.8       0.872313       0.891296
            738            -16        1095.36        1.01482       0.891296
            739             93         838.47       0.900158       0.891296
            740             54        1162.66       0.955616       0.891296
            741            121        1131.59         0.9034       0.891296
            742             55        1111.45       0.952848       0.891296
            743             34        1061.86       0.968974       0.891296
            744            249         874.71       0.778413       0.891296
            745            503         157.37       0.238306       0.282499
            746            753         366.87       0.327601       0.282499
            747            906         333.74       0.269202       0.282499
            748            859         245.61        0.22235       0.282499
            749            666         209.14       0.238979       0.282499
            750           1133         219.07       0.162026       0.282499
            751            375         894.25        0.70455       0.891296
            752            155        1305.45       0.893868       0.891296
            753            -89         851.69        1.11669       0.891296
            754            187        1025.73       0.845802       0.891296
            755            247        1142.13       0.822191       0.891296
            756            112         790.48       0.875898       0.891296
            757             60          983.4       0.942496       0.891296
            758            108        1048.32         0.9066       0.891296
            759             78        1099.62       0.933765       0.891296
            760            253         941.87       0.788261       0.891296
            761           1233         423.07       0.255466       0.282499
            762            915         544.85       0.373223       0.282499
            763           1011         283.69       0.219118       0.282499
            764            946         199.34       0.174044       0.282499
            765            718         223.22        0.23716       0.282499
            766            519         286.01       0.355288       0.282499
            767            523         255.17        0.32791       0.282499
            768            841         295.39       0.259937       0.282499
            769            884         285.36       0.244031       0.282499
            770            625         241.75       0.278915       0.282499
            771            630          414.7       0.396956       0.282499
            772            573         238.67       0.294048       0.282499
            773           1003         411.37        0.29085       0.282499
            774            890          188.1       0.174474       0.282499
            775            591         283.89       0.324487       0.282499
            776            660          135.4       0.170229       0.282499
            777            669         139.51       0.172552       0.282499
            778            668         241.72       0.265708       0.282499
            779            705         458.95       0.394304       0.282499
            780             70          871.3       0.925635       0.891296
            781            642         395.18       0.381014       0.282499
            782           1035         428.65       0.292864       0.282499
            783            955         307.45       0.243534       0.282499
            784           1017         492.43       0.326236       0.282499
            785            988         186.52       0.158805       0.282499
            786           1197         397.63       0.249356       0.282499
            787            631         278.49       0.306205       0.282499
            788            601         211.79       0.260572       0.282499
            789            646          40.34      0.0587755       0.282499
            790           1129         365.91       0.244771       0.282499
            791            281         623.99       0.689499       0.891296
            792            850          244.5        0.22339       0.282499
            793            202         956.58       0.825649       0.891296
            794            -16         935.36         1.0174       0.891296
            795             86        1262.94       0.936246       0.891296
            796             52        1213.08       0.958896       0.891296
            797            117         863.43       0.880665       0.891296
            798             59         798.61       0.931204       0.891296
            799            -26        1167.46        1.02278       0.891296
            800             93        1027.47       0.916999       0.891296
            801            128        1064.12       0.892628       0.891296
            802             72        1226.88       0.944568       0.891296
            803             -4        1126.84        1.00356       0.891296
            804            118        1013.22       0.895688       0.891296
            805            104        1069.16       0.911351       0.891296
            806             89         868.31       0.907031       0.891296
            807            103        1177.37       0.919555       0.891296
            808             77        1186.83       0.939074       0.891296
            809            143        1208.97       0.894228       0.891296
            810             43         861.97       0.952485       0.891296
            811             21         806.59       0.974625       0.891296
            812             52         859.08       0.942925       0.891296
            813              5         797.95       0.993773       0.891296
            814            737         269.23       0.267563       0.282499
            815            594         379.26        0.38968       0.282499
            816            646         261.34       0.288029       0.282499
            817            717         170.43       0.192049       0.282499
            818            580          375.2       0.392797       0.282499
            819            925         151.75       0.140933       0.282499
            820            764         139.56       0.154456       0.282499
            821            647         266.13       0.291448       0.282499
            822            497         578.63       0.537945       0.282499
            823             10         1166.9       0.991503       0.891296
            824             32         724.28       0.957688       0.891296
            825             12        1041.48       0.988609       0.891296
            826             69         930.51       0.930966       0.891296
            827            466         241.14       0.341007       0.282499
            828            602         196.58       0.246162       0.282499
            829            569         344.51       0.377128       0.282499
            830            643         232.97       0.265957       0.282499
            831            694          94.26        0.11958       0.282499
            832            802         455.58       0.362267       0.282499
            833           1008         276.32       0.215149       0.282499
            834            654         421.66       0.392001       0.282499
            835           1448         210.92       0.127143       0.282499
            836            685         379.15       0.356294       0.282499
            837            609         175.11       0.223323       0.282499
            838            807         268.53       0.249672       0.282499
            839           1349         196.71       0.127262       0.282499
            840           1199         456.21       0.275621       0.282499
            841            703         191.37       0.213972       0.282499
            842            526         311.54        0.37197       0.282499
            843            595         363.05       0.378947       0.282499
            844           1144         329.76       0.223754       0.282499
            845            698         202.42       0.224806       0.282499
            846            579         213.41       0.269318       0.282499
            847           1852         340.08        0.15514       0.282499
            848            640          367.6       0.364827       0.282499
            849           1978         346.62       0.149108       0.282499
            850           1482         182.78       0.109792       0.282499
            851           1314         639.06        0.32721       0.282499
            852           1315         481.85       0.268164       0.282499
            853           1371         384.09       0.218843       0.282499
            854           1497         482.63       0.243798       0.282499
            855           1239         382.81       0.236039       0.282499
            856            502         278.58       0.356888       0.282499
            857            610          423.9       0.410001       0.282499
            858            638         246.02       0.278297       0.282499
            859           1149         357.71       0.237411       0.282499
            860           1177         376.83       0.242517       0.282499
            861           1090          439.1       0.287162       0.282499
            862           1437         211.23       0.128156       0.282499
            863           1465         267.35       0.154328       0.282499
            864           1325         339.75       0.204085       0.282499
            865           1376         311.04        0.18437       0.282499
            866           1286         381.94       0.228989       0.282499
            867           1175         404.25       0.255976       0.282499
            868           1310          410.9        0.23877       0.282499
            869           1029         291.91       0.220992       0.282499
            870           1352         480.08       0.262041       0.282499
            871           1359         328.61       0.194719       0.282499
            872           1110          436.9       0.282436       0.282499
            873           1346         502.34       0.271779       0.282499
            874           1186         390.94       0.247911       0.282499
            875           1466         477.14       0.245551       0.282499
            876           1351         398.29       0.227687       0.282499
            877           1571         278.09       0.150393       0.282499
            878           1535         210.65       0.120671       0.282499
            879            693         227.47       0.247124       0.282499
            880           1747         340.13       0.162965       0.282499
            881            835         152.65       0.154559       0.282499
            882           1734         108.86      0.0590712       0.282499
            883            964         866.56       0.473385       0.282499
            884             44        1293.76       0.967109       0.891296
            885            171        1072.09        0.86244       0.891296
            886             48         897.92       0.949256       0.891296
            887            117         942.43       0.889563       0.891296
            888             68        1113.72       0.942457       0.891296
            889              4        1047.16       0.996195       0.891296
            890            148         742.92        0.83388       0.891296
            891            249         954.71        0.79314       0.891296
            892             18        1091.22       0.983772       0.891296
            893            185        1074.15       0.853075       0.891296
            894             59         944.61       0.941212       0.891296
            895             21        1019.59       0.979819       0.891296
            896             16        1085.64       0.985476       0.891296
            897              4         897.16       0.995561       0.891296
            898             62         943.98       0.938369       0.891296
            899            -14         984.94        1.01442       0.891296
            900             90         1004.1       0.917741       0.891296
            901             87        1115.73       0.927665       0.891296
            902             50          930.5       0.949006       0.891296
            903            148         808.92       0.845337       0.891296
            904             83         904.57       0.915955       0.891296
            905            125         908.75       0.879081       0.891296
            906             41         683.39       0.943401       0.891296
            907             90          779.1       0.896445       0.891296
            908            405         702.95        0.63446       0.891296
            909            210          868.9       0.805357       0.891296
            910             47        1061.13       0.957586       0.891296
            911             86         943.94         0.9165       0.891296
            912             69         827.51       0.923035       0.891296
            913            128         655.12       0.836551       0.891296
            914             78         425.62       0.845121       0.891296
            915             79         567.41       0.877787       0.891296
            916             99         394.21       0.799274       0.891296
            917            -40          461.4        1.09492       0.891296
            918            262         710.98       0.730724       0.891296
            919            164         985.56       0.857337       0.891296
            920            232         782.28       0.771266       0.891296
            921            137         525.23       0.793123       0.891296
            922             20          447.8       0.957247       0.891296
            923            129        1191.91        0.90234       0.891296
            924            141        1104.39       0.886782       0.891296
            925            136         926.44       0.871993       0.891296
            926             78        1038.62       0.930146       0.891296
            927             97         879.63       0.900679       0.891296
            928             25         813.75       0.970194       0.891296
            929             61        1019.19       0.943528       0.891296
            930             29         856.91       0.967265       0.891296
            931            123        1043.17       0.894527       0.891296
            932             63        1123.77       0.946915       0.891296
            933            142         923.18       0.866689       0.891296
            934             -2        1170.42        1.00171       0.891296
            935             95        1123.05       0.922006       0.891296
            936             23        1236.17       0.981734       0.891296
            937             56        1208.24       0.955705       0.891296
            938            588         718.52       0.549949       0.282499
            939            433         313.07       0.419626       0.282499
            940            123         974.17       0.887893       0.891296
            941            190          808.1       0.809638       0.891296
            942            300            851       0.739357       0.891296
            943            754         317.66       0.296419       0.282499
            944            816         390.64       0.323742       0.282499
            945            835         157.65       0.158817       0.282499
            946            654         373.66       0.363603       0.282499
            947            669         278.51       0.293939       0.282499
            948            724         296.96       0.290864       0.282499
            949            684         286.36       0.295107       0.282499
            950            838         329.02       0.281932       0.282499
            951            766         321.14       0.295399       0.282499
            952            669         317.51       0.321852       0.282499
            953            853         259.87       0.233513       0.282499
            954            832         301.28       0.265848       0.282499
            955             38         918.02       0.960252       0.891296
            956             86         945.94       0.916662       0.891296
            957             49         743.71       0.938187       0.891296
            958            102         941.58        0.90226       0.891296
            959            129         957.91       0.881315       0.891296
            960             70         1076.3       0.938934       0.891296
            961             55         946.45        0.94508       0.891296
            962             72        1002.88       0.933016       0.891296
            963             -2         871.42         1.0023       0.891296
            964            456         287.24        0.38647       0.282499
            965            343         737.97       0.682692       0.891296
            966            186         400.94       0.683102       0.891296
            967            125         861.75       0.873322       0.891296
            968            126         852.54       0.871237       0.891296
            969             63         855.77        0.93143       0.891296
            970             99        1128.21       0.919329       0.891296
            971            625         279.75       0.309201       0.282499
            972            559         418.61       0.428197       0.282499
            973            636         239.44       0.273508       0.282499
            974            744         319.76       0.300594       0.282499
            975            950          222.5       0.189765       0.282499
            976            853         286.87       0.251669       0.282499
            977            812         206.48       0.202733       0.282499
            978            552         426.08       0.435629       0.282499
            979            960          207.4        0.17766       0.282499
            980            771         181.09       0.190203       0.282499
            981            781         165.99       0.175282       0.282499
            982            952         248.08        0.20672       0.282499
            983            682         181.78       0.210447       0.282499
            984            399         330.21       0.452833       0.282499
            985            894         296.26       0.248904       0.282499
            986            783         231.57       0.228244       0.282499
            987            928         193.12       0.172256       0.282499
            988            846         258.34       0.233932       0.282499
            989           1188         314.52       0.209328       0.282499
            990            749         141.71       0.159098       0.282499
            991            684         331.36       0.326347       0.282499
            992            637         248.23       0.280413       0.282499
            993            634         392.86       0.382584       0.282499
            994            754         196.66       0.206867       0.282499
            995            435         226.65       0.342553       0.282499
            996            540          287.6       0.347511       0.282499
            997            602         205.58       0.254563       0.282499
            998            623         240.17       0.278242       0.282499
            999            720          158.8       0.180701       0.282499
           1000            651         226.29       0.257942       0.282499
           1001            670          199.3       0.229265       0.282499
           1002            694          73.26      0.0954826       0.282499
           1003            554         268.66       0.326575       0.282499
           1004            673         304.67       0.311629       0.282499
           1005            779          50.41      0.0607781       0.282499
           1006            595         396.05       0.399627       0.282499
           1007            587         306.73       0.343202       0.282499
           1008            679         181.41       0.210841       0.282499
           1009            569         156.51       0.215724       0.282499
           1010            532         169.28       0.241387       0.282499
           1011            730          312.7       0.299895       0.282499
           1012            486         191.94       0.283122       0.282499
           1013            681         193.99       0.221705       0.282499
           1014            633         221.07       0.258843       0.282499
           1015            158         255.82       0.618191       0.282499
           1016            757         328.03       0.302323       0.282499
           1017            637         181.23        0.22149       0.282499
           1018            615         164.85       0.211387       0.282499
           1019            812         186.48       0.186764       0.282499
           1020            888         117.52       0.116875       0.282499
           1021            302         297.58       0.496314       0.282499
           1022            702         323.58       0.315509       0.282499
           1023            543         323.97       0.373681       0.282499
           1024           1554         204.66       0.116373       0.282499
           1025           1618         394.22       0.195913       0.282499
           1026           1165         305.35       0.207672       0.282499
           1027           1738         228.02       0.115981       0.282499
           1028           1131         422.49       0.271962       0.282499
           1029           1330          196.7        0.12884       0.282499
           1030           1742         157.18       0.082762       0.282499
           1031           1888         225.52       0.106704       0.282499
           1032           1468         356.72       0.195493       0.282499
           1033           1855         207.45       0.100584       0.282499
           1034           1781         338.99       0.159902       0.282499
           1035           1837         264.23        0.12575       0.282499
           1036           1318         210.22       0.137559       0.282499
           1037           1665         175.35      0.0952808       0.282499
           1038           1923         465.17       0.194781       0.282499
           1039           1633         228.07       0.122548       0.282499
           1040           1631         439.49       0.212264       0.282499
           1041           2366         282.14       0.106543       0.282499
           1042           1458         342.82       0.190369       0.282499
           1043           1933         296.07       0.132822       0.282499
           1044           1974         203.46      0.0934391       0.282499
           1045            898         173.42        0.16186       0.282499
           1046            269          21.51      0.0740422       0.282499
           1047             28          60.12       0.682251       0.891296
           1048           1218         167.22       0.120717       0.282499
           1049           1548         465.92        0.23135       0.282499
           1050           1290          352.1       0.214421       0.282499
           1051              4         216.16       0.981831       0.891296
           1052             30           11.7       0.280576       0.282499
           1053            -11         146.31        1.08129       0.891296
           1054             15         874.85       0.983143       0.891296
           1055             73         907.67       0.925561       0.891296
           1056             62         876.98       0.933971       0.891296
           1057            104         823.16        0.88783       0.891296
           1058            111         816.69       0.880348       0.891296
           1059            125         737.75       0.855114       0.891296
           1060            197         740.63       0.789896       0.891296
           1061             14         742.06       0.981483       0.891296
           1062            216         809.64         0.7894       0.891296
           1063            672         495.88       0.424598       0.282499
           1064           1087         546.73       0.334651       0.282499
           1065            468         370.72       0.442007       0.282499
           1066            480          329.2       0.406822       0.282499
           1067            118         754.22       0.864713       0.891296
           1068             96         921.84       0.905683       0.891296
           1069            201         783.79       0.795896       0.891296
           1070            581         297.99       0.339014       0.282499
           1071            419         395.01       0.485264       0.282499
           1072            463         359.77       0.437267       0.282499
           1073            423         328.17       0.436878       0.282499
           1074            637         374.23       0.370074       0.282499
           1075            665         350.35       0.345053       0.282499
           1076            563         663.77       0.541071       0.282499
           1077            760          823.4        0.52002       0.282499
           1078           1141        1045.39       0.478135       0.282499
           1079            736         625.44       0.459396       0.282499
           1080            762         967.98       0.559532       0.282499
           1081            502         332.58         0.3985       0.282499
           1082            823         589.17       0.417209       0.282499
           1083            348         405.92       0.538413       0.282499
           1084            551         375.29       0.405154       0.282499
           1085             58         843.82       0.935686       0.891296
           1086            502         311.58       0.382974       0.282499
           1087            832         539.28       0.393268       0.282499
           1088            449         435.71       0.492489       0.282499
           1089            537         502.23       0.483271       0.282499
           1090            485         420.15       0.464177       0.282499
           1091            509         490.11       0.490547       0.282499
           1092            517         292.43       0.361279       0.282499
           1093            304         562.16       0.649026       0.891296
           1094            333         609.07       0.646523       0.891296
           1095            630          373.7       0.372322       0.282499
           1096            905         392.95       0.302747       0.282499
           1097           1515         935.85       0.381847       0.282499
           1098           1541        1160.39       0.429553       0.282499
           1099            753         459.87       0.379159       0.282499
           1100           1182         606.78       0.339214       0.282499
           1101            574        1116.46       0.660447       0.282499
           1102            448         500.92       0.527884       0.282499
           1103            680          506.2       0.426741       0.282499
           1104           1081         642.99       0.372966       0.282499
           1105            823         443.17       0.350008       0.282499
           1106            544         618.76       0.532148       0.282499
           1107            404         875.16       0.684168       0.891296
           1108            355        1049.45       0.747232       0.891296
           1109            539         780.81       0.591608       0.891296
           1110            981         541.99       0.355872       0.282499
           1111            837         506.23       0.376875       0.282499
           1112            825         439.75       0.347697       0.282499
           1113            841         376.39       0.309178       0.282499
           1114           1039         487.81       0.319496       0.282499
           1115            753         314.87       0.294858       0.282499
           1116            987         488.73       0.331178       0.282499
           1117           1028         305.12       0.228877       0.282499
           1118           1045         383.55       0.268489       0.282499
           1119           1332         696.28       0.343286       0.282499
           1120           1250          640.5       0.338799       0.282499
           1121            858         462.82       0.350404       0.282499
           1122           1209         613.11       0.336484       0.282499
           1123            959         682.61       0.415817       0.282499
           1124            948         546.92       0.365852       0.282499
           1125            995         436.05       0.304706       0.282499
           1126           1415        1043.85       0.424528       0.282499
           1127           1010          548.9       0.352107       0.282499
           1128           1258         927.82       0.424472       0.282499
           1129            659         547.61       0.453842       0.282499
           1130            516         933.64        0.64405       0.282499
           1131            681         913.99       0.573038       0.891296
           1132            416        1009.64       0.708201       0.891296
           1133            444         795.76       0.641866       0.891296
           1134            510         1027.9       0.668379       0.891296
           1135            354         917.66       0.721624       0.891296
           1136            -24         899.04        1.02743       0.891296
           1137            474         391.46       0.452314       0.282499
           1138            666         599.14       0.473576       0.282499
           1139            794         479.26       0.376404       0.282499
           1140           1179        1079.41       0.477951       0.282499
           1141           1491        1185.89        0.44301       0.282499
           1142            877         837.83       0.488579       0.282499
           1143            541         434.39        0.44535       0.282499
           1144           1550          883.5       0.363057       0.282499
           1145           1129         630.91        0.35849       0.282499
           1146            904         349.16       0.278624       0.282499
           1147           1115        1079.85       0.491993       0.282499
           1148            341         620.39       0.645305       0.282499
           1149           1119         755.01       0.402885       0.282499
           1150           1072         694.88       0.393281       0.282499
