              0            507         147.53       0.225398       0.259165
              1            567         402.93       0.415422       0.259165
              2            671         261.09       0.280112       0.259165
              3            528         274.12       0.341744       0.259165
              4            688         266.52       0.279219       0.259165
              5            769         234.51        0.23369       0.259165
              6            602         240.58       0.285528       0.259165
              7            752         342.08       0.312665       0.259165
              8            566         164.14       0.224806       0.259165
              9            490          310.1       0.387577       0.259165
             10            588         237.52       0.287722       0.259165
             11            730          227.7       0.237757       0.259165
             12            466         217.14       0.317856       0.259165
             13            315         593.85       0.653408       0.862494
             14             72         889.88       0.925147       0.862494
             15              6         951.74       0.993735       0.862494
             16            146         800.34       0.845721       0.862494
             17             57         877.03       0.938974       0.862494
             18            114         816.06       0.877427       0.862494
             19            410          591.9       0.590778       0.862494
             20            490          256.1       0.343252       0.259165
             21            389         223.31       0.364701       0.259165
             22            492         306.68       0.383984       0.259165
             23            157        1001.03       0.864425       0.862494
             24            214        1182.06       0.846711       0.862494
             25            130         1042.7       0.889145       0.862494
             26            165        1143.35       0.873887       0.862494
             27            844          77.76      0.0843604       0.259165
             28            591         217.89       0.269369       0.259165
             29            673         176.67       0.207928       0.259165
             30            755         374.45       0.331533       0.259165
             31            629         361.91        0.36523       0.259165
             32            596         187.84       0.239641       0.259165
             33            493         328.47       0.399856       0.259165
             34            519         204.01       0.282168       0.259165
             35            669         164.51        0.19737       0.259165
             36            319         769.01       0.706804       0.862494
             37            454         167.66       0.269697       0.259165
             38            621          78.59       0.112337       0.259165
             39            743         193.97       0.207018       0.259165
             40            470          251.3       0.348399       0.259165
             41            480          214.2       0.308557       0.259165
             42            558         332.82       0.373611       0.259165
             43            600             80       0.117647       0.259165
             44            327         564.33       0.633133       0.862494
             45            478         501.62       0.512056       0.259165
             46            567          59.93      0.0955928       0.259165
             47            620          319.8       0.340285       0.259165
             48            135         797.65       0.855251       0.862494
             49            126         775.54       0.860239       0.862494
             50             98         988.42       0.909795       0.862494
             51            513         474.27       0.480385       0.259165
             52            675         272.25       0.287411       0.259165
             53            884         221.36       0.200261       0.259165
             54            622         224.38       0.265106       0.259165
             55            506         150.74       0.229528       0.259165
             56            689         345.31       0.333855       0.259165
             57            532         133.28       0.200337       0.259165
             58            547         394.13       0.418784       0.259165
             59            610          295.9       0.326636       0.259165
             60            641          69.39      0.0976787       0.259165
             61            570          266.3       0.318426       0.259165
             62            729         215.91       0.228498       0.259165
             63            455         163.45        0.26429       0.259165
             64            608         232.32       0.276466       0.259165
             65            450           94.5       0.173554       0.259165
             66            539         224.81       0.294327       0.259165
             67            688         169.52       0.197686       0.259165
             68            469         185.51       0.283433       0.259165
             69            531         179.49       0.252628       0.259165
             70            325         561.75       0.633493       0.862494
             71            655         295.45       0.310853       0.259165
             72            668         201.72       0.231937       0.259165
             73            609         256.11       0.296043       0.259165
             74            219        1128.01       0.837418       0.862494
             75             79        1037.41       0.929237       0.862494
             76            479         218.41       0.313173       0.259165
             77            665         108.35       0.140105       0.259165
             78            486         213.94       0.305655       0.259165
             79            618         177.22       0.222857       0.259165
             80            610           87.9       0.125949       0.259165
             81            522         187.38       0.264146       0.259165
             82            528         167.12       0.240419       0.259165
             83            672           5.88      0.0086741       0.259165
             84            640           53.6       0.077278       0.259165
             85            494         142.26       0.223588       0.259165
             86            595         193.05       0.244972       0.259165
             87            603          84.37       0.122743       0.259165
             88            584         263.36       0.310801       0.259165
             89            607         134.53       0.181422       0.259165
             90            574         413.46       0.418711       0.259165
             91            595         164.05       0.216125       0.259165
             92            582         291.78       0.333928       0.259165
             93            438         314.02       0.417569       0.259165
             94            496         120.84       0.195902       0.259165
             95            722         216.38       0.230589       0.259165
             96            526         255.54        0.32697       0.259165
             97            477         222.83       0.318406       0.259165
             98            500            277       0.356499       0.259165
             99            372         321.88       0.463884       0.259165
            100            638         207.02       0.244988       0.259165
            101            327        1043.33       0.761371       0.862494
            102             79        1262.41       0.941107       0.862494
            103            317         689.43       0.685025       0.862494
            104            692         110.68       0.137888       0.259165
            105            618         231.22       0.272273       0.259165
            106            618         246.22       0.284904       0.259165
            107            563         101.77       0.153091       0.259165
            108            467         327.93       0.412527       0.259165
            109             68        1019.72       0.937484       0.862494
            110            398         478.42        0.54588       0.259165
            111            422         363.38        0.46268       0.259165
            112            604         207.16       0.255387       0.259165
            113            394         302.26       0.434119       0.259165
            114            416         594.64        0.58838       0.259165
            115            599         155.21       0.205791       0.259165
            116            482         200.78       0.294063       0.259165
            117            545         184.55       0.252964       0.259165
            118            418         325.22       0.437582       0.259165
            119            346          60.34       0.148496       0.259165
            120            460           75.4       0.140829       0.259165
            121            509          86.11       0.144696       0.259165
            122            525         182.75       0.258213       0.259165
            123            493          90.47       0.155055       0.259165
            124            534         117.86       0.180806       0.259165
            125            584         149.36       0.203665       0.259165
            126            655         191.45        0.22618       0.259165
            127            508         177.32        0.25874       0.259165
            128            564         140.56         0.1995       0.259165
            129            516         157.64       0.234012       0.259165
            130            614         213.06       0.257611       0.259165
            131            508         275.32       0.351478       0.259165
            132            545         111.55       0.169903       0.259165
            133            285         661.15       0.698779       0.862494
            134            659         197.61       0.230688       0.259165
            135            492         120.68       0.196971       0.259165
            136            561         234.19       0.294508       0.259165
            137            750          175.5       0.189627       0.259165
            138            482         362.78       0.429437       0.259165
            139            138         915.02       0.868948       0.862494
            140            442         536.18        0.54814       0.259165
            141            601         227.79       0.274846       0.259165
            142            581         170.99       0.227383       0.259165
            143            611         215.69       0.260908       0.259165
            144             76         952.04       0.926073       0.862494
            145            189         955.31       0.834835       0.862494
            146            349         696.71       0.666255       0.862494
            147            653         227.87       0.258687       0.259165
            148            452         385.08       0.460028       0.259165
            149             70          851.3        0.92402       0.862494
            150            113         782.27       0.873781       0.862494
            151            101         940.79       0.903051       0.862494
            152            102         947.58       0.902818       0.862494
            153            162         882.98       0.844973       0.862494
            154            127         812.33       0.864797       0.862494
            155            209        1041.11       0.832815       0.862494
            156            105        1183.95       0.918538       0.862494
            157            140         1173.6       0.893423       0.862494
            158             37         950.23       0.962521       0.862494
            159            130          943.7       0.878923       0.862494
            160            186         915.94       0.831207       0.862494
            161            110          774.9       0.875692       0.862494
            162            111        1114.69       0.909439       0.862494
            163            142        1080.18       0.883814       0.862494
            164             97         923.63       0.904961       0.862494
            165            545         264.55       0.326786       0.259165
            166            589         130.31        0.18116       0.259165
            167            531         168.49       0.240875       0.259165
            168            590          224.1       0.275273       0.259165
            169            592         197.68       0.250329       0.259165
            170            561         299.19       0.347819       0.259165
            171            500            344       0.407583       0.259165
            172            529         226.91       0.300181       0.259165
            173            584         130.36       0.182485       0.259165
            174            583         245.57       0.296378       0.259165
            175            496         101.84       0.170347       0.259165
            176            449         230.71       0.339424       0.259165
            177            443          51.97       0.104996       0.259165
            178            694         336.26       0.326384       0.259165
            179            519         143.01       0.216024       0.259165
            180            432         167.28       0.279135       0.259165
            181           1146           7.34     0.00636413       0.259165
            182            456         168.24       0.269512       0.259165
            183            641         244.39       0.276025       0.259165
            184            575         257.25       0.309102       0.259165
            185            573         190.67       0.249676       0.259165
            186            291         548.89       0.653526       0.862494
            187            120         1132.8       0.904215       0.862494
            188            132         974.28       0.880681       0.862494
            189            159         867.61       0.845121       0.862494
            190             75         887.25       0.922058       0.862494
            191             49         881.71       0.947352       0.862494
            192            386         406.94       0.513204       0.259165
            193            562         160.98       0.222662       0.259165
            194            518         258.22       0.332663       0.259165
            195            549         326.71        0.37308       0.259165
            196            194         927.26        0.82698       0.862494
            197            200            683       0.773499       0.862494
            198            271         778.09       0.741681       0.862494
            199            667         170.93       0.203991       0.259165
            200            590          192.1       0.245621       0.259165
            201            734         191.86       0.207224       0.259165
            202            540          175.6       0.245388       0.259165
            203            561         216.19       0.278169       0.259165
            204            666         171.14       0.204434       0.259165
            205            704         254.16       0.265258       0.259165
            206            668         212.72        0.24153       0.259165
            207            482          56.78       0.105386       0.259165
            208            633         174.07       0.215681       0.259165
            209            555         219.45       0.283362       0.259165
            210            517         184.43       0.262934       0.259165
            211            579         261.41       0.311051       0.259165
            212            539         247.81       0.314955       0.259165
            213            752         219.08       0.225604       0.259165
            214            624         314.96       0.335435       0.259165
            215            657         112.03       0.145677       0.259165
            216            671         170.09       0.202226       0.259165
            217            656         175.24       0.210818       0.259165
            218            706         155.74       0.180727       0.259165
            219            721         240.59         0.2502       0.259165
            220            579         255.41       0.306097       0.259165
            221            675         316.25       0.319042       0.259165
            222            533          47.07      0.0811454       0.259165
            223            589         171.31       0.225316       0.259165
            224            604         161.16       0.210623       0.259165
            225            733         290.07       0.283529       0.259165
            226            649         146.71       0.184376       0.259165
            227            603         157.37       0.206965       0.259165
            228            544         218.76       0.286801       0.259165
            229            566         103.14       0.154138       0.259165
            230            408         133.32       0.246287       0.259165
            231            611         220.69       0.265351       0.259165
            232            739         216.81       0.226834       0.259165
            233            649         402.71        0.38291       0.259165
            234            579         406.41       0.412427       0.259165
            235            322         507.38       0.611758       0.862494
            236            337         741.23       0.687451       0.862494
            237            597         148.63       0.199335       0.259165
            238            530          124.7       0.190469       0.259165
            239            631         196.49       0.237453       0.259165
            240            553         242.87       0.305163       0.259165
            241            564         217.56       0.278366       0.259165
            242            644          28.76      0.0427493       0.259165
            243            413          79.27        0.16103       0.259165
            244            598          61.42      0.0931425       0.259165
            245            518         242.22       0.318618       0.259165
            246            530          263.7       0.332241       0.259165
            247            583          74.57       0.113402       0.259165
            248            559         253.61       0.312093       0.259165
            249            564         277.56       0.329816       0.259165
            250            579         253.41       0.304429       0.259165
            251            616         124.64       0.168287       0.259165
            252            538         165.02        0.23473       0.259165
            253            435         272.65       0.385289       0.259165
            254            526         126.54       0.193919       0.259165
            255            531         241.49       0.312612       0.259165
            256            520          239.8       0.315609       0.259165
            257            431          39.49      0.0839338       0.259165
            258            537         103.23       0.161239       0.259165
            259            448         216.92       0.326235       0.259165
            260            579         137.41       0.191804       0.259165
            261            605         176.95       0.226293       0.259165
            262            494         247.26       0.333567       0.259165
            263            619          16.01      0.0252122       0.259165
            264            501         284.79       0.362425       0.259165
            265            620           98.8       0.137451       0.259165
            266            582         315.78       0.351734       0.259165
            267            436         247.44       0.362051       0.259165
            268            616         229.64       0.271558       0.259165
            269            322         381.38        0.54221       0.259165
            270            141        1138.39       0.889791       0.862494
            271            160          867.4       0.844267       0.862494
            272            264         497.56       0.653343       0.862494
            273            532          48.28      0.0832012       0.259165
            274            509         259.11       0.337334       0.259165
            275            400            393       0.495586       0.259165
            276            545         161.55       0.228646       0.259165
            277            611         230.69        0.27408       0.259165
            278            486         245.94       0.336011       0.259165
            279            457         198.03       0.302322       0.259165
            280            655         172.45       0.208411       0.259165
            281            526         332.54       0.387332       0.259165
            282            272         732.88       0.729321       0.862494
            283            163        1049.77       0.865597       0.862494
            284             83         947.57       0.919462       0.862494
            285            118         735.22         0.8617       0.862494
            286            274        1028.46       0.789629       0.862494
            287            648         125.92       0.162704       0.259165
            288            587         128.73       0.179858       0.259165
            289            459         212.61       0.316568       0.259165
            290            556         173.24       0.237562       0.259165
            291            580          109.2       0.158445       0.259165
            292            461         197.19       0.299594       0.259165
            293            352         180.08       0.338445       0.259165
            294            426         228.54       0.349161       0.259165
            295            541         204.39       0.274205       0.259165
            296            545         281.55       0.340633       0.259165
            297            608         283.32       0.317866       0.259165
            298            167         901.93       0.843769       0.862494
            299            135        1114.65        0.89197       0.862494
            300            672         421.88       0.385673       0.259165
            301            508         632.32       0.554511       0.259165
            302            122         841.38       0.873363       0.862494
            303            162        1077.98       0.869353       0.862494
            304            176         959.04       0.844939       0.862494
            305            135        1091.65       0.889944       0.862494
            306             80         1097.2       0.932042       0.862494
            307            167         888.93       0.841846       0.862494
            308            266         602.14       0.693598       0.862494
            309            523         191.17       0.267681       0.259165
            310            577         288.83       0.333587       0.259165
            311            651         214.29       0.247651       0.259165
            312            683         231.57       0.253201       0.259165
            313            473         195.67       0.292626       0.259165
            314            567         219.93       0.279478       0.259165
            315            576         346.04       0.375298       0.259165
            316            623         104.17       0.143254       0.259165
            317            552         342.08       0.382606       0.259165
            318            572         312.88       0.353585       0.259165
            319            669         123.51       0.155847       0.259165
            320            541         257.39       0.322386       0.259165
            321            574         117.46       0.169872       0.259165
            322            655         250.45       0.276603       0.259165
            323            814         131.06       0.138679       0.259165
            324            759         193.61       0.203242       0.259165
            325            738         302.02       0.290398       0.259165
            326            673         200.67       0.229686       0.259165
            327            621         192.59       0.236716       0.259165
            328            634         148.86       0.190149       0.259165
            329            501         233.79       0.318173       0.259165
            330            498         261.42       0.344236       0.259165
            331            444         289.76       0.394898       0.259165
            332            527         175.33        0.24964       0.259165
            333            591         412.89        0.41129       0.259165
            334            577         285.83        0.33127       0.259165
            335            542         119.18       0.180253       0.259165
            336            588         169.52       0.223783       0.259165
            337            601         128.79       0.176475       0.259165
            338            635         162.65       0.203911       0.259165
            339            460          224.4       0.327878       0.259165
            340            607         249.53       0.291327       0.259165
            341            417         139.43        0.25058       0.259165
            342            560          171.4       0.234345       0.259165
            343            492         467.68       0.487329       0.259165
            344            567         207.93       0.268321       0.259165
            345            375         208.25       0.357051       0.259165
            346            650          227.5       0.259259       0.259165
            347            724         156.96       0.178169       0.259165
            348            566         253.14       0.309031       0.259165
            349            260          733.4       0.738273       0.862494
            350            122         834.38       0.872436       0.862494
            351            237         747.23       0.759203       0.862494
            352            456         301.24       0.397813       0.259165
            353            654         118.66       0.153573       0.259165
            354            497         251.63       0.336121       0.259165
            355            774         202.46       0.207341       0.259165
            356            722         298.38        0.29242       0.259165
            357            953         272.87       0.222593       0.259165
            358           1081         190.99       0.150151       0.259165
            359            982         442.78       0.310771       0.259165
            360            760           91.4       0.107353       0.259165
            361            564         241.56       0.299866       0.259165
            362            484         177.36       0.268175       0.259165
            363            521         146.59       0.219581       0.259165
            364            107         838.53       0.886836       0.862494
            365            140          936.6       0.869961       0.862494
            366            526         393.54       0.427975       0.259165
            367            744          62.76      0.0777927       0.259165
            368            689         279.31       0.288451       0.259165
            369            648         261.92       0.287849       0.259165
            370            438         120.02       0.215082       0.259165
            371            698          81.42       0.104462       0.259165
            372            724          60.96        0.07766       0.259165
            373            757         119.03       0.135874       0.259165
            374            686          68.94      0.0913185       0.259165
            375            549         196.71       0.263789       0.259165
            376            616          28.64      0.0444279       0.259165
            377            478         223.62        0.31872       0.259165
            378            680          376.2       0.356183       0.259165
            379            738         160.02       0.178192       0.259165
            380            416         644.64       0.607784       0.862494
            381            109        1105.11       0.910222       0.862494
            382            107         964.53       0.900143       0.862494
            383             53         881.87       0.943308       0.862494
            384            358         368.82       0.507443       0.259165
            385            594         274.26       0.315873       0.259165
            386            828         208.12       0.200865       0.259165
            387            650          108.5       0.143045       0.259165
            388            560          114.4       0.169632       0.259165
            389            577          52.83      0.0838798       0.259165
            390            415         169.85       0.290416       0.259165
            391            406         213.74       0.344887       0.259165
            392            462          13.98       0.029371       0.259165
            393            727         382.33       0.344649       0.259165
            394            452         390.08       0.463234       0.259165
            395            391         177.89       0.312697       0.259165
            396            562          90.98        0.13933       0.259165
            397            779         145.41         0.1573       0.259165
            398            708         110.32       0.134813       0.259165
            399            417          88.43        0.17496       0.259165
            400            425         229.75       0.350897       0.259165
            401            627         224.33       0.263505       0.259165
            402            711         217.69       0.234405       0.259165
            403            504         267.16       0.346439       0.259165
            404            695         296.05       0.298724       0.259165
            405            779         318.41       0.290147       0.259165
            406            612         316.48       0.340858       0.259165
            407            735          42.65      0.0548447       0.259165
            408            705          97.95       0.121988       0.259165
            409            590          217.1       0.268988       0.259165
            410            511         198.69       0.279967       0.259165
            411            704          64.16      0.0835243       0.259165
            412            649         134.71       0.171888       0.259165
            413            612         124.48        0.16902       0.259165
            414            784         229.36       0.226336       0.259165
            415            621         234.59       0.274185       0.259165
            416            764         140.56        0.15539       0.259165
            417            577         304.83       0.345679       0.259165
            418            648         206.92       0.242034       0.259165
            419            455         149.45        0.24725       0.259165
            420            534         174.86       0.246678       0.259165
            421            720          282.8        0.28201       0.259165
            422            517         317.43       0.380415       0.259165
            423            632         221.28       0.259329       0.259165
            424            621         171.59       0.216493       0.259165
            425            588          90.52       0.133408       0.259165
            426            599         161.21        0.21206       0.259165
            427            635         173.65       0.214741       0.259165
            428            568         190.72       0.251371       0.259165
            429            603          80.37       0.117608       0.259165
            430            730          188.7       0.205399       0.259165
            431            792         109.68        0.12164       0.259165
            432            529         150.91       0.221956       0.259165
            433            700            177       0.201824       0.259165
            434            571          70.09       0.109329       0.259165
            435            531         289.49       0.352826       0.259165
            436            582         105.78       0.153799       0.259165
            437            822         169.38       0.170853       0.259165
            438            555         239.45       0.301403       0.259165
            439            470           83.3       0.150551       0.259165
            440            552         138.08       0.200093       0.259165
            441            510          254.9       0.333246       0.259165
            442            612         274.48       0.309629       0.259165
            443            514         154.06       0.230608       0.259165
            444            666         300.14       0.310659       0.259165
            445            684         -24.64     -0.0373696       0.259165
            446            502         304.58       0.377619       0.259165
            447            565         209.35       0.270356       0.259165
            448            681         211.99       0.237393       0.259165
            449            595         181.05       0.233297       0.259165
            450            792         -14.32     -0.0184137       0.259165
            451            606         254.74       0.295955       0.259165
            452            523         219.17        0.29531       0.259165
            453            587         219.73       0.272371       0.259165
            454            654          17.66      0.0262931       0.259165
            455            742         193.18        0.20657       0.259165
            456            509         175.11       0.255968       0.259165
            457            596         225.84       0.274798       0.259165
            458            108        1179.32       0.916105       0.862494
            459            147        1026.13       0.874694       0.862494
            460            175         935.25       0.842378       0.862494
            461             91        1036.89       0.919318       0.862494
            462            254         754.66       0.748181       0.862494
            463            667          98.93       0.129163       0.259165
            464            199         755.21       0.791451       0.862494
            465            145         943.55       0.866795       0.862494
            466            110          897.9       0.890862       0.862494
            467            136         810.44       0.856304       0.862494
            468            153         837.87        0.84559       0.862494
            469            101        1328.79        0.92936       0.862494
            470            180         1227.2       0.872086       0.862494
            471            213         933.27        0.81418       0.862494
            472            167        1003.93       0.857378       0.862494
            473            207        1015.53       0.830679       0.862494
            474             87         901.73       0.912008       0.862494
            475            102         879.58       0.896086       0.862494
            476            176         913.04        0.83839       0.862494
            477             70          986.3       0.933731       0.862494
            478             40         1132.6       0.965888       0.862494
            479             92        1039.68       0.918705       0.862494
            480             88        1075.52       0.924367       0.862494
            481            212         803.48       0.791232       0.862494
            482            125         929.75       0.881489       0.862494
            483            134        1165.86       0.896912       0.862494
            484            190          915.1        0.82807       0.862494
            485             64         831.56       0.928536       0.862494
            486            172         863.88       0.833958       0.862494
            487            550          423.5       0.435028       0.259165
            488            574         185.46         0.2442       0.259165
            489            615         257.85       0.295412       0.259165
            490            534          13.86      0.0252984       0.259165
            491            550          190.5       0.257259       0.259165
            492            664         290.56       0.304392       0.259165
            493            493         222.47       0.310942       0.259165
            494            784         255.36        0.24569       0.259165
            495            713         328.27       0.315259       0.259165
            496            125         976.75       0.886544       0.862494
            497            103         778.37       0.883136       0.862494
            498            165         803.35       0.829607       0.862494
            499            170          918.3       0.843793       0.862494
            500            170          886.3       0.839061       0.862494
            501            160          805.4       0.834266       0.862494
            502            169         799.51       0.825505       0.862494
            503            127         925.33       0.879315       0.862494
            504            181         910.99       0.834248       0.862494
            505            103         900.37       0.897346       0.862494
            506            238         869.02       0.785008       0.862494
            507             94         929.26       0.908137       0.862494
            508            149         905.71       0.858729       0.862494
            509             79        1006.41       0.927216       0.862494
            510            606         183.74       0.232659       0.259165
            511            504         236.16       0.319066       0.259165
            512            742         332.18       0.309241       0.259165
            513            591         279.89       0.321384       0.259165
            514             96         824.84       0.895747       0.862494
            515            105         912.95       0.896852       0.862494
            516            100            739        0.88081       0.862494
            517             59         770.61       0.928882       0.862494
            518            145         933.55        0.86556       0.862494
            519             88         828.52       0.903985       0.862494
            520            143        1059.97       0.881128       0.862494
            521            472         441.88       0.483521       0.259165
            522            474         419.46       0.469478       0.259165
            523            595         468.05        0.44029       0.259165
            524            499         210.21         0.2964       0.259165
            525            598         171.42       0.222791       0.259165
            526             95        1108.05       0.921034       0.862494
            527            145         907.55       0.862239       0.862494
            528            137         951.23       0.874107       0.862494
            529            177         848.83       0.827457       0.862494
            530            115         819.85       0.876986       0.862494
            531            162         925.98         0.8511       0.862494
            532             93         892.47       0.905629       0.862494
            533            195         948.05       0.829404       0.862494
            534            162         966.98       0.856508       0.862494
            535            122         752.38       0.860473       0.862494
            536            148         867.92       0.854319       0.862494
            537            108         985.32       0.901218       0.862494
            538             84         856.36       0.910673       0.862494
            539            110          860.9       0.886703       0.862494
            540             34        1078.86       0.969448       0.862494
            541            176         721.04       0.803799       0.862494
            542            237         894.23       0.790494       0.862494
            543             87         846.73       0.906825       0.862494
            544            145        1008.55       0.874301       0.862494
            545             71         888.09       0.925971       0.862494
            546            130         1028.7       0.887805       0.862494
            547            117         974.43       0.892801       0.862494
            548             85         868.15       0.910822       0.862494
            549            103        1093.37       0.913906       0.862494
            550            519         303.01       0.368621       0.259165
            551            563         178.77       0.241005       0.259165
            552            525         243.75       0.317073       0.259165
            553            733         248.07       0.252857       0.259165
            554            408         369.32        0.47512       0.259165
            555            572         120.88        0.17446       0.259165
            556            445         411.55       0.480474       0.259165
            557            569         183.51       0.243864       0.259165
            558            645         151.55       0.190258       0.259165
            559            579         249.41       0.301071       0.259165
            560            661         200.19       0.232457       0.259165
            561            233         168.07       0.419054       0.259165
            562            655         293.45         0.3094       0.259165
            563            587         151.73       0.205393       0.259165
            564            465         272.35       0.369363       0.259165
            565            921          72.59      0.0730583       0.259165
            566            655         188.45       0.223428       0.259165
            567            573         157.67       0.215788       0.259165
            568            644         342.76       0.347359       0.259165
            569            656         190.24       0.224806       0.259165
            570            586         286.94       0.328705       0.259165
            571            618         163.22        0.20893       0.259165
            572            722         241.38       0.250555       0.259165
            573            672         238.88       0.262252       0.259165
            574            229         647.91       0.738856       0.862494
            575            102        1370.58       0.930734       0.862494
            576            128        1279.12       0.909034       0.862494
            577            202        1235.58       0.859486       0.862494
            578             61        1202.19        0.95171       0.862494
            579            563         169.77       0.231683       0.259165
            580            674          70.46      0.0946458       0.259165
            581            616          14.64      0.0232145       0.259165
            582            460          234.4       0.337558       0.259165
            583            560          123.4       0.180568       0.259165
            584            602         181.58       0.231731       0.259165
            585            499         353.21       0.414464       0.259165
            586            655         238.45       0.266887       0.259165
            587            551         176.29       0.242393       0.259165
            588            468         310.72       0.399014       0.259165
            589            489         258.31       0.345653       0.259165
            590            657         201.03       0.234293       0.259165
            591            607         177.53       0.226288       0.259165
            592            541         239.39       0.306757       0.259165
            593            503         207.37       0.291918       0.259165
            594            526         194.54       0.269992       0.259165
            595            499         243.21       0.327684       0.259165
            596            608         178.32       0.226778       0.259165
            597            268         421.72       0.611437       0.862494
            598            158        1080.82       0.872459       0.862494
            599            126         821.54       0.867024       0.862494
            600            307         699.53       0.694992       0.862494
            601            506         228.74       0.311321       0.259165
            602            619          87.01       0.123242       0.259165
            603            494         161.26       0.246101       0.259165
            604            608         132.32       0.178734       0.259165
            605            578         430.62        0.42694       0.259165
            606             74         830.46       0.918183       0.862494
            607             46         789.34       0.944933       0.862494
            608            146         820.34       0.848914       0.862494
            609             18         860.22       0.979504       0.862494
            610            142         732.18       0.837562       0.862494
            611             26         863.54       0.970771       0.862494
            612            326         754.54       0.698299       0.862494
            613            526         163.54       0.237173       0.259165
            614            520          223.8       0.300887       0.259165
            615            652         159.08       0.196134       0.259165
            616            565         205.35       0.266567       0.259165
            617            673         113.67       0.144495       0.259165
            618            506         234.74       0.316899       0.259165
            619            586         280.94       0.324059       0.259165
            620            693         345.47       0.332672       0.259165
            621            542         182.18       0.251567       0.259165
            622            708         344.32       0.327201       0.259165
            623            688         396.52       0.365618       0.259165
            624            563         243.77       0.302156       0.259165
            625            435         393.65        0.47505       0.259165
            626            471         295.09        0.38519       0.259165
            627            662         174.98       0.209061       0.259165
            628            655         349.45       0.347902       0.259165
            629            464         217.56       0.319209       0.259165
            630            538         231.02       0.300408       0.259165
            631            567         162.93       0.223213       0.259165
            632            615         288.85       0.319577       0.259165
            633            625         190.75       0.233834       0.259165
            634            642         269.18       0.295419       0.259165
            635            534         145.86       0.214544       0.259165
            636            554         203.66       0.268801       0.259165
            637            540          294.6       0.352983       0.259165
            638            791         269.89         0.2544       0.259165
            639            470          343.3       0.422107       0.259165
            640            395         271.05       0.406951       0.259165
            641            518         216.22       0.294489       0.259165
            642            582         146.78       0.201405       0.259165
            643            685         427.15       0.384076       0.259165
            644            151        1128.29       0.881966       0.862494
            645            162         693.98       0.810743       0.862494
            646            546         174.34       0.242025       0.259165
            647            569         319.51       0.359602       0.259165
            648            473         333.67       0.413639       0.259165
            649            480          457.2       0.487836       0.259165
            650            158         945.82       0.856861       0.862494
            651            118         979.22       0.892455       0.862494
            652            193         915.47       0.825886       0.862494
            653             69         935.51        0.93131       0.862494
            654             31         833.49       0.964141       0.862494
            655             90          924.1       0.911251       0.862494
            656            104         846.16       0.890545       0.862494
            657             38         959.02       0.961886       0.862494
            658            139        1052.81       0.883371       0.862494
            659             75         843.25       0.918323       0.862494
            660             36         753.44       0.954398       0.862494
            661            139         895.81       0.865676       0.862494
            662            494         373.26        0.43039       0.259165
            663            677         159.83       0.190995       0.259165
            664            793         302.47        0.27611       0.259165
            665            623         216.17         0.2576       0.259165
            666            697         399.63       0.364416       0.259165
            667            503         279.37       0.357082       0.259165
            668            526         205.54       0.280969       0.259165
            669            592         242.68       0.290746       0.259165
            670            805         235.95       0.226668       0.259165
            671            616         217.64       0.261072       0.259165
            672            570          304.3        0.34805       0.259165
            673            547         192.13       0.259941       0.259165
            674            374         316.46       0.458332       0.259165
            675            700            191       0.214366       0.259165
            676            522         243.38       0.317986       0.259165
            677            520          356.8       0.406934       0.259165
            678            326         612.54       0.652652       0.862494
            679            145         905.55       0.861977       0.862494
            680            163        1031.77       0.863572       0.862494
            681            102         917.58       0.899959       0.862494
            682             51         931.29       0.948081       0.862494
            683            136         876.44       0.865671       0.862494
            684             96         810.84       0.894138       0.862494
            685            582         202.78       0.258391       0.259165
            686            814         189.06       0.188483       0.259165
            687            527         217.33       0.291981       0.259165
            688            722         110.38       0.132608       0.259165
            689            650          340.5       0.343766       0.259165
            690            612         228.48       0.271845       0.259165
            691            601         267.79       0.308233       0.259165
            692            663         159.77       0.194185       0.259165
            693            662         362.98       0.354134       0.259165
            694            375         653.25       0.635303       0.862494
            695            224        1197.96       0.842471       0.862494
            696             43         868.97       0.952849       0.862494
            697            181        1034.99        0.85115       0.862494
            698            109         999.11       0.901634       0.862494
            699            192        1017.68        0.84128       0.862494
            700            133        1019.07       0.884556       0.862494
            701             60          997.4       0.943257       0.862494
            702             81         923.99       0.919402       0.862494
            703             70          861.3       0.924836       0.862494
            704            118         948.22       0.889329       0.862494
            705            147        1270.13       0.896269       0.862494
            706            117         955.43       0.890902       0.862494
            707             87         928.73       0.914347       0.862494
            708             93         706.47       0.883673       0.862494
            709            175         844.25       0.828305       0.862494
            710             60          996.4       0.943203       0.862494
            711            194         935.26       0.828206       0.862494
            712             61        1074.19       0.946265       0.862494
            713             93        1127.47         0.9238       0.862494
            714             78        1044.62        0.93052       0.862494
            715            121         910.59       0.882705       0.862494
            716            184        1114.36       0.858283       0.862494
            717            105         940.95       0.899613       0.862494
            718             86         879.94       0.910968       0.862494
            719            357         638.03       0.641217       0.862494
            720            702         164.58       0.189919       0.259165
            721            659         261.61        0.28417       0.259165
            722            542         263.18       0.326859       0.259165
            723            576          46.04      0.0740145       0.259165
            724            583         100.57       0.147125       0.259165
            725            591         151.89       0.204458       0.259165
            726            502         256.58       0.338237       0.259165
            727            562         182.98       0.245617       0.259165
            728            712         231.48       0.245347       0.259165
            729            552         241.08       0.303979       0.259165
            730            521         192.59       0.269889       0.259165
            731            501         256.79       0.338867       0.259165
            732            577         172.83       0.230492       0.259165
            733            614         174.06       0.220872       0.259165
            734            464         474.56       0.505626       0.259165
            735            573         145.67       0.202694       0.259165
            736            522         164.38       0.239488       0.259165
            737            607          73.53       0.108048       0.259165
            738            531         210.49       0.283874       0.259165
            739            468         214.72       0.314507       0.259165
            740            666         305.14       0.314208       0.259165
            741            149         944.71       0.863766       0.862494
            742             31         841.49        0.96447       0.862494
            743             89        1016.31        0.91948       0.862494
            744            140          885.6       0.863495       0.862494
            745            152        1001.08       0.868179       0.862494
            746             98         710.42       0.878776       0.862494
            747            156         815.24       0.839381       0.862494
            748             71         945.09       0.930124       0.862494
            749             58         959.82       0.943015       0.862494
            750             57         799.03       0.933414       0.862494
            751            135         627.65       0.822986       0.862494
            752            120          663.8         0.8469       0.862494
            753            113        1021.27       0.900376       0.862494
            754            207         827.53       0.799909       0.862494
            755            528         149.12       0.220227       0.259165
            756            588         280.52       0.322986       0.259165
            757            609         144.11       0.191353       0.259165
            758            898         166.42       0.156348       0.259165
            759            635         340.65       0.349152       0.259165
            760            620          250.8       0.288011       0.259165
            761            169         968.51        0.85143       0.862494
            762            647         222.13       0.255577       0.259165
            763            565         152.35       0.212379       0.259165
            764            615         -79.15      -0.147709       0.259165
            765            846         182.34       0.177315       0.259165
            766            629         194.91       0.236567       0.259165
            767            408         654.32       0.615935       0.862494
            768            156        1031.24       0.868603       0.862494
            769            662         216.98       0.246854       0.259165
            770            493         119.47       0.195063       0.259165
            771            577         125.83       0.179033       0.259165
            772            955         257.45       0.212339       0.259165
            773            622         288.38       0.316769       0.259165
            774           1039         263.81       0.202493       0.259165
            775            674         309.46       0.314665       0.259165
            776            672         203.88       0.232772       0.259165
            777            605          48.95      0.0748528       0.259165
            778            495         118.05       0.192562       0.259165
            779            362         520.98       0.590025       0.259165
            780            705         211.95       0.231147       0.259165
            781            791          76.89      0.0885942       0.259165
            782            709          63.11      0.0817371       0.259165
            783            606         142.74        0.19064       0.259165
            784            602         208.58       0.257322       0.259165
            785            564         106.56       0.158912       0.259165
            786            587         294.73       0.334263       0.259165
            787            713         171.27       0.193685       0.259165
            788            505         251.95       0.332849       0.259165
            789            660          122.4       0.156442       0.259165
            790            590          197.1       0.250413       0.259165
            791            461         211.19       0.314182       0.259165
            792            571          86.09       0.131017       0.259165
            793            687          95.73       0.122303       0.259165
            794            220          707.8        0.76288       0.862494
            795             59         871.61       0.936601       0.862494
            796            169         951.51       0.849176       0.862494
            797             66        1036.14       0.940117       0.862494
            798            113        1054.27       0.903193       0.862494
            799            703         212.37       0.232005       0.259165
            800            605          -3.05    -0.00506687       0.259165
            801            606         133.74       0.180793       0.259165
            802            350          559.5       0.615173       0.259165
            803            368         352.72       0.489399       0.259165
            804            585         292.15       0.333067       0.259165
            805            373         836.67       0.691651       0.862494
            806            147         862.13        0.85433       0.862494
            807            132         686.28       0.838686       0.862494
            808            265         632.35       0.704686       0.862494
            809            541         111.39       0.170741       0.259165
            810            528          90.12       0.145797       0.259165
            811            727         141.33       0.162761       0.259165
            812            681          96.99       0.124667       0.259165
            813            550          127.5       0.188192       0.259165
            814            664         133.56       0.167461       0.259165
            815            551         290.29       0.345053       0.259165
            816            745          28.55      0.0369078       0.259165
            817            618         133.22       0.177338       0.259165
            818            566         112.14       0.165364       0.259165
            819            708         143.32        0.16835       0.259165
            820            782         182.78       0.189453       0.259165
            821            589         119.31       0.168443       0.259165
            822            394         551.26       0.583183       0.862494
            823             15         987.85       0.985043       0.862494
            824            105         990.95       0.904193       0.862494
            825            294         831.26       0.738727       0.862494
            826            226         958.54       0.809209       0.862494
            827            177         912.83       0.837589       0.862494
            828             71        1126.09        0.94069       0.862494
            829            125         922.75       0.880697       0.862494
            830            113        1023.27       0.900552       0.862494
            831            138        1004.02       0.879161       0.862494
            832             60          882.4       0.936333       0.862494
            833            109         849.11       0.886234       0.862494
            834             98         912.42       0.903011       0.862494
            835             85         978.15       0.920049       0.862494
            836            123        1089.17       0.898529       0.862494
            837            117        1177.43       0.909613       0.862494
            838             93         890.47       0.905437       0.862494
            839             43         950.97       0.956739       0.862494
            840            126         833.54       0.868687       0.862494
            841             88         705.52       0.889102       0.862494
            842            112         714.48       0.864486       0.862494
            843            154         801.66       0.838855       0.862494
            844            120          820.8       0.872449       0.862494
            845            173         852.67        0.83133       0.862494
            846            100           1140       0.919355       0.862494
            847            125         852.75       0.872155       0.862494
            848            163         616.77       0.790964       0.862494
            849            189         800.31       0.808958       0.862494
            850            545         187.55       0.256023       0.259165
            851            303         633.37        0.67641       0.862494
            852            116         986.64       0.894798       0.862494
            853            227         960.33       0.808815       0.862494
            854            149         935.71       0.862636       0.862494
            855             98         905.42       0.902334       0.862494
            856            185         940.15       0.835577       0.862494
            857             82         947.78       0.920371       0.862494
            858            117         791.43       0.871206       0.862494
            859            127         670.33       0.840718       0.862494
            860            237         997.23       0.807977       0.862494
            861            153         881.87       0.852155       0.862494
            862             -2         975.42        1.00205       0.862494
            863             36         943.44       0.963244       0.862494
            864            130         1022.7       0.887221       0.862494
            865            144        1122.76       0.886324       0.862494
            866            219        1062.01       0.829041       0.862494
            867            143         824.97       0.852268       0.862494
            868            165         883.35        0.84261       0.862494
            869            183         950.57       0.838563       0.862494
            870            141         987.39       0.875043       0.862494
            871            164        1002.56       0.859416       0.862494
            872            148         988.92       0.869824       0.862494
            873            104         807.16        0.88586       0.862494
            874            102        1098.58       0.915041       0.862494
            875            138        1147.02       0.892609       0.862494
            876             92         777.68       0.894214       0.862494
            877             -3        1196.63        1.00251       0.862494
            878            114        1189.06       0.912514       0.862494
            879            169        1025.51       0.858519       0.862494
            880             92        1058.68       0.920047       0.862494
            881             86         867.94       0.909848       0.862494
            882            107         926.53       0.896471       0.862494
            883            520          405.8       0.438324       0.259165
            884            562         209.98       0.272002       0.259165
            885            339         788.81       0.699417       0.862494
            886            422         469.38       0.526577       0.259165
            887            535         169.65       0.240758       0.259165
            888            683         163.57       0.193215       0.259165
            889            717          23.43      0.0316438       0.259165
            890            611         164.69       0.212314       0.259165
            891            527         284.33       0.350449       0.259165
            892            467         145.93       0.238086       0.259165
            893            473         377.67       0.443968       0.259165
            894            213         990.27       0.822982       0.862494
            895            592         234.68       0.283883       0.259165
            896            641         193.39       0.231774       0.259165
            897            578          21.62      0.0360562       0.259165
            898            586         205.94       0.260045       0.259165
            899            521         526.59       0.502668       0.259165
            900             65        1095.35       0.943982       0.862494
            901             32         952.28       0.967489       0.862494
            902            161         844.19       0.839831       0.862494
            903             52         775.08       0.937128       0.862494
            904            103         957.37       0.902864       0.862494
            905            179         988.41       0.846669       0.862494
            906            118         823.22       0.874631       0.862494
            907            822         311.38       0.274736       0.259165
            908            531         151.49       0.221967       0.259165
            909            475         226.25       0.322638       0.259165
            910            597         176.63       0.228313       0.259165
            911            614          55.06      0.0822946       0.259165
            912            698          96.42       0.121372       0.259165
            913            481          95.99       0.166363       0.259165
            914            571         154.09       0.212512       0.259165
            915            555         132.45       0.192669       0.259165
            916            638          93.02       0.127247       0.259165
            917            600            -18     -0.0309278       0.259165
            918            128         829.12       0.866265       0.862494
            919            123         940.17       0.884308       0.862494
            920            132         670.28       0.835469       0.862494
            921             96         874.84       0.901117       0.862494
            922            354         500.66         0.5858       0.862494
            923            566          67.14       0.106043       0.259165
            924            514         176.06       0.255137       0.259165
            925            584         176.36       0.231943       0.259165
            926            514           9.06      0.0173211       0.259165
            927            422         205.38       0.327361       0.259165
            928            475         255.25       0.349538       0.259165
            929            624         131.96        0.17456       0.259165
            930            475         144.25       0.232943       0.259165
            931            538         197.02       0.268047       0.259165
            932            665          87.35       0.116103       0.259165
            933            654         170.66       0.206946       0.259165
            934            597         110.63       0.156339       0.259165
            935            563          35.77      0.0597391       0.259165
            936            469         248.51       0.346351       0.259165
            937            546         191.34         0.2595       0.259165
            938            684         232.36       0.253568       0.259165
            939            402         187.58       0.318159       0.259165
            940            613         295.27       0.325091       0.259165
            941            422         181.38       0.300607       0.259165
            942           1181         229.99       0.162999       0.259165
            943            891         238.89       0.211428       0.259165
            944            612         217.48       0.262188       0.259165
            945            597         130.63       0.179528       0.259165
            946            611          59.69      0.0889979       0.259165
            947            533         336.07       0.386701       0.259165
            948             90          949.1       0.913387       0.862494
            949            125         801.75        0.86512       0.862494
            950             91         932.89       0.911123       0.862494
            951            540          206.6       0.276721       0.259165
            952            325         470.75        0.59158       0.259165
            953            366         173.14       0.321141       0.259165
            954            569          25.51      0.0429093       0.259165
            955            610          -11.1      -0.018534       0.259165
            956            601         232.79       0.279195       0.259165
            957            543          39.97      0.0685627       0.259165
            958            293         631.47       0.683062       0.862494
            959            148         858.92       0.853017       0.862494
            960             83        1005.57       0.923753       0.862494
            961            143        1017.97       0.876827       0.862494
            962            158         933.82       0.855288       0.862494
            963             90          764.1       0.894626       0.862494
            964            143        1060.97       0.881226       0.862494
