              0            155        1086.45       0.875146       0.861312
              1            109        1157.11        0.91391       0.861312
              2             72         944.88       0.929195       0.861312
              3             67        1048.93        0.93996       0.861312
              4            176         987.04       0.848672       0.861312
              5            513         570.27       0.526434       0.861312
              6            800              9      0.0111248       0.164743
              7            599          84.21       0.123256       0.164743
              8            378         541.62       0.588961       0.861312
              9            163         866.77       0.841712       0.861312
             10            126         970.54       0.885093       0.861312
             11            185        1000.15       0.843902       0.861312
             12             54         867.66        0.94141       0.861312
             13             80         1016.2       0.927021       0.861312
             14            150          755.5       0.834346       0.861312
             15            585          55.15      0.0861517       0.164743
             16            701          -0.21   -0.000299662       0.164743
             17            584         107.36       0.155288       0.164743
             18            631         347.49       0.355129       0.164743
             19             13         837.27       0.984711       0.861312
             20             97        1293.63       0.930247       0.861312
             21            100           1033       0.911739       0.861312
             22             39         927.81       0.959661       0.861312
             23            380          561.2        0.59626       0.861312
             24            653          37.87      0.0548149       0.164743
             25            765         132.35        0.14749       0.164743
             26            529         159.91        0.23212       0.164743
             27            816          43.64      0.0507654       0.164743
             28            541         139.39       0.204868       0.164743
             29            725          49.75      0.0642143       0.164743
             30            758         115.82       0.132544       0.164743
             31            474         523.46       0.524793       0.164743
             32            705          86.95       0.109792       0.164743
             33            663         148.77       0.183266       0.164743
             34            590           -2.9    -0.00493953       0.164743
             35            128         917.12       0.877526       0.861312
             36            378         515.62       0.577001       0.861312
             37            684         163.36       0.192787       0.164743
             38            630          211.7       0.251515       0.164743
             39            720           63.8      0.0813983       0.164743
             40            334         626.86       0.652395       0.861312
             41            160          940.4       0.854598       0.861312
             42            124        1102.96       0.898937       0.861312
             43            434         610.86       0.584633       0.861312
             44            788         105.52       0.118095       0.164743
             45            591         181.89       0.235337       0.164743
             46            708          85.32       0.107548       0.164743
             47            650           78.5       0.107756       0.164743
             48            649           6.71      0.0102332       0.164743
             49            622         127.38       0.169981       0.164743
             50            543         144.97       0.210721       0.164743
             51            754          22.66      0.0291762       0.164743
             52            651         129.29       0.165695       0.164743
             53            473         310.67        0.39643       0.164743
             54             95         740.05       0.886234       0.861312
             55            118         910.22       0.885239       0.861312
             56             37         745.23       0.952699       0.861312
             57            102         869.58       0.895016       0.861312
             58             10          805.9       0.987744       0.861312
             59             94         953.26       0.910242       0.861312
             60             58         941.82        0.94199       0.861312
             61             37         794.23       0.955488       0.861312
             62            136         747.44       0.846056       0.861312
             63             73         754.67       0.911801       0.861312
             64             96         809.84       0.894021       0.861312
             65            678          41.62      0.0578361       0.164743
             66            700            135       0.161677       0.164743
             67            545          51.55      0.0864135       0.164743
             68            732         128.28       0.149114       0.164743
             69            764         145.56       0.160033       0.164743
             70            575         238.25        0.29296       0.164743
             71            590          197.1       0.250413       0.164743
             72            639         198.81       0.237297       0.164743
             73            191         943.89       0.831702       0.861312
             74            105         596.95       0.850417       0.861312
             75            785         179.15       0.185811       0.164743
             76            572         182.88       0.242264       0.164743
             77            735         129.65       0.149945       0.164743
             78            358         719.82       0.667848       0.861312
             79            176         836.04       0.826094       0.861312
             80             54         910.66       0.944022       0.861312
             81             62         803.98       0.928405       0.861312
             82             92        1097.68       0.922668       0.861312
             83             81         980.99       0.923728       0.861312
             84            116         970.64       0.893249       0.861312
             85            254         789.66       0.756626       0.861312
             86            513          81.27       0.136756       0.164743
             87            701         108.79       0.134343       0.164743
             88            562         178.98       0.241545       0.164743
             89            621         133.59       0.177037       0.164743
             90            731          46.49       0.059795       0.164743
             91            601         105.79       0.149677       0.164743
             92            614         104.06       0.144918       0.164743
             93            661         305.19        0.31587       0.164743
             94            572         150.88       0.208721       0.164743
             95            157         704.03        0.81766       0.861312
             96            121         739.59       0.859399       0.861312
             97            116         907.64       0.886679       0.861312
             98            163        1026.77       0.862999       0.861312
             99             27         938.33        0.97203       0.861312
            100            347         436.13       0.556906       0.861312
            101             56         929.24       0.943161       0.861312
            102            209         571.11       0.732089       0.861312
            103            455         355.45       0.438584       0.164743
            104            585          99.15       0.144924       0.164743
            105            503           9.37      0.0182876       0.164743
            106            432         300.28       0.410062       0.164743
            107            373         537.67       0.590411       0.861312
            108            681         101.99       0.130257       0.164743
            109            614         125.06       0.169215       0.164743
            110            634         297.86        0.31964       0.164743
            111            137         842.23       0.860094       0.861312
            112            129         720.91       0.848219       0.861312
            113            351         568.29       0.618184       0.861312
            114            523          58.17       0.100091       0.164743
            115            635          38.65       0.057374       0.164743
            116            861          30.19      0.0338761       0.164743
            117            310          477.9       0.606549       0.861312
            118             93         672.47       0.878506       0.861312
            119            125         792.75       0.863797       0.861312
            120            640          275.6       0.301005       0.164743
            121            658           7.82      0.0117449       0.164743
            122            591         197.89       0.250846       0.164743
            123            281         626.99       0.690525       0.861312
            124            669         217.51       0.245355       0.164743
            125            594         114.26       0.161325       0.164743
            126            690          236.1        0.25494       0.164743
            127            514         160.06       0.237457       0.164743
            128            682         135.78       0.166035       0.164743
            129            709         112.11       0.136535       0.164743
            130            637         157.23       0.197965       0.164743
            131            603         198.37       0.247539       0.164743
            132            267         693.93       0.722144       0.861312
            133            401         497.79       0.553845       0.861312
            134             86         775.94       0.900225       0.861312
            135            226         593.54       0.724236       0.861312
            136            684         136.36        0.16622       0.164743
            137            724          64.96      0.0823362       0.164743
            138            249         575.71       0.698076       0.861312
            139            265         540.35       0.670951       0.861312
            140             89         737.31       0.892292       0.861312
            141            155         817.45       0.840609       0.861312
            142            738          30.02      0.0390875       0.164743
            143            481         116.99       0.195639       0.164743
            144            733         -40.93     -0.0591414       0.164743
            145            648          34.92      0.0511334       0.164743
            146            800             33      0.0396158       0.164743
            147            711         137.69       0.162238       0.164743
            148            753         136.87       0.153809       0.164743
            149            692         239.68       0.257256       0.164743
            150           1277         112.83      0.0811826       0.164743
            151            800            162       0.168399       0.164743
            152            717         117.43       0.140731       0.164743
            153            677         186.83       0.216281       0.164743
            154            902         123.58       0.120498       0.164743
            155            913         124.27       0.119805       0.164743
            156            541         112.39       0.172011       0.164743
            157            500            424       0.458874       0.164743
            158            739          89.81        0.10836       0.164743
            159            637         138.23       0.178308       0.164743
            160            954         101.66      0.0962999       0.164743
            161            593          56.47      0.0869478       0.164743
            162            601         139.79       0.188704       0.164743
            163            643          34.97      0.0515805       0.164743
            164            807          78.53      0.0886814       0.164743
            165             79         780.41       0.908076       0.861312
            166            649         106.71       0.141205       0.164743
            167            752          30.08      0.0384615       0.164743
            168            765         145.35       0.159664       0.164743
            169            688         226.52       0.247693       0.164743
            170            762         171.98       0.184137       0.164743
            171            236         945.44       0.800244       0.861312
            172             39         960.81       0.960993       0.861312
            173            145         966.55       0.869552       0.861312
            174             60         1044.4       0.945672       0.861312
            175            116         987.64       0.894893       0.861312
            176            129        1185.91       0.901894       0.861312
            177             32        1047.28       0.970351       0.861312
            178             34         703.86       0.953921       0.861312
            179            503         180.37       0.263942       0.164743
            180            575         137.25       0.192699       0.164743
            181            680           81.2       0.106674       0.164743
            182            729          27.91      0.0368736       0.164743
            183            605         229.95       0.275406       0.164743
            184            567         147.93       0.206915       0.164743
            185            666         157.14       0.190903       0.164743
            186            539         392.81       0.421556       0.164743
            187             82         946.78       0.920294       0.861312
            188             82         867.78       0.913664       0.861312
            189            557         196.03       0.260322       0.164743
            190            741         136.39        0.15545       0.164743
            191            575         148.25       0.204978       0.164743
            192            652          32.08      0.0468951       0.164743
            193            656         102.24       0.134839       0.164743
            194            651         131.29       0.167828       0.164743
            195            776          49.04      0.0594395       0.164743
            196            628          -5.88    -0.00945155       0.164743
            197            669         106.51       0.137342       0.164743
            198            742          29.18      0.0378381       0.164743
            199            580           83.2       0.125452       0.164743
            200            494         238.26       0.325376       0.164743
            201            192         784.68       0.803416       0.861312
            202             72         750.88       0.912502       0.861312
            203             76         864.04       0.919152       0.861312
            204             -9         749.89        1.01215       0.861312
            205            140          831.6       0.855908       0.861312
            206             56         869.24       0.939475       0.861312
            207            111        1025.69       0.902348       0.861312
            208            404         370.16       0.478144       0.164743
            209            685         101.15       0.128665       0.164743
            210            666          96.14       0.126145       0.164743
            211             71         846.09       0.922581       0.861312
            212            109         791.11       0.878904       0.861312
            213            124         654.96       0.840813       0.861312
            214              5         947.95       0.994753       0.861312
            215            180          801.2       0.816551       0.861312
            216             56         808.24       0.935203       0.861312
            217            157         864.03       0.846234       0.861312
            218             31         901.49       0.966756       0.861312
            219             35         943.65       0.964236       0.861312
            220             16         754.64       0.979238       0.861312
            221            488         418.52       0.461678       0.861312
            222            327         577.33       0.638406       0.861312
            223            164         693.56        0.80876       0.861312
            224            674         214.46       0.241384       0.164743
            225            512         140.48       0.215302       0.164743
            226            711         229.69       0.244172       0.164743
            227            658         261.82       0.284643       0.164743
            228            608          18.32      0.0292502       0.164743
            229            555         260.45       0.319394       0.164743
            230            643          57.97      0.0826997       0.164743
            231            573         170.67       0.229497       0.164743
            232            537         316.23       0.370627       0.164743
            233            624         173.96       0.218006       0.164743
            234            662         135.98       0.170405       0.164743
            235            588          49.52       0.077676       0.164743
            236            774         148.46       0.160939       0.164743
            237            636         -43.56     -0.0735264       0.164743
            238            730          147.7       0.168281       0.164743
            239            613          49.27      0.0743956       0.164743
            240            302         592.58       0.662411       0.861312
            241            538         173.02       0.243341       0.164743
            242            645         159.55        0.19831       0.164743
            243            557         245.03       0.305512       0.164743
            244            288         566.52       0.662969       0.861312
            245             32         948.28       0.967356       0.861312
            246            371         602.09        0.61874       0.861312
            247             67         701.93       0.912866       0.861312
            248             80          759.2       0.904671       0.861312
            249             70         1028.3       0.936265       0.861312
            250             87         837.73       0.905918       0.861312
            251              8         900.32       0.991193       0.861312
            252            118         639.22       0.844167       0.861312
            253            560           11.4       0.019951       0.164743
            254            644         240.76       0.272119       0.164743
            255            586         120.94       0.171075       0.164743
            256            511         604.69       0.541987       0.861312
            257            344         644.76       0.652089       0.861312
            258            620          223.8       0.265229       0.164743
            259            638         130.02       0.169292       0.164743
            260             98         679.42       0.873942       0.861312
            261            169         700.51       0.805638       0.861312
            262            157         933.03       0.855967       0.861312
            263            157         836.03       0.841898       0.861312
            264            112         719.48         0.8653       0.861312
            265            345         178.55       0.341037       0.164743
            266            696         181.84       0.207145       0.164743
            267            575          82.25       0.125143       0.164743
            268            790           26.1      0.0319814       0.164743
            269            748          90.92       0.108377       0.164743
            270            776         163.04       0.173624       0.164743
            271            771          17.09      0.0216853       0.164743
            272            677         134.83       0.166082       0.164743
            273            733          62.07      0.0780686       0.164743
            274            724         271.96       0.273063       0.164743
            275            606         288.74       0.322708       0.164743
            276            695          27.05      0.0374628       0.164743
            277            627         156.33       0.199571       0.164743
            278            600            155       0.205298       0.164743
            279            382         448.78       0.540191       0.861312
            280            209         909.11       0.813077       0.861312
            281             89         904.31       0.910401       0.861312
            282            114         621.06       0.844911       0.861312
            283            128         563.12       0.814793       0.861312
            284            274         407.46       0.597922       0.861312
            285            645         121.55       0.158568       0.164743
            286            714          96.06       0.118584       0.164743
            287            661         -11.81     -0.0181919       0.164743
            288            333         343.07       0.507447       0.164743
            289             43         842.97       0.951466       0.861312
            290             16         777.64        0.97984       0.861312
            291             54         773.66       0.934756       0.861312
            292             68         660.72       0.906686       0.861312
            293            105         925.95       0.898152       0.861312
            294             56         822.24       0.936236       0.861312
            295             88        1044.52       0.922297       0.861312
            296            137        1012.23        0.88079       0.861312
            297             21         866.59        0.97634       0.861312
            298             48         741.92       0.939234       0.861312
            299             -5         839.05        1.00599       0.861312
            300            167         715.93       0.810857       0.861312
            301            112         840.48       0.882412       0.861312
            302             55         634.45       0.920226       0.861312
            303             66         792.14       0.923089       0.861312
            304             66         834.14       0.926678       0.861312
            305             90          651.1       0.878559       0.861312
            306            598         133.42       0.182412       0.164743
            307            563         185.77         0.2481       0.164743
            308            608          40.32      0.0621915       0.164743
            309            684         128.36       0.158009       0.164743
            310            510          114.9       0.183869       0.164743
            311            515         349.85       0.404521       0.164743
            312            548         410.92       0.428524       0.164743
            313            571          70.09       0.109329       0.164743
            314            547          68.13       0.110757       0.164743
            315            663         119.77       0.153008       0.164743
            316            606         199.74       0.247896       0.164743
            317            584         106.36       0.154065       0.164743
            318            605         298.95       0.330715       0.164743
            319            612         259.48       0.297746       0.164743
            320            584         319.36       0.353525       0.164743
            321            319         599.01       0.652509       0.861312
            322            111         626.69        0.84953       0.861312
            323            182         696.78       0.792895       0.861312
            324             98         661.42       0.870954       0.861312
            325            103         663.37         0.8656       0.861312
            326             86         703.94       0.891131       0.861312
            327            702         191.58       0.214396       0.164743
            328            770          121.3       0.136093       0.164743
            329            243         650.97       0.728179       0.861312
            330            152         630.08       0.805646       0.861312
            331            103         694.37       0.870825       0.861312
            332            447         255.13       0.363366       0.164743
            333            515         179.85       0.258833       0.164743
            334            590           31.1      0.0500725       0.164743
            335            100            505       0.834711       0.861312
            336            128         910.12         0.8767       0.861312
            337            118         973.22       0.891864       0.861312
            338             38         761.02       0.952442       0.861312
            339            317         479.43       0.601974       0.861312
            340             63         855.77        0.93143       0.861312
            341             77        1088.83       0.933953       0.861312
            342            103        1138.37       0.917027       0.861312
            343             99         986.21       0.908773       0.861312
            344             32        1028.28       0.969819       0.861312
            345            116        1060.64       0.901414       0.861312
            346             55         936.45       0.944526       0.861312
            347            199         727.21       0.785146       0.861312
            348             25         798.75       0.969651       0.861312
            349            117         514.43       0.814706       0.861312
            350            713          69.27        0.08855       0.164743
            351            419         458.01        0.52224       0.164743
            352            650          -14.5     -0.0228167       0.164743
            353            471         432.09       0.478457       0.164743
            354            150          817.5       0.844961       0.861312
            355             68         710.72       0.912677       0.861312
            356            391         289.89       0.425752       0.164743
            357            636         183.44        0.22386       0.164743
            358            551         354.29       0.391355       0.164743
            359            631         124.49        0.16478       0.164743
            360            605         226.95       0.272793       0.164743
            361            674         108.46       0.138614       0.164743
            362            590          183.1       0.236839       0.164743
            363            590           68.1        0.10348       0.164743
            364            576         -20.96      -0.037763       0.164743
            365            535         266.65       0.332626       0.164743
            366            122         769.38       0.863134       0.861312
            367             87         909.73       0.912715       0.861312
            368            312         790.48       0.717002       0.861312
            369            195         590.05       0.751608       0.861312
            370              6         803.74        0.99259       0.861312
            371             86         742.94       0.896253       0.861312
            372             64         846.56       0.929714       0.861312
            373            128         908.12       0.876462       0.861312
            374            110          931.9       0.894424       0.861312
            375             92        1091.68       0.922276       0.861312
            376             80          944.2        0.92189       0.861312
            377             46        1064.34       0.958571       0.861312
            378             34         848.86       0.961489       0.861312
            379             96         742.84       0.885556       0.861312
            380            225         522.75       0.699097       0.861312
            381            601         122.79       0.169649       0.164743
            382            637         182.23       0.222441       0.164743
            383            683          31.57      0.0441804       0.164743
            384            455           8.45      0.0182328       0.164743
            385            623         143.17       0.186865       0.164743
            386            732          98.28        0.11837       0.164743
            387            668          74.72       0.100603       0.164743
            388            749          62.71      0.0772567       0.164743
            389            561         268.19       0.323436       0.164743
            390            715         107.85       0.131069       0.164743
            391            579          87.41       0.131165       0.164743
            392            870           76.3      0.0806298       0.164743
            393            733         -64.93     -0.0971904       0.164743
            394            636         107.44       0.144517       0.164743
            395            624         117.96       0.158984       0.164743
            396            704          -2.84    -0.00405043       0.164743
            397            654          52.66      0.0745196       0.164743
            398            753          82.87      0.0991422       0.164743
            399            703         140.37       0.166439       0.164743
            400            789          23.31      0.0286959       0.164743
            401            541         134.39       0.198981       0.164743
            402            574         114.46       0.166255       0.164743
            403            792          29.68      0.0361211       0.164743
            404            353         329.87       0.483064       0.164743
            405            687         292.73       0.298786       0.164743
            406            765          41.35      0.0512805       0.164743
            407            817         208.43       0.203261       0.164743
            408            502         218.58       0.303339       0.164743
            409             67         677.93       0.910059       0.861312
            410            309         448.11       0.591869       0.861312
            411            596         189.84       0.241576       0.164743
            412            731         114.49       0.135413       0.164743
            413            557         209.03       0.272874       0.164743
            414            732         173.28        0.19141       0.164743
            415            628         118.12       0.158312       0.164743
            416            696         -19.16      -0.028308       0.164743
            417            571         -64.91      -0.128258       0.164743
            418            413         442.27       0.517112       0.164743
            419            668         152.72       0.186081       0.164743
            420            524         150.96       0.223658       0.164743
            421            604         -34.84      -0.061213       0.164743
            422            599         118.21       0.164819       0.164743
            423            793          62.47      0.0730242       0.164743
            424            784          59.36      0.0703851       0.164743
            425            354         473.66       0.572288       0.861312
            426            110          857.9       0.886352       0.861312
            427            108         598.32       0.847095       0.861312
            428             87         800.73       0.901997       0.861312
            429             52         616.08       0.922165       0.861312
            430            280          612.2       0.686169       0.861312
            431            -15         852.15        1.01792       0.861312
            432            129         742.91       0.852049       0.861312
            433            103         622.37       0.858004       0.861312
            434            543         339.97        0.38503       0.164743
            435            800             22       0.026764       0.164743
            436            617         230.43       0.271916       0.164743
            437            617         125.43       0.168945       0.164743
            438             47         879.13       0.949251       0.861312
            439             62         795.98       0.927737       0.861312
            440            146         884.34       0.858299       0.861312
            441             30          774.7       0.962719       0.861312
            442             60          587.4       0.907322       0.861312
            443             62        1018.98       0.942645       0.861312
            444            152         804.08       0.841017       0.861312
            445             96         962.84       0.909335       0.861312
            446            103         783.37       0.883796       0.861312
            447             72         843.88       0.921387       0.861312
            448             63         766.77       0.924075       0.861312
            449             11         640.69       0.983121       0.861312
            450             97         866.63       0.899339       0.861312
            451             43         652.97       0.938216       0.861312
            452             73         746.67        0.91094       0.861312
            453            416         233.64       0.359645       0.164743
            454            630            7.7      0.0120746       0.164743
            455            682          54.78      0.0743506       0.164743
            456            574         104.46       0.153966       0.164743
            457            380          361.2       0.487318       0.164743
            458             61         914.19       0.937448       0.861312
            459             90          942.1       0.912799       0.861312
            460             50          911.5       0.947998       0.861312
            461             54         971.66       0.947351       0.861312
            462            124         890.96       0.877828       0.861312
            463            112         871.48       0.886119       0.861312
            464            340          495.6       0.593107       0.861312
            465            703          -8.63     -0.0124285       0.164743
            466            932          57.28      0.0579007       0.164743
            467            886           2.94     0.00330731       0.164743
            468            425          81.75       0.161322       0.164743
            469            629          29.91      0.0453931       0.164743
            470            629           9.91      0.0155108       0.164743
            471            351         113.29       0.244007       0.164743
            472            124         920.96       0.881335       0.861312
            473             66         906.14       0.932109       0.861312
            474            102        1048.58       0.911349       0.861312
            475             95         826.05       0.896857       0.861312
            476             64         780.56       0.924221       0.861312
            477            146         739.34       0.835092       0.861312
            478            350          411.5       0.540381       0.861312
            479            518         107.22       0.171492       0.164743
            480            753         182.87       0.195401       0.164743
            481            346         362.34       0.511534       0.164743
            482            706         100.74       0.124873       0.164743
            483            681          81.99       0.107459       0.164743
            484            566          83.14       0.128077       0.164743
            485            661         101.19       0.132762       0.164743
            486            282         596.78       0.679101       0.861312
            487            134         758.86        0.84992       0.861312
            488             69         941.51       0.931718       0.861312
            489             68         690.72       0.910375       0.861312
            490             98         810.42        0.89212       0.861312
            491             73         774.67       0.913882       0.861312
            492             96         712.84       0.881312       0.861312
            493            727         251.33       0.256897       0.164743
            494            785         173.15       0.180713       0.164743
            495            669          26.51      0.0381159       0.164743
            496           1094         173.26        0.13672       0.164743
            497           1069          30.51      0.0277487       0.164743
            498            684         155.36       0.185093       0.164743
            499            899         240.21       0.210857       0.164743
            500            808          49.32      0.0575281       0.164743
            501            818         138.22       0.144548       0.164743
            502            676          68.04      0.0914467       0.164743
            503            754         133.66       0.150576       0.164743
            504            753           5.87     0.00773519       0.164743
            505            898          42.42      0.0451075       0.164743
            506            768         230.72       0.231016       0.164743
            507            723          28.17      0.0375015       0.164743
            508           1014         -28.94     -0.0293789       0.164743
            509            845         113.55        0.11846       0.164743
            510            735         110.65       0.130846       0.164743
            511            780          123.2       0.136404       0.164743
            512            146         797.34       0.845231       0.861312
            513             57         943.03       0.943002       0.861312
            514             45         817.55       0.947829       0.861312
            515            147         978.13       0.869348       0.861312
            516             25         674.75       0.964273       0.861312
            517            111         803.69       0.878647       0.861312
            518            138         681.02       0.831506       0.861312
            519            127         859.33        0.87124       0.861312
            520             89         649.31       0.879454       0.861312
            521            125         620.75       0.832384       0.861312
            522            246         506.34        0.67302       0.861312
            523            543         244.97       0.310887       0.164743
            524            506         489.74       0.491835       0.164743
            525            774          60.46       0.072454       0.164743
            526            924         111.96       0.108074       0.164743
            527            847          42.13      0.0473834       0.164743
            528            685         152.15       0.181748       0.164743
            529             62         769.98       0.925479       0.861312
            530            118         757.22       0.865177       0.861312
            531             47         744.13       0.940591       0.861312
            532            696         181.84       0.207145       0.164743
            533            770           14.3      0.0182328       0.164743
            534            873         100.67       0.103392       0.164743
            535            705          61.95      0.0807745       0.164743
            536            812         203.48       0.200378       0.164743
            537            652         -26.92     -0.0430665       0.164743
            538            709          76.11      0.0969418       0.164743
            539            206         825.74       0.800337       0.861312
            540             65         671.35       0.911727       0.861312
            541            110         1025.9        0.90316       0.861312
            542             71        1082.09       0.938426       0.861312
            543             52         862.08       0.943112       0.861312
            544             66        1026.14       0.939568       0.861312
            545            101        1108.79       0.916514       0.861312
            546             74        1025.46       0.932694       0.861312
            547             59        1052.61       0.946924       0.861312
            548            314         609.06       0.659827       0.861312
            549            792          70.68      0.0819307       0.164743
            550            625          44.75       0.066816       0.164743
            551           1064         -10.44    -0.00990926       0.164743
            552            827          32.33      0.0376223       0.164743
            553           1054         119.66       0.101955       0.164743
            554           1013          82.27      0.0751139       0.164743
            555            893          39.47      0.0423284       0.164743
            556            487          69.73       0.125249       0.164743
            557            665           8.35      0.0124007       0.164743
            558            719         -35.99     -0.0526932       0.164743
            559            648           2.92     0.00448596       0.164743
            560            141         715.39       0.835355       0.861312
            561            126         915.54       0.879025       0.861312
            562             78        1036.62       0.930021       0.861312
            563             58        1034.82       0.946926       0.861312
            564             56         791.24       0.933903       0.861312
            565             73         722.67       0.908253       0.861312
            566            250          432.5         0.6337       0.861312
            567            795          84.05      0.0956146       0.164743
            568            566         112.14       0.165364       0.164743
            569            521         -30.41     -0.0619866       0.164743
            570            560          215.4       0.277792       0.164743
            571            807         155.53       0.161585       0.164743
            572            737          87.23       0.105832       0.164743
            573            693         137.47       0.165533       0.164743
            574            809          11.11       0.013547       0.164743
            575            604         172.16        0.22181       0.164743
            576            611         131.69       0.177315       0.164743
            577            509         236.11       0.316879       0.164743
            578            475          42.25       0.081682       0.164743
            579            583          66.57       0.102483       0.164743
            580            564         166.56       0.227989       0.164743
            581             85         776.15       0.901295       0.861312
            582             75         604.25       0.889584       0.861312
            583            131         578.49        0.81536       0.861312
            584             49         661.71       0.931055       0.861312
            585             96         838.84       0.897309       0.861312
            586            612         139.48       0.185607       0.164743
            587            574         222.46       0.279311       0.164743
            588            461         262.19       0.362546       0.164743
            589            449         273.71       0.378727       0.164743
            590            566         187.14        0.24848       0.164743
            591            662          88.98       0.118485       0.164743
            592            584         130.36       0.182485       0.164743
            593            621         222.59        0.26386       0.164743
            594            594          81.26       0.120339       0.164743
            595            471         149.09       0.240433       0.164743
            596            583         101.57       0.148371       0.164743
            597            684         -15.64     -0.0234006       0.164743
            598            641          52.39      0.0755563       0.164743
            599            678         139.62       0.170764       0.164743
            600            509          96.11       0.158831       0.164743
            601            543         142.97        0.20842       0.164743
            602             70          716.3       0.910975       0.861312
            603            132         722.28       0.845484       0.861312
            604            460          182.4       0.283935       0.164743
            605            615          61.85      0.0913792       0.164743
            606            596         254.84       0.299516       0.164743
            607            618         134.22       0.178432       0.164743
            608            740          122.6       0.142128       0.164743
            609            167         717.93       0.811285       0.861312
            610            170          685.3       0.801239       0.861312
            611            504         273.16       0.351485       0.164743
            612            511         329.69       0.392166       0.164743
            613             57         825.03       0.935376       0.861312
            614             84         738.36       0.897855       0.861312
            615            275         491.25       0.641109       0.861312
            616            762         148.98       0.163538       0.164743
            617            757         -28.97     -0.0397923       0.164743
            618            723          25.17      0.0336421       0.164743
            619            734         -12.14     -0.0168177       0.164743
            620            303         571.37       0.653465       0.861312
            621            799           6.21     0.00771227       0.164743
            622            602         111.58       0.156366       0.164743
            623            312         529.48       0.629225       0.861312
            624            114         785.06       0.873201       0.861312
            625            111         721.69       0.866697       0.861312
            626             68         565.72       0.892697       0.861312
            627             20         1039.8       0.981129       0.861312
            628             49         805.71       0.942671       0.861312
            629             63         557.77       0.898513       0.861312
            630            218         665.22       0.753176       0.861312
            631            574         108.46       0.158925       0.164743
            632            647          99.13       0.132859       0.164743
            633            529         216.91       0.290799       0.164743
            634            213         529.27       0.713042       0.861312
            635             42         841.18       0.952445       0.861312
            636             83         700.57       0.894075       0.861312
            637             37         718.23       0.951008       0.861312
            638             76         694.04       0.901304       0.861312
            639             52         608.08       0.921222       0.861312
            640             89         681.31       0.884462       0.861312
            641             87         677.73       0.886234       0.861312
            642            120          705.8       0.854686       0.861312
            643             26         957.54       0.973565       0.861312
            644             60          716.4        0.92272       0.861312
            645             45         694.55       0.939152       0.861312
            646             97         634.63       0.867419       0.861312
            647            512         373.48       0.421783       0.164743
            648            522         108.38       0.171928       0.164743
            649            534         227.86       0.299084       0.164743
            650            114         746.06       0.867451       0.861312
            651            100            762       0.883991       0.861312
            652            143         775.97       0.844391       0.861312
            653            -33         846.93        1.04054       0.861312
            654            131        1013.49       0.885539       0.861312
            655            298         509.42       0.630923       0.861312
            656            540            2.6     0.00479174       0.164743
            657            594         175.26       0.227829       0.164743
            658             98         892.42       0.901052       0.861312
            659             79         790.41       0.909134       0.861312
            660            115         588.85       0.836613       0.861312
            661            719          85.01       0.105733       0.164743
            662            780           91.2       0.104683       0.164743
            663            463         -10.23     -0.0225943       0.164743
            664             73         812.67       0.917577       0.861312
            665             81         772.99       0.905151       0.861312
            666            150          618.5       0.804815       0.861312
            667            592         251.68       0.298312       0.164743
            668            510          144.9       0.221255       0.164743
            669            671         119.09        0.15073       0.164743
            670            701          48.79      0.0650716       0.164743
            671            487         126.73       0.206491       0.164743
            672            585         355.15       0.377759       0.164743
            673            270          447.3       0.623588       0.861312
            674             -1         859.21        1.00117       0.861312
            675             18         701.22       0.974973       0.861312
            676            380          418.2       0.523929       0.861312
            677            663         135.77       0.169974       0.164743
            678            604         135.16       0.182856       0.164743
            679            742         126.18       0.145339       0.164743
            680             69         567.51       0.891596       0.861312
            681             62         785.98       0.926885       0.861312
            682            115         952.85       0.892307       0.861312
            683             63         717.77        0.91931       0.861312
            684             83         515.57       0.861336       0.861312
            685            387         244.73       0.387397       0.164743
            686            663         112.77       0.145365       0.164743
            687            629          97.91       0.134693       0.164743
            688            634          33.86      0.0506992       0.164743
            689            768          44.72      0.0550251       0.164743
            690            412         349.48       0.458948       0.164743
            691            629         163.91        0.20672       0.164743
            692            298         233.42       0.439238       0.164743
            693            477          54.83       0.103097       0.164743
            694            750           87.5       0.104478       0.164743
            695            463         281.77       0.378332       0.164743
            696            595         300.05       0.335233       0.164743
            697            625         251.75        0.28714       0.164743
            698            122         650.38       0.842047       0.861312
            699             75         674.25         0.8999       0.861312
            700            390          484.1       0.553827       0.861312
            701             41         672.39       0.942528       0.861312
            702            144         653.76       0.819495       0.861312
            703            134         785.86       0.854326       0.861312
            704             13         831.27       0.984602       0.861312
            705             63         669.77       0.914025       0.861312
            706             75         909.25         0.9238       0.861312
            707            531         468.49       0.468729       0.861312
            708            -13         827.73        1.01596       0.861312
            709             98         693.42       0.876172       0.861312
            710            139         679.81       0.830241       0.861312
            711            147         743.13       0.834856       0.861312
            712            581         157.99       0.213792       0.164743
            713            653         242.87         0.2711       0.164743
            714            629         227.91       0.265967       0.164743
            715            660           46.4      0.0656852       0.164743
            716            759          -1.39    -0.00183472       0.164743
            717            624         139.96       0.183203       0.164743
            718            588         -27.48     -0.0490259       0.164743
            719            280          687.2       0.710505       0.861312
            720             69         810.51       0.921547       0.861312
            721            112         712.48       0.864157       0.861312
            722            122         744.38       0.859184       0.861312
            723             79         771.41       0.907104       0.861312
            724            467         351.93       0.429744       0.164743
            725             96         638.84       0.869359       0.861312
            726             69         614.51        0.89905       0.861312
            727            125         588.75       0.824869       0.861312
            728            363         340.77       0.484206       0.164743
            729            549         -66.29      -0.137329       0.164743
            730            731          72.49      0.0902189       0.164743
            731            506         119.74       0.191357       0.164743
            732            213         574.27       0.729445       0.861312
            733            575         159.25       0.216888       0.164743
            734            636         156.44       0.197416       0.164743
            735            778          15.62       0.019682       0.164743
            736            287          64.73       0.184033       0.164743
            737            233         552.07       0.703211       0.861312
            738            140          628.6       0.817851       0.861312
            739            346         406.34       0.540102       0.861312
            740            610           33.9      0.0526479       0.164743
            741            555          70.45       0.112639       0.164743
            742            583         242.57       0.293821       0.164743
            743            157         597.03       0.791785       0.861312
            744            675         175.25       0.206116       0.164743
            745            732         117.28       0.138093       0.164743
            746            672          14.88      0.0216632       0.164743
            747            693          90.47       0.115473       0.164743
            748            544          68.76       0.112214       0.164743
            749            611         168.69       0.216355       0.164743
            750            608         162.32       0.210718       0.164743
            751            669         281.51       0.296167       0.164743
            752            703          -8.63     -0.0124285       0.164743
            753            604         112.16       0.156613       0.164743
            754            493         143.47       0.225415       0.164743
            755            604          52.16      0.0794928       0.164743
            756            619          44.01      0.0663791       0.164743
            757            555         106.45       0.160934       0.164743
            758            551          66.29       0.107389       0.164743
            759            561         216.19       0.278169       0.164743
            760            609         142.11         0.1892       0.164743
            761            623          12.17      0.0191602       0.164743
            762            701          79.79       0.102191       0.164743
            763            558         139.82       0.200367       0.164743
            764            688         -28.48     -0.0431829       0.164743
            765            660           82.4       0.110991       0.164743
            766            137         700.23       0.836365       0.861312
            767            122         568.38       0.823286       0.861312
            768            524         206.96       0.283135       0.164743
            769             18         854.22       0.979363       0.861312
            770             91         744.89       0.891134       0.861312
            771            132         710.28       0.843283       0.861312
            772            178         448.62       0.715936       0.861312
            773            137         689.23       0.834187       0.861312
            774            529         139.91       0.209161       0.164743
            775            557         105.03       0.158648       0.164743
            776            626         134.54       0.176901       0.164743
            777            422         212.38       0.334784       0.164743
            778            668          76.72       0.103019       0.164743
            779            545         108.55       0.166093       0.164743
            780            399         430.21       0.518819       0.861312
            781             81         836.99       0.911764       0.861312
            782             37         694.23         0.9494       0.861312
            783             71         714.09       0.909565       0.861312
            784             97         805.63       0.892536       0.861312
            785             64         790.56       0.925108       0.861312
            786              4         543.16        0.99269       0.861312
            787              2         891.58       0.997762       0.861312
            788             59         774.61       0.929223       0.861312
            789            -22         721.62        1.03145       0.861312
            790            466         346.14       0.426207       0.164743
            791            690           56.1       0.075191       0.164743
            792            495         -90.95      -0.225096       0.164743
            793            595          19.05      0.0310235       0.164743
            794            522         110.38       0.174547       0.164743
            795            533          28.07      0.0500294       0.164743
            796            757         194.03       0.204021       0.164743
            797            613         115.27       0.158279       0.164743
            798            106         568.74       0.842902       0.861312
            799            483         213.57       0.306602       0.164743
            800            646         230.34       0.262843       0.164743
            801            600            111       0.156118       0.164743
            802            713          36.27      0.0484071       0.164743
            803            592         170.68        0.22379       0.164743
            804            534         181.86       0.254044       0.164743
            805             59         677.61       0.919903       0.861312
            806            119         532.01       0.817207       0.861312
            807            189         549.31        0.74401       0.861312
            808            630          118.7       0.158541       0.164743
            809            583          23.57      0.0388578       0.164743
            810            -10          789.1        1.01284       0.861312
            811             53         677.87       0.927484       0.861312
            812             40          767.6       0.950471       0.861312
            813             22         779.38       0.972547       0.861312
            814            586          32.94        0.05322       0.164743
            815            630           47.7      0.0703851       0.164743
            816            367         287.93       0.439635       0.164743
            817            100            817       0.890949       0.861312
            818            135         934.65        0.87379       0.861312
            819            105        1001.95       0.905145       0.861312
            820             93         910.47       0.907322       0.861312
            821            122         913.38       0.882169       0.861312
            822             11         907.69       0.988026       0.861312
            823            112         996.48       0.898961       0.861312
            824             66        1068.14       0.941806       0.861312
            825             65        1071.35       0.942799       0.861312
            826            120          718.8       0.856938       0.861312
            827             78         648.62       0.892654       0.861312
            828             91         847.89       0.903077       0.861312
            829            146         871.34       0.856488       0.861312
            830             51         923.29       0.947654       0.861312
            831             68         910.72       0.930521       0.861312
            832             83         837.57       0.909838       0.861312
            833            245         564.55       0.697363       0.861312
            834            640          162.6       0.202592       0.164743
            835            392         369.68       0.485348       0.164743
            836            150          747.5       0.832869       0.861312
            837            130          769.7       0.855507       0.861312
            838             81         835.99       0.911668       0.861312
            839             61         767.19       0.926345       0.861312
            840             19         781.01        0.97625       0.861312
            841             62         683.98       0.916888       0.861312
            842             -6         720.26         1.0084       0.861312
            843             60          712.4        0.92232       0.861312
            844             50          702.5       0.933555       0.861312
            845             85         636.15       0.882133       0.861312
            846            499         289.21        0.36692       0.164743
            847            584         109.36       0.157725       0.164743
            848            590          177.1        0.23087       0.164743
            849            463         167.77       0.265977       0.164743
            850            553         127.87       0.187804       0.164743
            851            671          27.09      0.0388059       0.164743
            852            107         790.53       0.880784       0.861312
            853            637          34.23      0.0509959       0.164743
            854            377         265.83       0.413531       0.164743
            855             58         723.82       0.925814       0.861312
            856            350          260.5       0.426699       0.164743
            857             92         780.68       0.894578       0.861312
            858             78         780.62       0.909157       0.861312
            859            193         557.47       0.742828       0.861312
            860             17         733.43       0.977346       0.861312
            861            161         615.19       0.792577       0.861312
            862            629          30.91      0.0468397       0.164743
            863            604         110.16       0.154251       0.164743
            864            371         436.09       0.540324       0.861312
            865            164         536.56       0.765902       0.861312
            866            109         748.11       0.872828       0.861312
            867             63         535.77       0.894784       0.861312
            868             66         602.14       0.901218       0.861312
            869            315         251.85       0.444297       0.164743
            870             75         560.25       0.881936       0.861312
            871            420          275.8       0.396378       0.164743
            872            694         -55.74     -0.0873312       0.164743
            873            605          88.95       0.128179       0.164743
            874            583           4.57      0.0077778       0.164743
            875            611          92.69        0.13172       0.164743
            876            629         120.91       0.161233       0.164743
            877            719         112.01       0.134788       0.164743
            878            743         129.97       0.148883       0.164743
            879            533         111.07        0.17245       0.164743
            880            138         604.02       0.814021       0.861312
            881             98         655.42       0.869926       0.861312
            882             41         733.39       0.947055       0.861312
            883            105         515.95       0.830904       0.861312
            884             57         693.03       0.924003       0.861312
            885             -3         619.63        1.00487       0.861312
            886             84         624.36       0.881416       0.861312
            887            150          848.5       0.849775       0.861312
            888            114         698.06       0.859616       0.861312
            889             67         504.93       0.882853       0.861312
            890            360          439.4       0.549662       0.861312
            891            713         158.27       0.181654       0.164743
            892            684          39.36      0.0544127       0.164743
            893            217         448.43       0.673895       0.861312
            894            131         734.49       0.848641       0.861312
            895            842          57.18      0.0635913       0.164743
            896            642         -62.82      -0.108464       0.164743
            897            692          47.68      0.0644603       0.164743
            898            688         114.52         0.1427       0.164743
            899            684         -12.64     -0.0188275       0.164743
            900            684         147.36       0.177252       0.164743
            901            640           38.6      0.0568818       0.164743
            902            706          93.74       0.117213       0.164743
            903            639          80.81       0.112266       0.164743
            904            562           6.98      0.0122676       0.164743
            905            275         506.25          0.648       0.861312
            906             52         855.08       0.942673       0.861312
            907             55         871.45       0.940634       0.861312
            908             81         911.99       0.918428       0.861312
            909             32         916.28       0.966255       0.861312
            910            110         1017.9       0.902474       0.861312
            911            132         872.28       0.868563       0.861312
            912             97         800.63       0.891938       0.861312
            913            205         827.95       0.801539       0.861312
            914            104         709.16       0.872104       0.861312
            915             55         633.45        0.92011       0.861312
            916            489         122.31       0.200079       0.164743
            917            524          -5.04    -0.00971173       0.164743
            918             77         680.83       0.898394       0.861312
            919             31         644.49       0.954107       0.861312
            920            553         230.87       0.294526       0.164743
            921            606          89.74       0.128985       0.164743
            922            586         214.94        0.26836       0.164743
            923            178         828.62       0.823171       0.861312
            924            122         559.38       0.820952       0.861312
            925            158         835.82       0.841017       0.861312
            926             99         552.21       0.847975       0.861312
            927             94         590.26       0.862625       0.861312
            928            533         169.07       0.240816       0.164743
            929            540          157.6       0.225917       0.164743
            930            604          71.16       0.105397       0.164743
            931            514          -2.94    -0.00575275       0.164743
            932            223         407.17       0.646127       0.861312
            933            140          734.6       0.839927       0.861312
            934            142         638.18       0.817991       0.861312
            935            179         735.41       0.804245       0.861312
            936             81         903.99       0.917766       0.861312
            937             55         778.45       0.934009       0.861312
            938             66         622.14       0.904089       0.861312
            939             78         952.62       0.924317       0.861312
            940            612          91.48       0.130039       0.164743
            941            696          56.84      0.0755008       0.164743
            942            611          93.69       0.132952       0.164743
            943            485         149.15       0.235197       0.164743
            944             14         685.06       0.979973       0.861312
            945            342         393.18       0.534808       0.861312
            946            472         292.88        0.38291       0.164743
            947            490          274.1       0.358723       0.164743
            948            108         676.32       0.862301       0.861312
            949            634          85.86       0.119273       0.164743
            950            522         119.38        0.18613       0.164743
            951            521          22.59      0.0415571       0.164743
            952            436         362.44       0.453935       0.164743
            953             86         581.94       0.871246       0.861312
            954             51         709.29        0.93292       0.861312
            955             72         856.88       0.922487       0.861312
            956             57         824.03       0.935303       0.861312
            957             46         728.34       0.940595       0.861312
            958            107         798.53       0.881837       0.861312
            959             54         855.66       0.940637       0.861312
            960             28         886.12       0.969369       0.861312
            961              5         630.95       0.992138       0.861312
            962            367         279.93       0.432705       0.164743
            963            673         159.67       0.191757       0.164743
            964            560           -3.6    -0.00647017       0.164743
            965            468         100.72       0.177099       0.164743
            966            389         515.31       0.569838       0.861312
            967             29         649.91       0.957284       0.861312
            968              7         653.53       0.989402       0.861312
            969            136         787.44       0.852725       0.861312
            970             89         761.31       0.895332       0.861312
            971            465         199.35       0.300068       0.164743
            972            628         117.12       0.157183       0.164743
            973            635         179.65       0.220524       0.164743
            974             67         717.93       0.914642       0.861312
            975             69         777.51       0.918489       0.861312
            976            404         312.16        0.43588       0.164743
            977            648          86.92       0.118271       0.164743
            978            505          57.95        0.10294       0.164743
            979            152         806.08       0.841349       0.861312
            980             86         654.94       0.883931       0.861312
            981            -24         580.04        1.04316       0.861312
            982             22         753.38       0.971627       0.861312
            983             51         539.29       0.913602       0.861312
            984            147         718.13       0.830083       0.861312
            985            143         740.97        0.83823       0.861312
            986            122         867.38        0.87669       0.861312
            987             72         774.88       0.914982       0.861312
            988            133         756.07       0.850405       0.861312
            989             56         819.24       0.936018       0.861312
            990            546         223.34       0.290301       0.164743
            991            556          11.24      0.0198152       0.164743
            992            639          37.81       0.055865       0.164743
            993            681         149.99       0.180496       0.164743
            994             16         692.64       0.977422       0.861312
            995             53         682.87       0.927976       0.861312
            996            281         432.99       0.606437       0.861312
            997            537           7.23      0.0132848       0.164743
            998            621         130.59       0.173752       0.164743
            999            628          89.12       0.124275       0.164743
           1000             29         671.91       0.958625       0.861312
           1001             34         717.86       0.954779       0.861312
           1002             78         621.62       0.888511       0.861312
           1003             65         636.35       0.907322       0.861312
           1004            374         319.46       0.460675       0.164743
           1005            533          83.07       0.134839       0.164743
           1006            566         114.14       0.167818       0.164743
           1007            703         146.37       0.172328       0.164743
           1008            649         128.71       0.165499       0.164743
           1009            626          53.54      0.0787886       0.164743
           1010            622          98.38       0.136567       0.164743
           1011            657          35.03      0.0506192       0.164743
           1012            669          96.51       0.126073       0.164743
           1013            703          75.37      0.0968306       0.164743
           1014            783           1.57      0.0020011       0.164743
           1015            615         100.85       0.140881       0.164743
           1016            714          36.06      0.0480762       0.164743
           1017            620           -0.2   -0.000322685       0.164743
           1018            504         152.16       0.231895       0.164743
           1019            538          72.02       0.118062       0.164743
           1020            520           43.8      0.0776871       0.164743
           1021            315         608.85       0.659036       0.861312
           1022            394         520.26        0.56905       0.861312
           1023            627         167.33       0.210656       0.164743
           1024            570          -15.7      -0.028324       0.164743
           1025            582         151.78       0.206847       0.164743
           1026            632          24.28      0.0369964       0.164743
           1027            606          46.74      0.0716058       0.164743
           1028             83         685.57       0.892007       0.861312
           1029            345         393.55       0.532868       0.861312
           1030            549         112.71       0.170331       0.164743
           1031            453         143.87       0.241041       0.164743
           1032            574          19.46      0.0327908       0.164743
           1033            456         177.24       0.279894       0.164743
           1034            651          32.29      0.0472567       0.164743
           1035            497         215.63       0.302583       0.164743
           1036            544          48.76      0.0822593       0.164743
           1037            453         143.87       0.241041       0.164743
           1038            633         140.07       0.181187       0.164743
           1039            517          94.43       0.154441       0.164743
           1040            478         249.62       0.343064       0.164743
           1041            546           4.34     0.00788603       0.164743
           1042            642          54.18      0.0778247       0.164743
           1043            603         -27.63     -0.0480213       0.164743
           1044            556         188.24       0.252929       0.164743
           1045            474         161.46       0.254084       0.164743
           1046            526         327.54       0.383743       0.164743
           1047            169         403.51       0.704809       0.861312
           1048            142         564.18       0.798918       0.861312
           1049            543         239.97       0.306487       0.164743
           1050            685          -4.85    -0.00713078       0.164743
           1051            470          104.3       0.181612       0.164743
           1052            598          62.42      0.0945156       0.164743
           1053            569         168.51       0.228485       0.164743
           1054            660           68.4      0.0939044       0.164743
           1055            545         103.55       0.159664       0.164743
           1056            537         189.23       0.260565       0.164743
           1057            518         505.22       0.493755       0.164743
           1058             46         787.34         0.9448       0.861312
           1059            104         705.16       0.871472       0.861312
           1060              7         799.53       0.991321       0.861312
           1061            181         541.99       0.749651       0.861312
           1062            550          170.5       0.236641       0.164743
           1063            627         109.33        0.14848       0.164743
           1064            842          13.18       0.015412       0.164743
           1065            657         114.03       0.147893       0.164743
           1066            517         176.43       0.254431       0.164743
           1067            618          75.22       0.108508       0.164743
           1068            698          57.42      0.0760107       0.164743
           1069            513         158.27       0.235777       0.164743
           1070            124         642.96       0.838323       0.861312
           1071             50          724.5       0.935442       0.861312
           1072             60          988.4        0.94277       0.861312
           1073             59         558.61        0.90447       0.861312
           1074             77         723.83        0.90385       0.861312
           1075            146         889.34       0.858984       0.861312
           1076            145         663.55       0.820667       0.861312
           1077             88         676.52       0.884895       0.861312
           1078            107         743.53       0.874196       0.861312
           1079             46         769.34       0.943582       0.861312
           1080             86         827.94       0.905902       0.861312
           1081             45         556.55       0.925193       0.861312
           1082            506         282.74        0.35847       0.164743
           1083            782          21.78       0.027097       0.164743
           1084            586         153.94       0.208044       0.164743
           1085            607          79.53       0.115843       0.164743
           1086            562         202.98        0.26534       0.164743
           1087            113         688.27       0.858974       0.861312
           1088            431         294.49       0.405919       0.164743
           1089            369         133.51       0.265686       0.164743
           1090            120          589.8       0.830938       0.861312
           1091             32         714.28       0.957121       0.861312
           1092             69         708.51       0.911255       0.861312
           1093             68         717.72       0.913455       0.861312
           1094             59         887.61       0.937672       0.861312
           1095            186         687.94       0.787171       0.861312
           1096            108         678.32       0.862651       0.861312
           1097            374         399.46       0.516459       0.861312
           1098            462         332.98       0.418853       0.164743
           1099            741          16.39      0.0216401       0.164743
           1100            114         602.06       0.840795       0.861312
           1101            520          132.8       0.203431       0.164743
           1102            482         409.78       0.459508       0.164743
           1103             51         735.29       0.935138       0.861312
           1104             46         537.34       0.921144       0.861312
           1105            153         577.87        0.79066       0.861312
           1106             30          734.7       0.960769       0.861312
           1107             93         785.47       0.894134       0.861312
           1108             18         966.22       0.981711       0.861312
           1109            152         737.08       0.829037       0.861312
           1110            135         856.65       0.863863       0.861312
           1111             45         573.55       0.927249       0.861312
           1112            154         642.66       0.806693       0.861312
           1113             73         698.67         0.9054       0.861312
           1114             83         663.57       0.888825       0.861312
           1115            123         828.17       0.870686       0.861312
           1116             83         675.57       0.890584       0.861312
           1117            329         272.91       0.453407       0.164743
           1118            554         119.66       0.177627       0.164743
           1119            283         510.57       0.643384       0.861312
           1120            103         628.37       0.859168       0.861312
           1121            624          -2.04    -0.00327995       0.164743
           1122            540          -32.4     -0.0638298       0.164743
           1123            554          43.66      0.0730516       0.164743
           1124            618         -93.78      -0.178894       0.164743
           1125            593          24.47      0.0396295       0.164743
           1126            800            -28     -0.0362694       0.164743
           1127            595          59.05      0.0902836       0.164743
           1128            541         236.39       0.304082       0.164743
           1129            636         132.44       0.172349       0.164743
