              0             98         925.42       0.904243       0.909999
              1             69         867.51       0.926322       0.909999
              2             80          913.2       0.919452       0.909999
              3            107         893.53       0.893057       0.909999
              4             99         895.21       0.900423       0.909999
              5             83         862.57       0.912222       0.909999
              6            137         872.23       0.864253       0.909999
              7             23         768.17       0.970929       0.909999
              8             28         716.12       0.962372       0.909999
              9             58         770.82       0.930021       0.909999
             10             70          796.3       0.919197       0.909999
             11             60          935.4       0.939723       0.909999
             12             33         735.07       0.957035       0.909999
             13            102         802.58        0.88724       0.909999
             14             92         548.68       0.856403       0.909999
             15              1         845.79       0.998819       0.909999
             16             -7         817.47        1.00864       0.909999
             17             85         797.15       0.903645       0.909999
             18             60          592.4       0.908032       0.909999
             19             81         765.99       0.904367       0.909999
             20             57         563.03       0.908069       0.909999
             21             36         753.44       0.954398       0.909999
             22             94         735.26       0.886646       0.909999
             23             85         895.15       0.913279       0.909999
             24             66         887.14       0.930755       0.909999
             25             48         598.92       0.925802       0.909999
             26            170          585.3       0.774924       0.909999
             27             48         715.92       0.937166       0.909999
             28             54         682.66       0.926696       0.909999
             29             90          555.1       0.860487       0.909999
             30            -19         737.99        1.02643       0.909999
             31             83         645.57       0.886078       0.909999
             32             -9         615.89        1.01483       0.909999
             33            -18         595.78        1.03115       0.909999
             34             45         449.55       0.909008       0.909999
             35             72         577.88        0.88921       0.909999
             36             67         591.93        0.89832       0.909999
             37            114         561.06       0.831126       0.909999
             38             50          686.5       0.932111       0.909999
             39             77         706.83       0.901764       0.909999
             40             61         697.19       0.919545       0.909999
             41             54         615.66       0.919362       0.909999
             42            101         707.79       0.875122       0.909999
             43            121         658.59        0.84479       0.909999
             44             42         735.18       0.945958       0.909999
             45             56         771.24       0.932305       0.909999
             46            133         832.07       0.862186       0.909999
             47             15         814.85       0.981924       0.909999
             48             40          648.6       0.941911       0.909999
             49            149         717.71       0.828086       0.909999
             50             44         603.76       0.932074       0.909999
             51             67         946.93        0.93392       0.909999
             52             85         798.15       0.903754       0.909999
             53             15         969.85       0.984769       0.909999
             54            136         768.44       0.849631       0.909999
             55             15         743.85       0.980233       0.909999
             56             58         688.82       0.922337       0.909999
             57            117         672.43       0.851792       0.909999
             58             37         720.23       0.951138       0.909999
             59             76         758.04       0.908877       0.909999
             60            134         600.86       0.817652       0.909999
             61             71         625.09       0.898002       0.909999
             62            153         536.87       0.778219       0.909999
             63             21         604.59       0.966432       0.909999
             64             62         786.98       0.926971       0.909999
             65             52         606.08       0.920982       0.909999
             66             45         540.55       0.923149       0.909999
             67             40          718.6       0.947271       0.909999
             68             -9         739.89        1.01231       0.909999
             69            115         671.85       0.853848       0.909999
             70             58         806.82       0.932934       0.909999
             71             66         867.14       0.929271       0.909999
             72            107         783.53       0.879847       0.909999
             73             26         659.54       0.962074       0.909999
             74             40          620.6       0.939449       0.909999
             75             79         434.41       0.846127       0.909999
             76             27         508.33       0.949564       0.909999
             77             77         771.83       0.909287       0.909999
             78             48         690.92        0.93504       0.909999
             79             15         695.85       0.978899       0.909999
             80            186         709.94       0.792397       0.909999
             81             65         653.35       0.909515       0.909999
             82             31         707.49       0.958022       0.909999
             83             60          551.4       0.901865       0.909999
             84             30          829.7       0.965104       0.909999
             85             96         741.84        0.88542       0.909999
             86             75         747.25       0.908787       0.909999
             87            116         776.64       0.870048       0.909999
             88             89         671.31       0.882942       0.909999
             89             51         719.29       0.933791       0.909999
             90             83         632.57       0.884009       0.909999
             91             -5         845.05        1.00595       0.909999
             92             85         690.15       0.890344       0.909999
             93             27         903.33       0.970978       0.909999
             94             33         618.07       0.949314       0.909999
             95             43         612.97       0.934448       0.909999
             96             64         693.56       0.915518       0.909999
             97             -5         796.05        1.00632       0.909999
             98            135         759.65       0.849103       0.909999
             99             45         588.55       0.928972       0.909999
            100             82         774.78       0.904293       0.909999
            101             15         809.85       0.981815       0.909999
            102            176         545.04       0.755908       0.909999
            103             68         784.72       0.920255       0.909999
            104            211         727.69       0.775219       0.909999
            105             62         919.98       0.936862       0.909999
            106            124         712.96       0.851845       0.909999
            107            186         593.94        0.76152       0.909999
            108            151         673.29       0.816812       0.909999
            109             87         732.73       0.893867       0.909999
            110            105         809.95        0.88524       0.909999
            111            137         647.23       0.825306       0.909999
            112            140          626.6       0.817375       0.909999
            113            132         695.28       0.840441       0.909999
            114            125         755.75       0.858076       0.909999
            115            175         805.25       0.821474       0.909999
            116            149         656.71        0.81507       0.909999
            117            118         944.22       0.888912       0.909999
            118             86         783.94       0.901143       0.909999
            119            192         814.68       0.809274       0.909999
            120             88         830.52       0.904194       0.909999
            121            126         792.54       0.862826       0.909999
            122             98         835.42        0.89501       0.909999
            123             67         990.93       0.936669       0.909999
            124             89         804.31       0.900371       0.909999
            125            138         743.02       0.843363       0.909999
            126             63         897.77       0.934428       0.909999
            127             93         707.47       0.883818       0.909999
            128             31         515.49       0.943274       0.909999
            129             32         702.28        0.95642       0.909999
            130            141        1056.39       0.882244       0.909999
            131             92         810.68       0.898081       0.909999
            132            180          596.2       0.768101       0.909999
            133            100            768       0.884793       0.909999
            134            120          707.8       0.855037       0.909999
            135             42         791.18       0.949591       0.909999
            136             53         858.87       0.941878       0.909999
            137             61         680.19         0.9177       0.909999
            138             27         715.33       0.963628       0.909999
            139             23         756.17       0.970481       0.909999
            140             74         811.46       0.916428       0.909999
            141            103         629.37       0.859361       0.909999
            142             23         717.17       0.968926       0.909999
            143             68         604.72       0.898918       0.909999
            144             27         811.33       0.967793       0.909999
            145             92         754.68        0.89134       0.909999
            146             34         641.86       0.949694       0.909999
            147             -3         635.63        1.00474       0.909999
            148             23         699.17       0.968152       0.909999
            149            155         648.45       0.807082       0.909999
            150             -2         720.42        1.00278       0.909999
            151             63         709.77       0.918475       0.909999
            152             49         758.71       0.939335       0.909999
            153             38         886.02       0.958875       0.909999
            154             55         772.45       0.933531       0.909999
            155            134         700.86       0.839494       0.909999
            156            119         556.01       0.823706       0.909999
            157             81         687.99       0.894667       0.909999
            158             82         662.78         0.8899       0.909999
            159             90          674.1       0.882214       0.909999
            160             68         896.72       0.929513       0.909999
            161             89         780.31        0.89762       0.909999
            162             82         763.78       0.903048       0.909999
            163             -3         732.63        1.00411       0.909999
            164            157         815.03       0.838482       0.909999
            165             20          780.8       0.975025       0.909999
            166             93         752.47       0.890002       0.909999
            167             90          587.1        0.86708       0.909999
            168             67         803.93       0.923071       0.909999
            169            139         740.81       0.842011       0.909999
            170            125         629.75       0.834382       0.909999
            171             57         739.03       0.928395       0.909999
            172             13         736.27        0.98265       0.909999
            173             28         656.12       0.959072       0.909999
            174            145         457.55       0.759356       0.909999
            175            377         186.83       0.331359       0.309968
            176            347          63.13       0.153927       0.309968
            177            337         149.23       0.306912       0.309968
            178            343           9.97       0.028246       0.309968
            179            353         168.87       0.323586       0.309968
            180            318         139.22       0.304492       0.309968
            181            445         197.55       0.307447       0.309968
            182            337         122.23       0.266163       0.309968
            183            212          54.48       0.204443       0.309968
            184            261         124.19       0.322412       0.309968
            185            351          42.29       0.107529       0.309968
            186            466         227.14       0.327697       0.309968
            187            380          266.2       0.411947       0.309968
            188            352          90.08       0.203764       0.309968
            189            238          29.02       0.108681       0.309968
            190            399         181.21       0.312318       0.309968
            191            327         193.33       0.371553       0.309968
            192            299         142.21       0.322318       0.309968
            193            820          113.8       0.121868       0.309968
            194            579          86.41        0.12986       0.309968
            195            364          69.56       0.160439       0.309968
            196            411         112.69       0.215185       0.309968
            197            465         213.35       0.314513       0.309968
            198            391         171.89        0.30537       0.309968
            199            443          84.97       0.160937       0.309968
            200            419         101.01       0.194246       0.309968
            201            239         265.81       0.526555       0.309968
            202            224         150.96       0.402603       0.309968
            203            349          79.71        0.18593       0.309968
            204            380          190.2       0.333567       0.309968
            205            228         186.12       0.449435       0.309968
            206            407          30.53      0.0697781       0.309968
            207            763         169.77       0.182006       0.309968
            208            368         133.72       0.266523       0.309968
            209            347         156.13       0.310317       0.309968
            210            427         106.33        0.19937       0.309968
            211            476         181.04       0.275539       0.309968
            212            592         137.68       0.188685       0.309968
            213            485         247.15       0.337567       0.309968
            214            455          90.45       0.165826       0.309968
            215            500            208       0.293785       0.309968
            216            459         206.61       0.310407       0.309968
            217            501         215.79       0.301051       0.309968
            218            457         200.03       0.304446       0.309968
            219            362         202.98       0.359269       0.309968
            220            342         221.18       0.392734       0.309968
            221             89         812.31       0.901255       0.909999
            222            107         850.53       0.888254       0.909999
            223            134         581.86       0.812813       0.909999
            224             82         615.78       0.882484       0.909999
            225             71         572.09       0.889596       0.909999
            226             64         652.56       0.910684       0.909999
            227             47         687.13       0.935979       0.909999
            228             59         682.61       0.920443       0.909999
            229            105         663.95        0.86345       0.909999
            230             -5         618.05        1.00816       0.909999
            231             90          657.1       0.879534       0.909999
            232             30          774.7       0.962719       0.909999
            233             98         689.42       0.875543       0.909999
            234             43         607.97       0.933945       0.909999
            235             54         664.66        0.92486       0.909999
            236            127         545.33       0.811105       0.909999
            237             49         542.71       0.917189       0.909999
            238             73         704.67        0.90613       0.909999
            239            114         697.06       0.859443       0.909999
            240             62         616.98       0.908687       0.909999
            241             45         641.55       0.934455       0.909999
            242            111         647.69       0.853695       0.909999
            243             43         674.97       0.940109       0.909999
            244             54         745.66       0.932471       0.909999
            245             21         598.59       0.966107       0.909999
            246             48         554.92       0.920387       0.909999
            247             14         770.06       0.982144       0.909999
            248            107         738.53       0.873452       0.909999
            249             31         539.49       0.945661       0.909999
            250             14         550.06        0.97518       0.909999
            251             46         508.34       0.917018       0.909999
            252             45         593.55       0.929528       0.909999
            253             43         523.97       0.924158       0.909999
            254             -8         746.68        1.01083       0.909999
            255             61         624.19       0.910974       0.909999
            256             16         580.64       0.973183       0.909999
            257             52         508.08       0.907156       0.909999
            258             85         400.15       0.824796       0.909999
            259             57         819.03       0.934934       0.909999
            260             50          587.5       0.921569       0.909999
            261             44         737.76       0.943717       0.909999
            262            358         125.82       0.260055       0.309968
            263            307         277.53       0.474792       0.309968
            264            430          219.7       0.338156       0.309968
            265            380          104.2         0.2152       0.309968
            266            321          54.59       0.145345       0.309968
            267            429         282.91       0.397396       0.309968
            268            339         325.81        0.49008       0.309968
            269            430          329.7       0.433987       0.309968
            270            415         279.85       0.402749       0.309968
            271            336         253.44       0.429967       0.309968
            272            266         280.14       0.512945       0.309968
            273            104         508.16        0.83011       0.909999
            274             66         615.14       0.903104       0.909999
            275             62         562.98       0.900797       0.909999
            276             11         478.69       0.977537       0.909999
            277             94         484.26       0.837443       0.909999
            278            103         633.37       0.860125       0.909999
            279             25         513.75       0.953596       0.909999
            280             81         625.99        0.88543       0.909999
            281             52         602.08       0.920499       0.909999
            282             28         465.12       0.943219       0.909999
            283             92         533.68        0.85296       0.909999
            284             16         737.64        0.97877       0.909999
            285            -11         618.31        1.01811       0.909999
            286            105         665.95       0.863804       0.909999
            287             74         454.46        0.85997       0.909999
            288             48         611.92       0.927264       0.909999
            289             49         557.71       0.919237       0.909999
            290             45         595.55       0.929748       0.909999
            291             19         691.01        0.97324       0.909999
            292            103         639.37       0.861255       0.909999
            293            118         642.22       0.844782       0.909999
            294             97         636.63       0.867781       0.909999
            295             60          748.4       0.925779       0.909999
            296            103         788.37       0.884448       0.909999
            297             39         903.81       0.958634       0.909999
            298             23         816.17       0.972592       0.909999
            299             54         709.66       0.929288       0.909999
            300             68         620.72       0.901266       0.909999
            301             72         573.88       0.888524       0.909999
            302             56         765.24        0.93181       0.909999
            303             66         745.14       0.918633       0.909999
            304              9         633.11       0.985984       0.909999
            305             55         703.45       0.927484       0.909999
            306             48         777.92       0.941883       0.909999
            307             54         723.66       0.930561       0.909999
            308             32         481.28       0.937656       0.909999
            309             49         638.71       0.928749       0.909999
            310             22         663.38       0.967901       0.909999
            311             25         889.75        0.97267       0.909999
            312             33         902.07       0.964709       0.909999
            313            140          718.6       0.836944       0.909999
            314             34         848.86       0.961489       0.909999
            315             71         846.09       0.922581       0.909999
            316            106         660.74       0.861752       0.909999
            317            434         143.86       0.248953       0.309968
            318            554         179.66       0.244882       0.309968
            319            383         287.57       0.428844       0.309968
            320            211         492.69       0.700152       0.909999
            321             56         624.24       0.917676       0.909999
            322            136         579.44       0.809907       0.909999
            323             78         646.62       0.892357       0.909999
            324             46         579.34        0.92644       0.909999
            325             70          789.3       0.918538       0.909999
            326             81         706.99       0.897207       0.909999
            327             80          587.2       0.880096       0.909999
            328            124         653.96       0.840609       0.909999
            329            -27         546.67        1.05196       0.909999
            330             52         685.08       0.929451       0.909999
            331              7         582.53       0.988126       0.909999
            332              5         701.95       0.992927       0.909999
            333             79         618.41       0.886724       0.909999
            334             30          932.7       0.968838       0.909999
            335              4         609.16       0.993476       0.909999
            336             63         430.77        0.87241       0.909999
            337             60          625.4        0.91246       0.909999
            338              9         753.11       0.988191       0.909999
            339            -16         695.36        1.02355       0.909999
            340             15         510.85       0.971475       0.909999
            341             51         632.29       0.925361       0.909999
            342             31         863.49       0.965343       0.909999
            343            -23         663.83        1.03589       0.909999
            344            105         614.95       0.854157       0.909999
            345            346         244.34       0.413897       0.309968
            346            334         282.86       0.458548       0.309968
            347            317         221.43       0.411251       0.309968
            348            461          70.19       0.132137       0.309968
            349            412          80.48       0.163418       0.309968
            350            300             60       0.166667       0.309968
            351            336         247.44       0.424105       0.309968
            352            273         121.67       0.308283       0.309968
            353            346         -26.66     -0.0834847       0.309968
            354            423         189.17       0.309015       0.309968
            355            359         237.61       0.398267       0.309968
            356            109         493.11        0.81897       0.909999
            357            109         760.11       0.874584       0.909999
            358            -20          730.2        1.02816       0.909999
            359             30          638.7       0.955137       0.909999
            360             40          695.6       0.945623       0.909999
            361              4         761.16       0.994772       0.909999
            362             70          603.3       0.896034       0.909999
            363             77         703.83       0.901387       0.909999
            364             69         715.51       0.912047       0.909999
            365             66         596.14       0.900323       0.909999
            366             33         681.07       0.953786       0.909999
            367             16         617.64       0.974749       0.909999
            368             19         583.01       0.968439       0.909999
            369            127         573.33       0.818657       0.909999
            370              7         691.53       0.989979       0.909999
            371            -17         653.57        1.02671       0.909999
            372              9         662.11       0.986589       0.909999
            373             74         593.46       0.889132       0.909999
            374             37         491.23       0.929955       0.909999
            375             54         488.66        0.90049       0.909999
            376             66         526.14        0.88854       0.909999
            377             45         625.55       0.932891       0.909999
            378             25         637.75       0.962278       0.909999
            379             64         361.56        0.84961       0.909999
            380             33         615.07        0.94908       0.909999
            381             63         713.77       0.918895       0.909999
            382             59         589.61       0.909036       0.909999
            383             39         511.81       0.929195       0.909999
            384             -2         566.42        1.00354       0.909999
            385             72         497.88       0.873658       0.909999
            386             24         582.96       0.960459       0.909999
            387             52         697.08       0.930582       0.909999
            388             59         576.61       0.907176       0.909999
            389             65         495.35       0.884001       0.909999
            390             72         825.88       0.919811       0.909999
            391             68         600.72       0.898313       0.909999
            392            140          661.6       0.825349       0.909999
            393             21         771.59       0.973505       0.909999
            394             72         435.88       0.858234       0.909999
            395            -17         645.57        1.02705       0.909999
            396             48         721.92       0.937656       0.909999
            397             42         442.18       0.913255       0.909999
            398             19         770.01       0.975919       0.909999
            399             92         584.68       0.864042       0.909999
            400             43         539.97        0.92624       0.909999
            401             49         517.71       0.913536       0.909999
            402            -23         724.83        1.03277       0.909999
            403             21         484.59       0.958464       0.909999
            404            117         602.43       0.837371       0.909999
            405              3         595.37       0.994986       0.909999
            406             79         749.41       0.904637       0.909999
            407             25         513.75       0.953596       0.909999
            408             73         631.67       0.896405       0.909999
            409            102         344.58       0.771597       0.909999
            410            125         630.75       0.834601       0.909999
            411             88         576.52       0.867574       0.909999
            412             26         566.54       0.956121       0.909999
            413            -41         690.61        1.06311       0.909999
            414            267         362.93       0.576143       0.309968
            415            230          234.7       0.505057       0.309968
            416            -19         646.99        1.03026       0.909999
            417             77         623.83        0.89013       0.909999
            418             54         697.66       0.928159       0.909999
            419             90          669.1       0.881439       0.909999
            420            108         691.32       0.864885       0.909999
            421            103         692.37       0.870501       0.909999
            422             24         620.96       0.962788       0.909999
            423             13         545.27       0.976714       0.909999
            424             60          697.4       0.920782       0.909999
            425            115         715.85       0.861588       0.909999
            426             47         529.13       0.918421       0.909999
            427             90          708.1       0.887232       0.909999
            428             84         616.36       0.880062       0.909999
            429             23         614.17       0.963903       0.909999
            430             45         548.55       0.924185       0.909999
            431            -18         566.78         1.0328       0.909999
            432             42         582.18       0.932712       0.909999
            433              7         610.53       0.988665       0.909999
            434              7         527.53       0.986904       0.909999
            435            105         518.95       0.831717       0.909999
            436             81         672.99       0.892572       0.909999
            437             -9         619.89        1.01473       0.909999
            438             29         590.91       0.953219       0.909999
            439             41         507.39       0.925236       0.909999
            440            129         590.91       0.820811       0.909999
            441             56         672.24       0.923102       0.909999
            442              3         521.37       0.994279       0.909999
            443             56         656.24       0.921375       0.909999
            444             38         729.02       0.950458       0.909999
            445             65         640.35       0.907847       0.909999
            446            -20          549.2        1.03779       0.909999
            447             64         580.56       0.900707       0.909999
            448             65         638.35       0.907585       0.909999
            449            -23         396.83        1.06153       0.909999
            450             22         490.38       0.957063       0.909999
            451             11         639.69       0.983095       0.909999
            452              7         588.53       0.988246       0.909999
            453             48         673.92       0.933511       0.909999
            454            120          413.8       0.775197       0.909999
            455             55         527.45       0.905571       0.909999
            456             72         557.88       0.885693       0.909999
            457             99         456.21       0.821689       0.909999
            458             65         734.35       0.918684       0.909999
            459             67         571.93       0.895137       0.909999
            460             18         511.22       0.965988       0.909999
            461            101         783.79       0.885849       0.909999
            462             59         632.61       0.914692       0.909999
            463             27         597.33       0.956754       0.909999
            464             74         724.46       0.907322       0.909999
            465            172         609.88       0.780017       0.909999
            466             63         522.77       0.892449       0.909999
            467             29         592.91       0.953369       0.909999
            468             90          493.1       0.845653       0.909999
            469            119         556.01       0.823706       0.909999
            470            103         629.37       0.859361       0.909999
            471             72         682.88       0.904621       0.909999
            472            114         825.06       0.878602       0.909999
            473            137         822.23       0.857177       0.909999
            474            142         543.18       0.792755       0.909999
            475            130          556.7       0.810689       0.909999
            476            260          629.4       0.707668       0.909999
            477            106         623.74       0.854743       0.909999
            478            112         686.48       0.859733       0.909999
            479             28         704.12       0.961755       0.909999
            480             25         493.75       0.951807       0.909999
            481             24         484.96       0.952845       0.909999
            482            140          650.6       0.822919       0.909999
            483            101         634.79       0.862733       0.909999
            484            170          595.3       0.777865       0.909999
            485            106         526.74       0.832475       0.909999
            486             35         429.65       0.924674       0.909999
            487             12         832.48        0.98579       0.909999
            488            204         513.16       0.715545       0.909999
            489            162         298.98       0.648575       0.909999
            490            361          82.19       0.185451       0.309968
            491            191         533.89       0.736512       0.909999
            492             72         653.88        0.90081       0.909999
            493             40          659.6       0.942824       0.909999
            494             63         728.77       0.920431       0.909999
            495             40          525.6       0.929279       0.909999
            496              4         607.16       0.993455       0.909999
            497            109         986.11       0.900467       0.909999
            498             15         673.85       0.978225       0.909999
            499             87         614.73       0.876021       0.909999
            500             10          518.9       0.981093       0.909999
            501             78         489.62       0.862584       0.909999
            502             98         515.42        0.84024       0.909999
            503             39         611.81       0.940075       0.909999
            504             63         604.77       0.905656       0.909999
            505             21         531.59       0.961997       0.909999
            506            188         616.52        0.76632       0.909999
            507             42         757.18       0.947446       0.909999
            508             52         614.08       0.921931       0.909999
            509             37         566.23       0.938664       0.909999
            510             98         585.42       0.856604       0.909999
            511             94         569.26       0.858276       0.909999
            512            -19         610.99         1.0321       0.909999
            513             38         568.02       0.937296       0.909999
            514             45         673.55       0.937374       0.909999
            515             94         596.26       0.863819       0.909999
            516             55         561.45       0.910779       0.909999
            517            113         629.27       0.847764       0.909999
            518             51         596.29        0.92121       0.909999
            519             68         620.72       0.901266       0.909999
            520             64         569.56       0.898984       0.909999
            521             33         592.07       0.947206       0.909999
            522             -1         559.21        1.00179       0.909999
            523             24         644.96       0.964123       0.909999
            524            163         460.77       0.738686       0.909999
            525             27         544.33       0.952742       0.909999
            526             18         540.22       0.967755       0.909999
            527             87         478.73       0.846216       0.909999
            528             93         527.47       0.850114       0.909999
            529             79         591.41       0.882162       0.909999
            530             10          549.9        0.98214       0.909999
            531             83         396.57       0.826928       0.909999
            532             77         627.83       0.890754       0.909999
            533             71         875.09       0.924954       0.909999
            534             45         666.55       0.936758       0.909999
            535             10          704.9       0.986012       0.909999
            536             53         495.87       0.903438       0.909999
            537            134         775.86       0.852725       0.909999
            538             39         790.81       0.953001       0.909999
            539             41         772.39       0.949594       0.909999
            540             58         653.82       0.918519       0.909999
            541             53         696.87       0.929321       0.909999
            542            129         585.91       0.819558       0.909999
            543            -15         654.15        1.02347       0.909999
            544             83         504.57        0.85874       0.909999
            545             65         529.35       0.890637       0.909999
            546             90          440.1       0.830221       0.909999
            547            448          70.92       0.136668       0.309968
            548            473         186.67       0.282975       0.309968
            549            168         277.72       0.623082       0.909999
            550             72         593.88       0.891872       0.909999
            551              2         618.58       0.996777       0.909999
            552            369         236.51       0.390596       0.309968
            553            366         163.14       0.308312       0.309968
            554            347          47.13        0.11958       0.309968
            555            370          158.3        0.29964       0.309968
            556            350           94.5       0.212598       0.309968
            557            434         118.86       0.214991       0.309968
            558            390          110.1       0.220156       0.309968
            559            399         165.21       0.292817       0.309968
            560            469          99.51       0.175036       0.309968
            561            341         180.39       0.345979       0.309968
            562            320          112.8       0.260628       0.309968
            563            455         187.45       0.291774       0.309968
            564            357         104.03       0.225647       0.309968
            565            338         168.02       0.332042       0.309968
            566            397          83.63       0.174001       0.309968
            567            289         160.31       0.356792       0.309968
            568            356         151.24       0.298163       0.309968
            569            384          64.36       0.143545       0.309968
            570            421         204.59       0.327035       0.309968
            571            394         147.26       0.272069       0.309968
            572            412         189.48       0.315023       0.309968
            573            216         304.64       0.585126       0.309968
            574            126         679.54       0.843583       0.909999
            575            263         200.77       0.432909       0.309968
            576            169         425.51       0.715732       0.909999
            577             45         640.55       0.934359       0.909999
            578             94         646.26       0.873018       0.909999
            579             94         449.26       0.826971       0.909999
            580             10          583.9       0.983162       0.909999
            581             -2         516.42        1.00389       0.909999
            582             71         491.09       0.873686       0.909999
            583             31         657.49       0.954974       0.909999
            584             97         603.63       0.861553       0.909999
            585             97         565.63       0.853614       0.909999
            586             94         488.26        0.83856       0.909999
            587              8         681.32       0.988394       0.909999
            588             41         642.39       0.940005       0.909999
            589             34         487.86       0.934848       0.909999
            590             87         582.73       0.870097       0.909999
            591             28         423.12       0.937932       0.909999
            592            -18         478.78        1.03906       0.909999
            593             55         598.45       0.915831       0.909999
            594             37         762.23       0.953705       0.909999
            595             91         617.89        0.87163       0.909999
            596             35         728.65       0.954167       0.909999
            597            116         740.64       0.864587       0.909999
            598             53         593.87       0.918067       0.909999
            599            139         556.81       0.800233       0.909999
            600            114         524.06       0.821333       0.909999
            601             51         453.29       0.898868       0.909999
            602             35         386.65       0.916993       0.909999
            603             33         373.07       0.918733       0.909999
            604             55         512.45       0.903075       0.909999
            605             52         583.08       0.918121       0.909999
            606             12         505.48       0.976811       0.909999
            607             53         573.87       0.915453       0.909999
            608             64         687.56       0.914844       0.909999
            609             96         587.84       0.859616       0.909999
            610             38         610.02        0.94136       0.909999
            611            128         674.12       0.840423       0.909999
            612             99         514.21       0.838554       0.909999
            613             86         739.94       0.895876       0.909999
            614            132         593.28       0.818001       0.909999
            615             23         593.17       0.962673       0.909999
            616             91         423.89       0.823263       0.909999
            617             43         540.97       0.926366       0.909999
            618            113         355.27       0.758686       0.909999
            619             -2         507.42        1.00396       0.909999
            620             87         441.73       0.835455       0.909999
            621             81         539.99       0.869563       0.909999
            622             32         720.28       0.957463       0.909999
            623             -6         502.26        1.01209       0.909999
            624             47         626.13       0.930177       0.909999
            625             48         571.92       0.922571       0.909999
            626             60          446.4       0.881517       0.909999
            627             44         576.76       0.929119       0.909999
            628             33         650.07       0.951689       0.909999
            629             62         443.98       0.877466       0.909999
            630             25         576.75       0.958455       0.909999
            631             75         414.25       0.846704       0.909999
            632             19         641.01       0.971213       0.909999
            633            126         578.54        0.82116       0.909999
            634             35         531.65       0.938233       0.909999
            635             31         369.49       0.922595       0.909999
            636             99         452.21       0.820395       0.909999
            637            159         251.61       0.612771       0.909999
            638            217         368.43       0.629332       0.909999
            639             87         651.73        0.88223       0.909999
            640            153         643.87       0.807999       0.909999
            641             20          467.8          0.959       0.909999
            642             88         827.52        0.90388       0.909999
            643             29         711.91       0.960859       0.909999
            644              1         632.79       0.998422       0.909999
            645              4         469.16       0.991546       0.909999
            646             38         545.02       0.934822       0.909999
            647            112         778.48       0.874225       0.909999
            648             12         581.48        0.97978       0.909999
            649             30          570.7       0.950058       0.909999
            650             83         563.57        0.87163       0.909999
            651             75         287.25       0.792961       0.909999
            652             55         591.45        0.91492       0.909999
            653             69         667.51       0.906315       0.909999
            654             49         536.71       0.916341       0.909999
            655             77         514.83       0.869895       0.909999
            656            111         497.69       0.817641       0.909999
            657             52         496.08       0.905123       0.909999
            658             13         588.27       0.978379       0.909999
            659            134         703.86       0.840069       0.909999
            660            107         530.53       0.832165       0.909999
            661              7         607.53       0.988609       0.909999
            662             78         704.62       0.900335       0.909999
            663             55         485.45       0.898233       0.909999
            664            103         705.37       0.872583       0.909999
            665             25         481.75       0.950666       0.909999
            666             63         552.77       0.897689       0.909999
            667             30          597.7       0.952206       0.909999
            668             51         517.29       0.910257       0.909999
            669            111         479.69       0.812084       0.909999
            670             -5         592.05        1.00852       0.909999
            671              4         472.16       0.991599       0.909999
            672             56         564.24       0.909712       0.909999
            673             57         593.03       0.912312       0.909999
            674             19         711.01       0.973973       0.909999
            675             76         500.04       0.868065       0.909999
            676             -6         767.26        1.00788       0.909999
            677            101         551.79       0.845279       0.909999
            678            148         735.92       0.832564       0.909999
            679             10          673.9       0.985378       0.909999
            680            108         550.32       0.835946       0.909999
            681             70          645.3       0.902139       0.909999
            682             34         718.86       0.954839       0.909999
            683            101         660.79       0.867418       0.909999
            684             56         587.24       0.912941       0.909999
            685             41         623.39       0.938289       0.909999
            686            -18         614.78        1.03016       0.909999
            687             37         559.23       0.937943       0.909999
            688             77         556.83       0.878516       0.909999
            689             48         690.92        0.93504       0.909999
            690             45         515.55       0.919722       0.909999
            691             96         389.84       0.802404       0.909999
            692             87         584.73       0.870484       0.909999
            693             62         820.98       0.929783       0.909999
            694            153         863.87       0.849538       0.909999
            695            149         701.71       0.824852       0.909999
            696             87         601.73       0.873681       0.909999
            697             59         814.61       0.932464       0.909999
            698             31         677.49       0.956245       0.909999
            699            149         869.71       0.853737       0.909999
            700             34         732.86       0.955663       0.909999
            701             53         686.87       0.928366       0.909999
            702             56         763.24       0.931644       0.909999
            703             63         832.77       0.929669       0.909999
            704            186         358.94       0.658678       0.909999
            705            357         339.03       0.487091       0.309968
            706            138         680.02         0.8313       0.909999
            707              8         757.32       0.989547       0.909999
            708              3         664.37       0.995505       0.909999
            709             55         618.45       0.918331       0.909999
            710            101         688.79       0.872118       0.909999
            711            100            686       0.872774       0.909999
            712              3         730.37       0.995909       0.909999
            713            124         680.96       0.845955       0.909999
            714            184         285.36       0.607977       0.909999
            715             55         644.45       0.921367       0.909999
            716             15         527.85       0.972368       0.909999
            717             78         588.62       0.882992       0.909999
            718             46         646.34       0.933559       0.909999
            719             98         727.42       0.881273       0.909999
            720             63         529.77       0.893719       0.909999
            721            118         577.22        0.83027       0.909999
            722            155         558.45       0.782746       0.909999
            723            303         198.37       0.395656       0.309968
            724            359         256.61       0.416839       0.309968
            725            319         235.01       0.424198       0.309968
            726            345         202.55       0.369921       0.309968
            727            370          165.3       0.308799       0.309968
            728            405         213.95       0.345666       0.309968
            729            144         366.76       0.718067       0.909999
            730             77         583.83        0.88348       0.909999
            731             93         622.47       0.870016       0.909999
            732            -36         676.56         1.0562       0.909999
            733             32         564.28       0.946334       0.909999
            734             32         842.28       0.963398       0.909999
            735             89         559.31        0.86272       0.909999
            736             66         553.14       0.893401       0.909999
            737             22         605.38       0.964934       0.909999
            738             81         667.99       0.891854       0.909999
            739             75         540.25       0.878098       0.909999
            740             -3         728.63        1.00413       0.909999
            741            106         801.74       0.883226       0.909999
            742             58         553.82       0.905201       0.909999
            743             73         519.67       0.876829       0.909999
            744             60          678.4       0.918743       0.909999
            745             30          779.7       0.962949       0.909999
            746            -23         822.83        1.02876       0.909999
            747             83         896.57       0.915269       0.909999
            748             34         576.86       0.944341       0.909999
            749             74         575.46       0.886059       0.909999
            750            113         617.27       0.845263       0.909999
            751             71         590.09       0.892602       0.909999
            752             37         458.23       0.925287       0.909999
            753             43         617.97       0.934944       0.909999
            754             97         557.63       0.851825       0.909999
            755             45         769.55       0.944755       0.909999
            756             47         543.13       0.920357       0.909999
            757             89         556.31       0.862082       0.909999
            758             37         676.23       0.948123       0.909999
            759             90          550.1       0.859397       0.909999
            760             64         655.56       0.911057       0.909999
            761             20          713.8       0.972745       0.909999
            762             52         540.08       0.912174       0.909999
            763             76         554.04       0.879373       0.909999
            764             67         661.93       0.908084       0.909999
            765            126         596.54       0.825615       0.909999
            766            101         645.79       0.864754       0.909999
            767            153         388.87       0.717644       0.909999
            768            422         228.38       0.351149       0.309968
            769            325          85.75       0.208764       0.309968
            770            336         116.44        0.25736       0.309968
            771            408         198.32       0.327088       0.309968
            772            358         123.82       0.256984       0.309968
            773            320          105.8       0.248473       0.309968
            774            326         186.54       0.363952       0.309968
            775            342         321.18       0.484303       0.309968
            776            306         213.74       0.411244       0.309968
            777            228         159.12       0.411035       0.309968
            778            274         302.46       0.524685       0.309968
            779            310          108.9       0.259967       0.309968
            780            295          40.05       0.119534       0.309968
            781            292         160.68       0.354953       0.309968
            782            345          88.55       0.204244       0.309968
            783            362         187.98       0.341794       0.309968
            784            293         184.47       0.386349       0.309968
            785            348         111.92       0.243347       0.309968
            786            342          58.18       0.145385       0.309968
            787            177         595.83       0.770972       0.909999
            788             50          584.5       0.921198       0.909999
            789             49         488.71       0.908873       0.909999
            790            130          721.7       0.847364       0.909999
            791            114         507.06       0.816443       0.909999
            792              6         668.74       0.991108       0.909999
            793            100            555       0.847328       0.909999
            794            127         637.33       0.833841       0.909999
            795             98         610.42       0.861664       0.909999
            796             79         772.41       0.907213       0.909999
            797             -1         820.21        1.00122       0.909999
            798             47         747.13       0.940816       0.909999
            799             52         950.08       0.948108       0.909999
            800             66         680.14       0.911545       0.909999
            801             18         607.22        0.97121       0.909999
            802            109         476.11        0.81371       0.909999
            803            111         650.69       0.854271       0.909999
            804             68         708.72       0.912452       0.909999
            805             69         532.51       0.885289       0.909999
            806             78         595.62       0.884208       0.909999
            807             19         579.01       0.968228       0.909999
            808             29         643.91       0.956904       0.909999
            809             40          769.6       0.950593       0.909999
            810             49         479.71       0.907322       0.909999
            811             11         382.69       0.972059       0.909999
            812             18         574.22       0.969606       0.909999
            813             88         575.52       0.867374       0.909999
            814             82         810.78       0.908152       0.909999
            815            172         777.88       0.818924       0.909999
            816            116         708.64       0.859333       0.909999
            817            114         866.06       0.883681       0.909999
            818            -10          767.1        1.01321       0.909999
            819             67         902.93       0.930923       0.909999
            820             62         738.98       0.922595       0.909999
            821             -6         829.26        1.00729       0.909999
            822             -1         700.21        1.00143       0.909999
            823             19         585.01       0.968544       0.909999
            824             78         440.62       0.849601       0.909999
            825             54         554.66       0.911281       0.909999
            826             22         604.38       0.964878       0.909999
            827            120          320.8       0.727768       0.909999
            828            258         287.82       0.527317       0.309968
            829            256         225.24       0.468041       0.309968
            830            345         329.55       0.488548       0.309968
            831            386         189.94       0.329791       0.309968
            832            364         154.56       0.298056       0.309968
            833            230          336.7       0.594142       0.309968
            834             85         618.15       0.879115       0.909999
            835             -5         803.05        1.00627       0.909999
            836            118         722.22       0.859561       0.909999
            837             54         780.66       0.935303       0.909999
            838            126         678.54       0.843389       0.909999
            839            321         197.59       0.381014       0.309968
            840            350           76.5       0.179367       0.309968
            841            315         104.85       0.249732       0.309968
            842            349         124.71       0.263262       0.309968
            843             91         340.89       0.789298       0.909999
            844            113         751.27       0.869254       0.909999
            845             12         580.48       0.979746       0.909999
            846            100            824       0.891775       0.909999
            847             56         603.24       0.915054       0.909999
            848             27         644.33       0.959781       0.909999
            849             -5         552.05        1.00914       0.909999
            850            130          632.7       0.829553       0.909999
            851             64         703.56       0.916619       0.909999
            852             34         593.86       0.945848       0.909999
            853             82         500.78       0.859295       0.909999
            854             48         595.92       0.925457       0.909999
            855             83         260.57       0.758419       0.909999
            856             54         403.66       0.882008       0.909999
            857              6         727.74       0.991823       0.909999
            858             55         549.45       0.909008       0.909999
            859            -10          698.1        1.01453       0.909999
            860             39         637.81       0.942377       0.909999
            861             74         640.46       0.896425       0.909999
            862             28         389.12       0.932873       0.909999
            863             59         435.61       0.880714       0.909999
            864             38         427.02       0.918283       0.909999
            865             11         602.69       0.982076       0.909999
            866             79         748.41       0.904521       0.909999
            867             15         857.85       0.982815       0.909999
            868             36         862.44       0.959931       0.909999
            869            108         414.32        0.79323       0.909999
            870            107         504.53       0.825029       0.909999
            871             55         461.45       0.893504       0.909999
            872             96         520.84       0.844368       0.909999
            873            136         621.44       0.820448       0.909999
            874             88         678.52       0.885195       0.909999
            875             24         730.96        0.96821       0.909999
            876             52         749.08       0.935088       0.909999
            877             57         723.03       0.926926       0.909999
            878             42         581.18       0.932604       0.909999
            879             39         640.81       0.942631       0.909999
            880             52         620.08       0.922628       0.909999
            881             37         637.23       0.945123       0.909999
            882             57         639.03       0.918107       0.909999
            883             53         599.87        0.91882       0.909999
            884             77         662.83       0.895922       0.909999
            885             52         548.08       0.913345       0.909999
            886            -15         550.15        1.02803       0.909999
            887             67         561.93        0.89347       0.909999
            888             19         527.01       0.965202       0.909999
            889             49         617.71       0.926505       0.909999
            890             30          388.7        0.92835       0.909999
            891             41         597.39       0.935776       0.909999
            892             89         528.31       0.855826       0.909999
            893              0            613              1       0.909999
            894              7         423.53       0.983741       0.909999
            895             93         558.47       0.857246       0.909999
            896             82         872.78       0.914116       0.909999
            897             25         771.75       0.968623       0.909999
            898            117         746.43       0.864494       0.909999
            899             48         790.92       0.942784       0.909999
            900             32         639.28        0.95233       0.909999
            901             55         517.45       0.903922       0.909999
            902            150          611.5        0.80302       0.909999
            903             30          659.7       0.956503       0.909999
            904             80          705.2       0.898115       0.909999
            905             52         564.08       0.915595       0.909999
            906             96         755.84       0.887303       0.909999
            907            -34         627.14        1.05732       0.909999
            908             88         451.52       0.836892       0.909999
            909             46         771.34        0.94372       0.909999
            910             75         482.25        0.86541       0.909999
            911             24         563.96       0.959181       0.909999
            912             13         586.27       0.978307       0.909999
            913             -1         602.21        1.00166       0.909999
            914             24         557.96        0.95876       0.909999
            915             68         643.72       0.904457       0.909999
            916            -25         652.25        1.03986       0.909999
            917             46         547.34       0.922473       0.909999
            918             26         669.54       0.962619       0.909999
            919            114         725.06       0.864134       0.909999
            920            105         417.95       0.799216       0.909999
            921             53         740.87       0.933238       0.909999
            922             41         733.39       0.947055       0.909999
            923             67         766.93       0.919658       0.909999
            924             79         702.41       0.898901       0.909999
            925             78         748.62        0.90564       0.909999
            926             59         755.61       0.927573       0.909999
            927             55         613.45        0.91772       0.909999
            928             40          655.6       0.942496       0.909999
            929             34         695.86       0.953416       0.909999
            930             52         779.08       0.937431       0.909999
            931             27         556.33       0.953714       0.909999
            932             53         633.87       0.922838       0.909999
            933             43         759.97       0.946449       0.909999
            934             70          812.3       0.920662       0.909999
            935              2         773.58       0.997421       0.909999
            936             73         713.67       0.907204       0.909999
            937             71         878.09       0.925191       0.909999
            938             63         667.77        0.91379       0.909999
            939            107         534.53       0.833211       0.909999
            940             38         500.02       0.929371       0.909999
            941            131         597.49       0.820176       0.909999
            942             75         464.25       0.860918       0.909999
            943             57         588.03       0.911632       0.909999
            944             78         873.62       0.918035       0.909999
            945             76         803.04       0.913542       0.909999
            946             45         746.55        0.94315       0.909999
            947             35         672.65       0.950541       0.909999
            948             14         686.06       0.980002       0.909999
            949             28         717.12       0.962422       0.909999
            950             96         529.84       0.846606       0.909999
            951             86         377.94       0.814631       0.909999
            952             17         536.43       0.969282       0.909999
            953            150          571.5         0.7921       0.909999
            954             54         617.66       0.919602       0.909999
            955             22         477.38       0.955945       0.909999
            956             26         667.54       0.962511       0.909999
            957            -25         801.25        1.03221       0.909999
            958             39         486.81       0.925829       0.909999
            959            172         498.88        0.74362       0.909999
            960            124         550.96       0.816285       0.909999
            961             74         646.46       0.897288       0.909999
            962             50          551.5       0.916874       0.909999
            963             35         424.65       0.923855       0.909999
            964             10          705.9       0.986032       0.909999
            965             77         527.83       0.872692       0.909999
            966             82         743.78         0.9007       0.909999
            967             29         739.91       0.962284       0.909999
            968             94         460.26       0.830405       0.909999
            969             71         553.09       0.886234       0.909999
            970             68         534.72       0.887178       0.909999
            971             -2         565.42        1.00355       0.909999
            972              2         579.58       0.996561       0.909999
            973             11         520.69       0.979311       0.909999
            974             48         514.92        0.91473       0.909999
            975             71         824.09       0.920678       0.909999
            976             54         719.66       0.930202       0.909999
            977             -3         649.63        1.00464       0.909999
            978            -37         630.77        1.06231       0.909999
            979             13         561.27       0.977363       0.909999
            980             85         575.15       0.871241       0.909999
            981             38         465.02       0.924456       0.909999
            982             52         612.08       0.921696       0.909999
            983             89         522.31       0.854411       0.909999
            984             32         662.28       0.953909       0.909999
            985             76         631.04        0.89251       0.909999
            986             55         778.45       0.934009       0.909999
            987             34         657.86       0.950857       0.909999
            988             29         659.91       0.957905       0.909999
            989             91         813.89       0.899435       0.909999
            990             45         653.55       0.935581       0.909999
            991             29         597.91       0.953741       0.909999
            992             41         432.39       0.913391       0.909999
            993             98         600.42       0.859683       0.909999
            994             34         615.86       0.947681       0.909999
            995             41         444.39       0.915532       0.909999
            996             30          654.7       0.956185       0.909999
            997            138         539.02       0.796166       0.909999
            998             47         417.13       0.898735       0.909999
            999             62         501.98       0.890067       0.909999
           1000             53         711.87       0.930707       0.909999
           1001             43         402.97       0.903581       0.909999
           1002             19         513.01       0.964286       0.909999
           1003            114         624.06       0.845541       0.909999
           1004              5         629.95       0.992125       0.909999
           1005             81         545.99       0.870811       0.909999
           1006             12         673.48       0.982494       0.909999
           1007             76         473.04       0.861577       0.909999
           1008             91         730.89        0.88928       0.909999
           1009             53         603.87       0.919314       0.909999
           1010             61         537.19       0.898026       0.909999
           1011             74         472.46       0.864583       0.909999
           1012             59         595.61        0.90987       0.909999
           1013            143         530.97       0.787824       0.909999
           1014             77         665.83       0.896342       0.909999
           1015              6         641.74       0.990737       0.909999
           1016             18         643.22       0.972778       0.909999
           1017             12         488.48       0.976023       0.909999
           1018             46         560.34       0.924135       0.909999
           1019             95         573.05       0.857795       0.909999
           1020             90          414.1       0.821464       0.909999
           1021             56         649.24       0.920594       0.909999
           1022             -9         713.89        1.01277       0.909999
           1023             89         598.31        0.87051       0.909999
           1024             66         427.14       0.866164       0.909999
           1025              2         494.58       0.995972       0.909999
           1026             34         484.86       0.934472       0.909999
           1027             75         587.25        0.88675       0.909999
           1028             37         681.23       0.948484       0.909999
           1029             13         910.27        0.98592       0.909999
           1030             21         778.59       0.973737       0.909999
           1031             95         689.05       0.878834       0.909999
           1032            -26         489.46         1.0561       0.909999
           1033             71         496.09       0.874799       0.909999
           1034            -30          521.3        1.06106       0.909999
           1035            101         556.79       0.846456       0.909999
           1036             89         558.31       0.862508       0.909999
           1037             43         585.97       0.931634       0.909999
           1038             68         371.72       0.845356       0.909999
           1039            286         142.94        0.33324       0.309968
           1040            400            160       0.285714       0.309968
           1041            350           65.5       0.157641       0.309968
           1042            305         128.95       0.297154       0.309968
           1043            363         280.77       0.436134       0.309968
           1044            336         130.44        0.27965       0.309968
           1045             -9         657.89        1.01387       0.909999
           1046             89         502.31       0.849487       0.909999
           1047             76         693.04       0.901175       0.909999
           1048             98         622.42       0.863968       0.909999
           1049             71         843.09       0.922327       0.909999
           1050             38         613.02        0.94163       0.909999
           1051             64         671.56       0.912991       0.909999
           1052             41         543.39       0.929841       0.909999
           1053             28         526.12       0.949469       0.909999
           1054             59         555.61       0.904004       0.909999
           1055             60          617.4       0.911426       0.909999
           1056             78         804.62       0.911627       0.909999
           1057             78         635.62       0.890698       0.909999
           1058            108         707.32       0.867537       0.909999
           1059            117         434.43       0.787824       0.909999
           1060             14         742.06       0.981483       0.909999
           1061             36         420.44       0.921129       0.909999
           1062             68         634.72       0.903233       0.909999
           1063            187         470.73       0.715689       0.909999
           1064             31         595.49       0.950518       0.909999
           1065            102         623.58       0.859423       0.909999
           1066             71         649.09       0.901401       0.909999
           1067             -4         592.84        1.00679       0.909999
           1068             79         656.41       0.892577       0.909999
           1069             99         654.21       0.868563       0.909999
           1070             18         553.22       0.968488       0.909999
           1071             85         737.15       0.896613       0.909999
           1072             82         737.78       0.899973       0.909999
           1073             26         653.54       0.961739       0.909999
           1074            150          605.5       0.801456       0.909999
           1075             62         644.98       0.912303       0.909999
           1076             42         596.18       0.934188       0.909999
           1077            103         548.37       0.841872       0.909999
           1078             49         708.71       0.935331       0.909999
           1079             11         531.69       0.979731       0.909999
           1080             81         634.99        0.88687       0.909999
           1081              1         571.79       0.998254       0.909999
           1082            -11         895.31        1.01244       0.909999
           1083             48         699.92       0.935822       0.909999
           1084             27         468.33       0.945491       0.909999
           1085             51         575.29       0.918568       0.909999
           1086             55         494.45         0.8999       0.909999
           1087              6         665.74       0.991068       0.909999
           1088             68         486.72       0.877416       0.909999
           1089             77         452.83        0.85467       0.909999
           1090             17         395.43       0.958781       0.909999
           1091             19         602.01       0.969405       0.909999
           1092             35         499.65       0.934537       0.909999
           1093            -28         498.88        1.05946       0.909999
           1094             83         402.57       0.829067       0.909999
           1095             31         663.49       0.955363       0.909999
           1096            231         221.49       0.489491       0.309968
           1097            326         171.54       0.344776       0.309968
           1098            362         260.98       0.418922       0.309968
           1099            309         246.11       0.443354       0.309968
           1100            361         266.19       0.424417       0.309968
           1101            402          97.58       0.195324       0.309968
           1102            453         122.87       0.213364       0.309968
           1103            294         211.26       0.418121       0.309968
           1104            440          128.6        0.22617       0.309968
           1105            435         107.65       0.198378       0.309968
           1106            360           70.4       0.163569       0.309968
           1107            346         147.34       0.298658       0.309968
           1108            534         163.86       0.234804       0.309968
           1109            173         343.67       0.665163       0.909999
           1110            107         474.53       0.816003       0.909999
           1111             67         463.93       0.873806       0.909999
           1112             65         557.35       0.895557       0.909999
           1113            104         555.16       0.842223       0.909999
           1114             54         503.66       0.903167       0.909999
           1115             -7         613.47        1.01154       0.909999
           1116             99         439.21       0.816057       0.909999
           1117            111         603.69       0.844688       0.909999
           1118             25         574.75       0.958316       0.909999
           1119             96         460.84       0.827599       0.909999
           1120             68         540.72        0.88829       0.909999
           1121             88         542.52       0.860433       0.909999
           1122             22         416.38       0.949815       0.909999
           1123             18         487.22       0.964372       0.909999
           1124            117         498.43       0.809889       0.909999
           1125             56         383.24       0.872507       0.909999
           1126             73         510.67       0.874929       0.909999
           1127             70          633.3       0.900469       0.909999
           1128            132         576.28       0.813633       0.909999
           1129             45         601.55         0.9304       0.909999
           1130             54         513.66       0.904873       0.909999
           1131             67         701.93       0.912866       0.909999
           1132             88         656.52       0.881803       0.909999
           1133             28         647.12       0.958526       0.909999
           1134             75         725.25       0.906279       0.909999
           1135             56         629.24       0.918277       0.909999
           1136             40          358.6       0.899649       0.909999
           1137            170          561.3       0.767537       0.909999
           1138            124         480.96       0.795028       0.909999
           1139             -7         605.47         1.0117       0.909999
           1140             61         305.19        0.83342       0.909999
           1141             50          445.5       0.899092       0.909999
           1142             -3         569.63        1.00529       0.909999
           1143             60          430.4       0.877651       0.909999
           1144            168         657.72       0.796541       0.909999
           1145             87         667.73       0.884727       0.909999
           1146             69         519.51       0.882755       0.909999
           1147             39         610.81       0.939982       0.909999
           1148             77         657.83       0.895214       0.909999
           1149             85         657.15       0.885468       0.909999
           1150             53         645.87       0.924163       0.909999
           1151            -16         411.36        1.04047       0.909999
           1152             79         648.41       0.891395       0.909999
           1153             73         797.67       0.916157       0.909999
           1154             51         805.29       0.940441       0.909999
           1155             23         708.17       0.968544       0.909999
           1156             -5         604.05        1.00835       0.909999
           1157             51         793.29       0.939594       0.909999
           1158            101         796.79       0.887502       0.909999
           1159            109         621.11       0.850707       0.909999
           1160             31         515.49       0.943274       0.909999
           1161              6         577.74       0.989721       0.909999
           1162             -4         532.84        1.00756       0.909999
           1163             90          423.1       0.824596       0.909999
           1164             48         565.92       0.921814       0.909999
           1165             36         390.44        0.91558       0.909999
           1166             49         346.71       0.876172       0.909999
           1167             94         327.26        0.77686       0.909999
           1168              5         535.95       0.990757       0.909999
           1169            -29         414.09        1.07531       0.909999
           1170             48         491.92       0.911098       0.909999
           1171             15         583.85       0.974952       0.909999
           1172            108         833.32       0.885267       0.909999
           1173             33         619.07       0.949392       0.909999
           1174             49         727.71       0.936913       0.909999
           1175            117         793.43       0.871489       0.909999
           1176             88         577.52       0.867773       0.909999
           1177            465         536.35       0.535627       0.309968
           1178            306         139.74       0.313501       0.309968
           1179            480          149.2       0.237127       0.309968
           1180            349         117.71       0.252212       0.309968
           1181            387         121.73       0.239282       0.309968
           1182            383         190.57       0.332252       0.309968
           1183            415         152.85       0.269173       0.309968
           1184            372         238.88       0.391042       0.309968
           1185            332         259.28       0.438506       0.309968
           1186            403          42.37      0.0951344       0.309968
           1187            344         117.76       0.255024       0.309968
           1188              6         634.74       0.990636       0.909999
           1189             94         709.26       0.882977       0.909999
           1190             21         653.59        0.96887       0.909999
           1191            115         724.85       0.863071       0.909999
           1192             32         553.28       0.945325       0.909999
           1193             54         543.66       0.909648       0.909999
           1194             51         813.29       0.940992       0.909999
           1195             94         663.26       0.875868       0.909999
           1196              7         699.53       0.990092       0.909999
           1197             38         736.02       0.950906       0.909999
           1198             74         727.46       0.907669       0.909999
           1199             24         680.96       0.965956       0.909999
           1200            103         716.37       0.874294       0.909999
           1201             55         792.45       0.935099       0.909999
           1202             55         730.45       0.929976       0.909999
           1203             56         575.24       0.911286       0.909999
           1204            171         586.09       0.774135       0.909999
           1205            406         131.74       0.244988       0.309968
           1206            349         106.71       0.234162       0.309968
           1207            304         225.16       0.425505       0.309968
           1208            294         151.26       0.339712       0.309968
           1209            356         174.24       0.328606       0.309968
           1210            303         187.37       0.382099       0.309968
           1211            350          118.5       0.252935       0.309968
           1212            411         127.69       0.237038       0.309968
           1213            407          59.53       0.127602       0.309968
           1214            306         231.74       0.430952       0.309968
           1215            377         115.83        0.23503       0.309968
           1216            161         456.19        0.73914       0.909999
           1217             46         591.34       0.927825       0.909999
           1218             83         736.57       0.898727       0.909999
           1219             53         706.87       0.930251       0.909999
           1220             78         657.62       0.893967       0.909999
           1221            127         590.33       0.822955       0.909999
           1222             13         643.27       0.980191       0.909999
           1223             51         833.29       0.942327       0.909999
           1224             66         839.14       0.927083       0.909999
           1225             21         646.59       0.968544       0.909999
           1226            -21         773.41        1.02791       0.909999
           1227              2         715.58       0.997213       0.909999
           1228             43         859.97       0.952379       0.909999
           1229             48         711.92       0.936835       0.909999
           1230             87         749.73       0.896024       0.909999
           1231             55         555.45       0.909903       0.909999
           1232             46         621.34        0.93107       0.909999
           1233             53         671.87       0.926883       0.909999
           1234             22         588.38       0.963957       0.909999
           1235             34         887.86       0.963118       0.909999
           1236             63         700.77       0.917514       0.909999
           1237             80          460.2       0.851907       0.909999
           1238            489         273.31       0.358529       0.309968
           1239            352         234.08       0.399399       0.309968
           1240            309         291.11       0.485094       0.309968
           1241            317         243.43       0.434363       0.309968
           1242            153         269.87       0.638187       0.309968
           1243            344         180.76       0.344462       0.309968
           1244            328         171.12       0.342843       0.309968
           1245            363         117.77       0.244961       0.309968
           1246            457         117.03       0.203874       0.309968
           1247            375         175.25       0.318492       0.309968
           1248            333         318.07       0.488534       0.309968
           1249            256         151.24       0.371378       0.309968
           1250            370          203.3       0.354614       0.309968
           1251            209         224.11       0.517444       0.309968
           1252            107         774.53        0.87862       0.909999
           1253             59         789.61       0.930475       0.909999
           1254             -7         775.47        1.00911       0.909999
           1255             40          571.6       0.934598       0.909999
           1256             64         762.56       0.922571       0.909999
           1257             47         570.13       0.923841       0.909999
           1258            341          63.39       0.156755       0.309968
           1259            328         164.12       0.333496       0.309968
           1260            292         420.68       0.590279       0.309968
           1261            343         143.97       0.295644       0.309968
           1262            330          210.7        0.38968       0.309968
           1263            437         216.23       0.331017       0.309968
           1264            344          69.76         0.1686       0.309968
           1265            477         212.83       0.308525       0.309968
           1266            368         100.72       0.214883       0.309968
