              0             74         973.46       0.929353       0.908628
              1             24         931.96       0.974894       0.908628
              2            101        1009.79       0.909074       0.908628
              3            127         599.33       0.825148       0.908628
              4             41         816.39        0.95218       0.908628
              5             26         922.54       0.972589       0.908628
              6            343         744.97       0.684734       0.908628
              7            192         535.68       0.736148       0.908628
              8            413         173.27       0.295546       0.253518
              9            375          79.25       0.174463       0.253518
             10            349         706.71       0.669417       0.908628
             11             85         906.15       0.914241       0.908628
             12            397         249.63       0.386048       0.253518
             13             57         640.03       0.918224       0.908628
             14              9         830.11       0.989274       0.908628
             15            -26        1058.46        1.02518       0.908628
             16             63        1076.77       0.944726       0.908628
             17             11        1088.69       0.989997       0.908628
             18             63         786.77       0.925862       0.908628
             19             81         808.99       0.908988       0.908628
             20             44         827.76       0.949527       0.908628
             21             97        1022.63       0.913364       0.908628
             22            343         318.97        0.48185       0.253518
             23            437         202.23       0.316365       0.253518
             24            451         100.29       0.181919       0.253518
             25            405         301.95       0.427116       0.253518
             26            404         112.16       0.217297       0.253518
             27            435         350.65       0.446318       0.253518
             28            395          96.05       0.195601       0.253518
             29            252         320.08       0.559502       0.253518
             30            126         647.54       0.837112       0.908628
             31            285         273.15       0.489385       0.253518
             32            411         178.69       0.303024       0.253518
             33            375          87.25       0.188751       0.253518
             34            246         181.34       0.424346       0.253518
             35             74         990.46       0.930481       0.908628
             36             57         807.03        0.93403       0.908628
             37             67        1066.93       0.940913       0.908628
             38             25         897.75       0.972907       0.908628
             39             72         433.88       0.857674       0.908628
             40             -4         775.84        1.00518       0.908628
             41             69         765.51       0.917317       0.908628
             42            182        1060.78       0.853554       0.908628
             43            -13         824.73        1.01602       0.908628
             44             59         959.61       0.942078       0.908628
             45             92         801.68       0.897055       0.908628
             46             35         721.65       0.953743       0.908628
             47             49         907.71       0.948783       0.908628
             48             28         861.12       0.968508       0.908628
             49            347         334.13       0.490552       0.253518
             50            372         125.88       0.252832       0.253518
             51            432         181.28       0.295591       0.253518
             52            510          299.9       0.370293       0.253518
             53            476         249.04       0.343484       0.253518
             54            360          187.4       0.342346       0.253518
             55            463         235.77       0.337407       0.253518
             56            411         288.69       0.412597       0.253518
             57            348         208.92       0.375135       0.253518
             58            449         140.71       0.238609       0.253518
             59            497         158.63        0.24195       0.253518
             60            425         127.75       0.231117       0.253518
             61            450          147.5       0.246862       0.253518
             62            454         119.66        0.20859       0.253518
             63            316         203.64       0.391887       0.253518
             64            406         211.74       0.342766       0.253518
             65            506         194.74       0.277906       0.253518
             66            419         199.01       0.322017       0.253518
             67            475         110.25       0.188381       0.253518
             68            540          187.6       0.257834       0.253518
             69            372         225.88       0.377802       0.253518
             70            454         171.66       0.274366       0.253518
             71            410          112.9       0.215911       0.253518
             72            496         121.84       0.197203       0.253518
             73            322         324.38       0.501841       0.253518
             74            394         364.26       0.480389       0.253518
             75            109         948.11       0.896889       0.908628
             76            116         580.64       0.833486       0.908628
             77            332          97.28       0.226612       0.253518
             78            478         119.62       0.200161       0.253518
             79            521         108.59       0.172477       0.253518
             80            434         141.86       0.246345       0.253518
             81            326         159.54       0.328583       0.253518
             82            423          85.17       0.167601       0.253518
             83            426         105.54       0.198555       0.253518
             84            140          629.6       0.818087       0.908628
             85            139         630.81       0.819436       0.908628
             86            160          717.4       0.817643       0.908628
             87            102         763.58        0.88216       0.908628
             88             29        1015.91       0.972246       0.908628
             89             81         972.99       0.923149       0.908628
             90             68        1098.72       0.941717       0.908628
             91            -15         473.15        1.03274       0.908628
             92             51         875.29       0.944942       0.908628
             93            123         808.17       0.867908       0.908628
             94             66         910.14       0.932387       0.908628
             95             89         884.31       0.908559       0.908628
             96            163         732.77       0.818034       0.908628
             97            299         305.21       0.505139       0.908628
             98             61         735.19       0.923385       0.908628
             99             75         985.25       0.929262       0.908628
            100             54        1011.66       0.949327       0.908628
            101            100            716       0.877451       0.908628
            102            101         819.79       0.890312       0.908628
            103            382         174.78       0.313912       0.253518
            104            214         476.06       0.689882       0.908628
            105             10          756.9        0.98696       0.908628
            106             50          802.5       0.941349       0.908628
            107             63         790.77        0.92621       0.908628
            108             39         737.81       0.949795       0.908628
            109             73         851.67       0.921053       0.908628
            110             25         885.75        0.97255       0.908628
            111             59         747.61       0.926854       0.908628
            112              0            855              1       0.908628
            113             84         697.36       0.892495       0.908628
            114             28         840.12       0.967746       0.908628
            115             32         728.28        0.95791       0.908628
            116             62         881.98       0.934321       0.908628
            117             84         796.36       0.904584       0.908628
            118            -18         844.78        1.02177       0.908628
            119             37         885.23        0.95988       0.908628
            120             70          826.3       0.921901       0.908628
            121             53         804.87       0.938219       0.908628
            122            233         384.07       0.622409       0.908628
            123            443         140.97       0.241399       0.253518
            124            363          94.77       0.207025       0.253518
            125            502         101.58       0.168296       0.253518
            126            544           0.76     0.00139511       0.253518
            127            424          97.96       0.187677       0.253518
            128            414         289.06       0.411146       0.253518
            129            360          229.4       0.389209       0.253518
            130            404         123.16       0.233629       0.253518
            131            660           93.4       0.123971       0.253518
            132            399         262.21       0.396561       0.253518
            133            383         264.57       0.408558       0.253518
            134            419         129.01       0.235415       0.253518
            135             60          827.4       0.932387       0.908628
            136            343         137.97       0.286858       0.253518
            137            513         249.27        0.32701       0.253518
            138            258         517.82       0.667449       0.908628
            139            381         168.99        0.30726       0.253518
            140            317         114.43       0.265234       0.253518
            141            236         541.44        0.69644       0.908628
            142            593         192.47       0.245038       0.253518
            143             49        1090.71       0.957007       0.908628
            144            109         990.11       0.900829       0.908628
            145            111         854.69       0.885056       0.908628
            146             50         1017.5       0.953162       0.908628
            147             76         929.04       0.924381       0.908628
            148             92         714.68       0.885952       0.908628
            149            306         411.74       0.573662       0.253518
            150            478         132.62       0.217189       0.253518
            151            378         188.62       0.332886       0.253518
            152            459         143.61       0.238313       0.253518
            153            499         140.21       0.219349       0.253518
            154            682         106.78       0.135374       0.253518
            155            490          134.1       0.214869       0.253518
            156            466         325.14       0.410977       0.253518
            157            471         304.09       0.392329       0.253518
            158            344         296.76       0.463138       0.253518
            159            479         152.41        0.24138       0.253518
            160            463         204.77       0.306647       0.253518
            161            294         177.26       0.376141       0.253518
            162            319         106.01       0.249429       0.253518
            163            432         213.28       0.330523       0.253518
            164            393         167.47       0.298803       0.253518
            165            463         220.77       0.322872       0.253518
            166            256         447.24       0.635971       0.908628
            167            185         640.15       0.775798       0.908628
            168            369         191.51       0.341671       0.253518
            169            469         253.51       0.350874       0.253518
            170            102         761.58       0.881887       0.908628
            171            101         942.79       0.903237       0.908628
            172             90          819.1       0.901001       0.908628
            173            112         781.48       0.874647       0.908628
            174            129         627.91        0.82957       0.908628
            175             99         942.21       0.904918       0.908628
            176             18         902.22       0.980439       0.908628
            177             67         744.93       0.917481       0.908628
            178             49         761.71       0.939559       0.908628
            179             81         672.99       0.892572       0.908628
            180            -28         796.88        1.03642       0.908628
            181             30          890.7       0.967416       0.908628
            182            -15        1117.15        1.01361       0.908628
            183             73         886.67       0.923932       0.908628
            184             38         993.02       0.963143       0.908628
            185             27         752.33       0.965355       0.908628
            186             64         872.56       0.931665       0.908628
            187            484          44.36      0.0839579       0.253518
            188            423          85.17       0.167601       0.253518
            189            365         191.35       0.343938       0.253518
            190            461         183.19       0.284373       0.253518
            191            173         580.67       0.770457       0.908628
            192            439         261.81       0.373582       0.253518
            193            396         231.84       0.369266       0.253518
            194            157         847.03        0.84363       0.908628
            195             76        1003.04       0.929567       0.908628
            196             -7        1052.47         1.0067       0.908628
            197             41        1112.39       0.964453       0.908628
            198             54         771.66       0.934598       0.908628
            199             14        1147.06       0.987942       0.908628
            200             70          958.3       0.931926       0.908628
            201            -30          798.3        1.03905       0.908628
            202            118         938.22       0.888281       0.908628
            203             35         813.65       0.958758       0.908628
            204             84         934.36       0.917514       0.908628
            205            -17         835.57        1.02077       0.908628
            206             64         672.56        0.91311       0.908628
            207             95         675.05       0.876631       0.908628
            208             22         778.38       0.972513       0.908628
            209             33         839.07       0.962159       0.908628
            210            454          70.66       0.134678       0.253518
            211            166         709.14       0.810316       0.908628
            212             14         979.06       0.985902       0.908628
            213             69         951.51       0.932387       0.908628
            214              0           1117              1       0.908628
            215            412         376.48       0.477476       0.253518
            216            347         396.13       0.533056       0.253518
            217            370          646.3       0.635934       0.253518
            218            374         269.46       0.418767       0.253518
            219            -24         964.04        1.02553       0.908628
            220            -24        1032.04        1.02381       0.908628
            221             29        1030.91       0.972639       0.908628
            222             28         973.12       0.972031       0.908628
            223             78         905.62       0.920701       0.908628
            224             33         962.07       0.966837       0.908628
            225            399         165.21       0.292817       0.253518
            226            545          64.55       0.105898       0.253518
            227            481         152.99       0.241313       0.253518
            228            373         -50.33       -0.15598       0.253518
            229            307         187.53       0.379209       0.253518
            230            728         132.12       0.153606       0.253518
            231            601         241.79       0.286892       0.253518
            232            509          98.11       0.161602       0.253518
            233            586          81.94       0.122676       0.253518
            234            596         199.84       0.251106       0.253518
            235            660           88.4       0.118119       0.253518
            236            425         158.75       0.271949       0.253518
            237            444         177.76       0.285898       0.253518
            238            511         190.69       0.271758       0.253518
            239            349         411.71       0.541218       0.253518
            240             60          983.4       0.942496       0.908628
            241              8         897.32       0.991163       0.908628
            242            -15         733.15        1.02089       0.908628
            243            -24         676.04        1.03681       0.908628
            244            180          658.2       0.785254       0.908628
            245            481          61.99       0.114164       0.253518
            246            347         305.13       0.467898       0.253518
            247            504          69.16       0.120664       0.253518
            248            383         119.57       0.237917       0.253518
            249            401          90.79       0.184611       0.253518
            250             38        1059.02       0.965361       0.908628
            251             87         613.73       0.875844       0.908628
            252             51         821.29       0.941533       0.908628
            253            261         485.19       0.650223       0.908628
            254            268         482.72       0.643009       0.908628
            255            468         171.72        0.26843       0.253518
            256            383         157.57       0.291489       0.253518
            257            562         198.98       0.261479       0.253518
            258            525         148.75       0.220779       0.253518
            259            488           2.52     0.00513741       0.253518
            260            484         187.36       0.279075       0.253518
            261            127         839.33       0.868575       0.908628
            262            285         224.15       0.440244       0.253518
            263            385          22.15      0.0544026       0.253518
            264            404         178.16       0.306033       0.253518
            265            521          97.59       0.157762       0.253518
            266            361          67.19       0.156916       0.253518
            267            411          77.69       0.158976       0.253518
            268            460           98.4       0.176218       0.253518
            269            407          97.53       0.193309       0.253518
            270            310          289.9       0.483247       0.253518
            271             28         984.12       0.972335       0.908628
            272             49         772.71       0.940368       0.908628
            273             19         907.01       0.979482       0.908628
            274            168         389.72       0.698774       0.908628
            275            362         262.98       0.420781       0.253518
            276            114         673.06       0.855157       0.908628
            277             16         740.64       0.978854       0.908628
            278            115         867.85       0.882993       0.908628
            279            436         337.44       0.436285       0.253518
            280            467         239.93       0.339397       0.253518
            281             50          434.5       0.896801       0.908628
            282             62         792.98       0.927484       0.908628
            283            435          81.65       0.158037       0.253518
            284            472         182.88       0.279257       0.253518
            285            446         130.34       0.226151       0.253518
            286            352         151.08        0.30031       0.253518
            287            527          78.33         0.1294       0.253518
            288            181         698.99       0.794316       0.908628
            289            283         462.57       0.620425       0.908628
            290            330          332.7       0.502037       0.908628
            291             52         713.08       0.932033       0.908628
            292            159         636.61       0.800153       0.908628
            293            364         210.56       0.366472       0.253518
            294            450          120.5       0.211218       0.253518
            295            244         500.76       0.672378       0.908628
            296            250          559.5       0.691167       0.908628
            297            323           4.17      0.0127457       0.253518
            298            461          97.19       0.174116       0.253518
            299            426         271.54       0.389282       0.253518
            300            447          87.13       0.163125       0.253518
            301            445          72.55        0.14018       0.253518
            302            478          85.62       0.151911       0.253518
            303            507          83.53       0.141449       0.253518
            304            451          28.29      0.0590248       0.253518
            305            602          83.58       0.121911       0.253518
            306            308         151.32       0.329444       0.253518
            307            471          63.09       0.118126       0.253518
            308            444         148.76       0.250962       0.253518
            309            350          575.5       0.621826       0.908628
            310             69         663.51       0.905803       0.908628
            311             35         878.65       0.961692       0.908628
            312             13         816.27       0.984324       0.908628
            313             39         696.81       0.946997       0.908628
            314            104         519.16       0.833109       0.908628
            315             75         700.25       0.903257       0.908628
            316            210          258.9       0.552143       0.253518
            317            456         111.24       0.196107       0.253518
            318            512         209.48       0.290348       0.253518
            319            557         153.03       0.215526       0.253518
            320            471         179.09       0.275485       0.253518
            321            416         132.64       0.241761       0.253518
            322             67         801.93       0.922894       0.908628
            323            -42         522.82        1.08735       0.908628
            324            247         520.13       0.678021       0.908628
            325             89         873.31       0.907514       0.908628
            326             33         742.07       0.957423       0.908628
            327             58         676.82       0.921069       0.908628
            328             26         750.54       0.966518       0.908628
            329            391         283.89       0.420646       0.253518
            330            372         111.88       0.231214       0.253518
            331            424          85.96       0.168562       0.253518
            332            610          127.9        0.17333       0.253518
            333            472         164.88       0.258887       0.253518
            334            456          33.24      0.0679421       0.253518
            335            519         113.01        0.17881       0.253518
            336            158         604.82       0.792874       0.908628
            337             82         877.78       0.914564       0.908628
            338             70          861.3       0.924836       0.908628
            339            -33         707.93        1.04889       0.908628
            340             89         840.31        0.90423       0.908628
            341             78         671.62       0.895947       0.908628
            342             39         653.81       0.943708       0.908628
            343             21         827.59       0.975253       0.908628
            344             83         817.57       0.907836       0.908628
            345            377         245.83       0.394698       0.253518
            346            249         142.71       0.364326       0.253518
            347            388         137.52       0.261684       0.253518
            348            280           21.2      0.0703851       0.253518
            349            501         101.79       0.168865       0.253518
            350            462         146.98       0.241354       0.253518
            351            411         162.69       0.283585       0.253518
            352            404         246.16       0.378614       0.253518
            353            354         115.66       0.246263       0.253518
            354            415          68.85       0.142296       0.253518
            355            439         114.81       0.207309       0.253518
            356             85         698.15       0.891464       0.908628
            357            172         491.88       0.740917       0.908628
            358            367          70.93       0.161967       0.253518
            359            339         352.81       0.509981       0.253518
            360            491         119.89       0.196255       0.253518
            361            504          92.16       0.154589       0.253518
            362            424         107.96       0.202948       0.253518
            363            379         140.41       0.270326       0.253518
            364            336         230.44       0.406822       0.253518
            365            307         116.53        0.27514       0.253518
            366            382         152.78       0.285688       0.253518
            367            593         204.47       0.256398       0.253518
            368            503         191.37       0.275602       0.253518
            369            353         147.87       0.295226       0.253518
            370            534         229.86       0.300919       0.253518
            371            327         193.33       0.371553       0.253518
            372            311         295.69       0.487382       0.253518
            373            262         475.98       0.644977       0.908628
            374            113         671.27       0.855917       0.908628
            375            337         423.23       0.556713       0.253518
            376            473         220.67        0.31812       0.253518
            377            344          89.76       0.206935       0.253518
            378            499         314.21       0.386382       0.253518
            379            467         116.93       0.200247       0.253518
            380             76         705.04       0.902694       0.908628
            381            397         120.63       0.233043       0.253518
            382            422         211.38       0.333733       0.253518
            383            449         326.71       0.421175       0.253518
            384            406         110.74       0.214305       0.253518
            385            410          223.9        0.35321       0.253518
            386            507         285.53       0.360277       0.253518
            387            324         449.96       0.581374       0.908628
            388            -48         789.08        1.06477       0.908628
            389             49         795.71       0.941992       0.908628
            390             -2         889.42        1.00225       0.908628
            391             16         741.64       0.978882       0.908628
            392             49         959.71       0.951423       0.908628
            393            384         153.36       0.285395       0.253518
            394            164         743.56       0.819296       0.908628
            395             23         679.17       0.967244       0.908628
            396            -27         781.67        1.03578       0.908628
            397            191         697.89       0.785125       0.908628
            398             53         812.87        0.93879       0.908628
            399            161         868.19       0.843566       0.908628
            400             53         677.87       0.927484       0.908628
            401             62         770.98       0.925568       0.908628
            402             44         667.76       0.938181       0.908628
            403            -45         782.45        1.06102       0.908628
            404             64         762.56       0.922571       0.908628
            405            -37         709.77          1.055       0.908628
            406             35         930.65       0.963755       0.908628
            407             88         812.52       0.902279       0.908628
            408            139         802.81       0.852412       0.908628
            409             -7         761.47        1.00928       0.908628
            410             76         932.04       0.924606       0.908628
            411            102         603.58       0.855438       0.908628
            412            363         287.77       0.442199       0.253518
            413            512         101.48       0.165417       0.253518
            414            426         163.54       0.277403       0.253518
            415            244         199.76       0.450153       0.253518
            416            390          -32.9     -0.0921311       0.253518
            417            312         226.48       0.420591       0.253518
            418            220          381.8        0.63443       0.908628
            419             19         706.01       0.973793       0.908628
            420             36         708.44       0.951642       0.908628
            421             -4         659.84         1.0061       0.908628
            422             29         752.91       0.962911       0.908628
            423              9         750.11       0.988144       0.908628
            424              3         978.37       0.996943       0.908628
            425             63         933.77       0.936796       0.908628
            426             40          800.6       0.952415       0.908628
            427            282         273.78       0.492605       0.253518
            428            360           62.4       0.147727       0.253518
            429            504          85.16       0.144545       0.253518
            430            328         173.12       0.345466       0.253518
            431            302          75.58        0.20017       0.253518
            432            503          56.37       0.100774       0.253518
            433            481          34.99      0.0678114       0.253518
            434            460           62.4       0.119449       0.253518
            435            603         206.37       0.254976       0.253518
            436            505         134.95       0.210876       0.253518
            437            486          42.94      0.0811812       0.253518
            438            543         269.97       0.332079       0.253518
            439            263         256.77       0.494007       0.253518
            440            509          61.11        0.10719       0.253518
            441            427         130.33       0.233847       0.253518
            442            413         183.27       0.307361       0.253518
            443            375         155.25       0.292786       0.253518
            444            269         230.51       0.461472       0.253518
            445            336         343.44       0.505475       0.253518
            446            303         356.37        0.54047       0.253518
            447            376         104.04       0.216732       0.253518
            448            489          78.31       0.138037       0.253518
            449            485         118.15       0.195888       0.253518
            450            398          20.42      0.0488026       0.253518
            451            196         772.84       0.797696       0.908628
            452             38         650.02       0.944769       0.908628
            453             55         699.45       0.927099       0.908628
            454             16         805.64       0.980527       0.908628
            455             96         632.84       0.868284       0.908628
            456             11         657.69        0.98355       0.908628
            457             13         751.27        0.98299       0.908628
            458             29         644.91       0.956968       0.908628
            459            321         524.59       0.620383       0.908628
            460             -4         812.84        1.00495       0.908628
            461            268         369.72       0.579753       0.253518
            462            418         223.22       0.348118       0.253518
            463            315          88.85       0.220007       0.253518
            464            382          13.78      0.0348173       0.253518
            465            369         147.51        0.28559       0.253518
            466            440          157.6       0.263722       0.253518
            467            415          23.85      0.0543466       0.253518
            468            311         130.69       0.295886       0.253518
            469            492           2.68     0.00541764       0.253518
            470            491         185.89       0.274624       0.253518
            471            641         148.39       0.187981       0.253518
            472            342         296.18       0.464101       0.253518
            473            443         227.97       0.339762       0.253518
            474            371          -5.91     -0.0161878       0.253518
            475            373         114.67       0.235139       0.253518
            476            519         138.01       0.210058       0.253518
            477            518         143.22         0.2166       0.253518
            478            323         183.17       0.361874       0.253518
            479             60          736.4       0.924661       0.908628
            480             51         774.29       0.938204       0.908628
            481             44         794.76       0.947542       0.908628
            482             79         825.41        0.91265       0.908628
            483            198         400.42       0.669129       0.908628
            484            390          135.1       0.257284       0.253518
            485            283         408.57       0.590786       0.253518
            486            561          38.19       0.063736       0.253518
            487            321         304.59       0.486884       0.253518
            488            254         511.66        0.66826       0.908628
            489            466          90.14       0.162081       0.253518
            490            518          45.22      0.0802883       0.253518
            491            418         132.22       0.240304       0.253518
            492            516          71.64       0.121911       0.253518
            493            386         108.94       0.220107       0.253518
            494            359          77.61       0.177756       0.253518
            495            404          12.16      0.0292195       0.253518
            496            419         164.01       0.281316       0.253518
            497            306         239.74       0.439293       0.253518
            498            388         180.52       0.317526       0.253518
            499            267          20.93      0.0726913       0.253518
            500             80          488.2       0.859205       0.908628
            501            164         646.56       0.797671       0.908628
            502            262         284.98       0.521006       0.908628
            503             78         869.62       0.917689       0.908628
            504            123         548.17       0.816738       0.908628
            505            235         291.65       0.553783       0.253518
            506            289         288.31       0.499402       0.253518
            507            376         141.04       0.272784       0.253518
            508            376         196.04       0.342703       0.253518
            509            404         362.16       0.472695       0.253518
            510            324          82.96       0.203853       0.253518
            511            250           54.5       0.178982       0.253518
            512            305         201.95       0.398363       0.253518
            513            502         159.58        0.24121       0.253518
            514            377         117.83       0.238122       0.253518
            515            376          97.04       0.205141       0.253518
            516            428          67.12       0.135563       0.253518
            517            377         138.83       0.269139       0.253518
            518            380          114.2       0.231081       0.253518
            519            338         237.02       0.412194       0.253518
            520            307         251.53       0.450343       0.253518
            521            302         179.58       0.372898       0.253518
            522            409         252.11       0.381343       0.253518
            523            353         223.87       0.388077       0.253518
            524            362         128.98       0.262699       0.253518
            525            447         212.13       0.321833       0.253518
            526            566         196.14       0.257354       0.253518
            527            258         383.82       0.598018       0.253518
            528            432         123.28       0.222014       0.253518
            529            282         128.78       0.313501       0.253518
            530            196         182.84       0.482631       0.253518
            531            287         112.73       0.282015       0.253518
            532            382          99.78       0.207107       0.253518
            533            454         122.66       0.212708       0.253518
            534            170          353.3       0.675139       0.908628
            535             17         938.43       0.982207       0.908628
            536             26         907.54       0.972149       0.908628
            537             38         947.02       0.961422       0.908628
            538             10          668.9        0.98527       0.908628
            539             24         649.96        0.96439       0.908628
            540             33         801.07       0.960435       0.908628
            541              6         659.74       0.990987       0.908628
            542             47         573.13       0.924209       0.908628
            543            -11         507.31        1.02216       0.908628
            544            150          418.5       0.736148       0.908628
            545            400            202       0.335548       0.253518
            546            470          324.3       0.408284       0.253518
            547             52         608.08       0.921222       0.908628
            548             49         782.71       0.941085       0.908628
            549            342         251.18       0.423447       0.253518
            550             32         672.28       0.954564       0.908628
            551             56         682.24       0.924144       0.908628
            552             44         672.76       0.938613       0.908628
            553              1         674.79        0.99852       0.908628
            554             16         884.64       0.982235       0.908628
            555             24         492.96       0.953575       0.908628
            556             45         457.55       0.910457       0.908628
            557              0            614              1       0.908628
            558             48         765.92       0.941026       0.908628
            559             45         876.55       0.951169       0.908628
            560             56         796.24       0.934291       0.908628
            561             87         894.73       0.911381       0.908628
            562              4         464.16       0.991456       0.908628
            563            -34         645.14        1.05563       0.908628
            564             57         728.03       0.927391       0.908628
            565            -16         521.36        1.03166       0.908628
            566             46         575.34       0.925966       0.908628
            567             61         743.19       0.924147       0.908628
            568             77         756.83       0.907655       0.908628
            569             34         661.86        0.95114       0.908628
            570             40          537.6       0.930748       0.908628
            571             44         931.76       0.954907       0.908628
            572            272         345.88       0.559785       0.253518
            573            466         127.14       0.214351       0.253518
            574            524         209.96       0.286065       0.253518
            575            424          76.96       0.153625       0.253518
            576            332         216.28        0.39447       0.253518
            577            284         453.36       0.614842       0.908628
            578            -29         655.09        1.04632       0.908628
            579             83         618.57       0.881694       0.908628
            580             24         695.96       0.966665       0.908628
            581             46         305.34       0.869073       0.908628
            582             77         548.83       0.876963       0.908628
            583            -16         592.36        1.02776       0.908628
            584             16         622.64       0.974947       0.908628
            585             92         564.68       0.859901       0.908628
            586             55         775.45       0.933771       0.908628
            587             61         700.19       0.919862       0.908628
            588             58         500.82        0.89621       0.908628
            589             61         638.19       0.912756       0.908628
            590             70          660.3       0.904149       0.908628
            591             72         833.88       0.920519       0.908628
            592             61         723.19       0.922213       0.908628
            593              4         946.16        0.99579       0.908628
            594            -27         702.67        1.03996       0.908628
            595             13         809.27        0.98419       0.908628
            596             44         455.76       0.911958       0.908628
            597              2         529.58       0.996238       0.908628
            598             -4         597.84        1.00674       0.908628
            599             18         486.22       0.964301       0.908628
            600              4         598.16       0.993357       0.908628
            601            -29         534.09        1.05742       0.908628
            602             55         702.45       0.927388       0.908628
            603             53         548.87       0.911941       0.908628
            604             20          714.8       0.972782       0.908628
            605             38         658.02       0.945404       0.908628
            606             46         760.34       0.942952       0.908628
            607            288         400.52       0.581711       0.908628
            608            525          19.75      0.0362552       0.253518
            609            330           73.7       0.182561       0.253518
            610            448         155.92        0.25818       0.253518
            611            139         499.81       0.782408       0.908628
            612             91         650.89        0.87734       0.908628
            613            368          54.72       0.129447       0.253518
            614            393          67.47       0.146524       0.253518
            615            321          91.59       0.221988       0.253518
            616            483         120.57       0.199761       0.253518
            617            333         116.07       0.258467       0.253518
            618            333         412.07       0.553062       0.253518
            619             43         800.97        0.94905       0.908628
            620            256         512.24       0.666771       0.908628
            621             -3         948.63        1.00317       0.908628
            622              4         870.16       0.995424       0.908628
            623             75         791.25        0.91342       0.908628
            624             95         853.05       0.899794       0.908628
            625             92         719.68       0.886655       0.908628
            626             38         938.02       0.961066       0.908628
            627             49         772.71       0.940368       0.908628
            628             92         987.68        0.91479       0.908628
            629             95         708.05       0.881701       0.908628
            630            474         186.46       0.282318       0.253518
            631            344          47.76       0.121911       0.253518
            632            276         393.04       0.587469       0.253518
            633            502          50.58      0.0915343       0.253518
            634            474         211.46       0.308494       0.253518
            635            396         106.84       0.212473       0.253518
            636            471         149.09       0.240433       0.253518
            637            400            256       0.390244       0.253518
            638            425          86.75       0.169516       0.253518
            639            439         206.81       0.320234       0.253518
            640            436          -9.56     -0.0224182       0.253518
            641            507         131.53       0.205989       0.253518
            642             81         777.99       0.905703       0.908628
            643             10          845.9       0.988316       0.908628
            644             56         658.24       0.921595       0.908628
            645             66         694.14       0.913174       0.908628
            646            -45         545.45        1.08992       0.908628
            647            200            352       0.637681       0.908628
            648              7         818.53       0.991521       0.908628
            649            411         139.69       0.253664       0.253518
            650            272         676.88       0.713346       0.908628
            651            435         130.65       0.230973       0.253518
            652            313         206.27       0.397231       0.253518
            653            370           89.3       0.194426       0.253518
            654            229         455.91        0.66565       0.908628
            655             -8         639.68        1.01266       0.908628
            656             88         871.52       0.908287       0.908628
            657             71         649.09       0.901401       0.908628
            658             67         652.93       0.906935       0.908628
            659             98         748.42       0.884218       0.908628
            660             27         607.33       0.957435       0.908628
            661             77         666.83       0.896482       0.908628
            662             68         569.72        0.89337       0.908628
            663              0            678              1       0.908628
            664             61         585.19       0.905601       0.908628
            665             81         784.99       0.906465       0.908628
            666            127         524.33       0.805014       0.908628
            667            403          82.37       0.169706       0.253518
            668            696         238.84       0.255488       0.253518
            669            494         116.26       0.190509       0.253518
            670            277         317.83       0.534321       0.253518
            671             41        1107.39       0.964298       0.908628
            672            -26         797.46         1.0337       0.908628
            673            521         123.59       0.191734       0.253518
            674            541         261.39       0.325764       0.253518
            675            455         236.45       0.341963       0.253518
            676            394         205.26       0.342522       0.253518
            677            387         177.73       0.314717       0.253518
            678            528          39.12      0.0689801       0.253518
            679            510           22.9      0.0429724       0.253518
            680            537          71.23        0.11711       0.253518
            681            559          61.61      0.0992733       0.253518
            682            464         216.56       0.318209       0.253518
            683            504          80.16       0.137223       0.253518
            684            535          97.65       0.154351       0.253518
            685            483         121.57       0.201085       0.253518
            686            446           5.34      0.0118314       0.253518
            687            432          85.28       0.164862       0.253518
            688            470          151.3       0.243522       0.253518
            689            125         874.75       0.874969       0.908628
            690             52         762.08       0.936124       0.908628
            691              1         526.79       0.998105       0.908628
            692            -43         948.03        1.04751       0.908628
            693            -17         560.57        1.03127       0.908628
            694            265         362.35       0.577588       0.908628
            695             78         845.62        0.91555       0.908628
            696            392          65.68       0.143506       0.253518
            697            394         286.26        0.42081       0.253518
            698            401         262.79       0.395893       0.253518
            699            292         312.68         0.5171       0.253518
            700            382         208.78       0.353397       0.253518
            701            408         110.32       0.212841       0.253518
            702            415          45.85      0.0994901       0.253518
            703            262         432.98       0.623011       0.253518
            704            499         325.21       0.394572       0.253518
            705            165         553.35       0.770307       0.908628
            706            529          85.91       0.139712       0.253518
            707            476         219.04       0.315147       0.253518
            708            730          166.7       0.185904       0.253518
            709            575         119.25       0.171768       0.253518
            710            602         115.58       0.161069       0.253518
            711            590          263.1       0.308405       0.253518
            712            515         176.85       0.255619       0.253518
            713            237         606.23       0.718938       0.908628
            714             83         794.57       0.905421       0.908628
            715            504         209.16       0.293286       0.253518
            716            309         727.11       0.701769       0.908628
            717            124         887.96       0.877466       0.908628
            718            -24         651.04        1.03828       0.908628
            719             18         618.22       0.971708       0.908628
            720             41         679.39       0.943086       0.908628
            721              6         538.74       0.988986       0.908628
            722            105         624.95       0.856155       0.908628
            723            388         406.52       0.511655       0.253518
            724            609         244.11       0.286141       0.253518
            725            758         216.82       0.222421       0.253518
            726            873         228.67       0.207567       0.253518
            727            562         187.98       0.250647       0.253518
            728            556         124.24       0.182641       0.253518
            729            574         152.46       0.209867       0.253518
            730            572         239.88       0.295462       0.253518
            731            259         447.61       0.633461       0.908628
            732             70          766.3       0.916298       0.908628
            733            168         405.72       0.707174       0.908628
            734            705         106.95        0.13172       0.253518
            735            676         239.04       0.261234       0.253518
            736            698         232.42       0.249801       0.253518
            737            546          75.34       0.121254       0.253518
            738            372         146.88       0.283071       0.253518
            739            544         159.76       0.227009       0.253518
            740            252         425.08       0.627814       0.253518
            741            371         217.09       0.369144       0.253518
            742            496          -2.16    -0.00437389       0.253518
            743            449         192.71       0.300307       0.253518
            744            383           6.57      0.0168647       0.253518
            745            356         240.24       0.402925       0.253518
            746            222         329.38       0.597374       0.908628
            747            220          511.8       0.699371       0.908628
            748            420          121.8       0.224806       0.253518
            749            540          182.6       0.252699       0.253518
            750            182         659.78       0.783791       0.908628
            751            -12         839.52         1.0145       0.908628
            752             47        1144.13       0.960542       0.908628
            753             65         620.35       0.905158       0.908628
            754            140          385.6       0.733638       0.908628
            755            136         693.44       0.836034       0.908628
            756             41         583.39       0.934336       0.908628
            757            188         601.52       0.761881       0.908628
            758            359           7.61      0.0207578       0.253518
            759            424          54.96       0.114749       0.253518
            760            445         118.55       0.210363       0.253518
            761            398         119.42       0.230799       0.253518
            762            385          30.15      0.0726244       0.253518
            763            429         178.91       0.294303       0.253518
            764            562         115.98       0.171067       0.253518
            765            504         292.16       0.366961       0.253518
            766            551         475.29       0.463115       0.253518
            767             73         702.67       0.905888       0.908628
            768             30          738.7       0.960973       0.908628
            769            104         875.16       0.893787       0.908628
            770             58         538.82       0.902818       0.908628
            771            217         136.43       0.386017       0.253518
            772            389         166.31        0.29949       0.253518
            773            314          49.06       0.135129       0.253518
            774            244          21.76      0.0818784       0.253518
            775            397         152.63       0.277696       0.253518
            776            320          119.8       0.272397       0.253518
            777            535         133.65        0.19988       0.253518
            778            557          29.03      0.0495367       0.253518
            779            844         105.76       0.111354       0.253518
            780            577         315.83        0.35374       0.253518
            781            746         138.34       0.156433       0.253518
            782            906          79.74      0.0808935       0.253518
            783            581         108.99       0.157959       0.253518
            784            643         180.97       0.219632       0.253518
            785            969         130.51       0.118698       0.253518
            786            775         236.25       0.233622       0.253518
            787            735          74.65      0.0922003       0.253518
            788            675         149.25       0.181074       0.253518
            789            873         121.67       0.122322       0.253518
            790            708         221.32       0.238153       0.253518
            791            639          75.81       0.106056       0.253518
            792            782         118.78       0.131863       0.253518
            793            806         141.74       0.149556       0.253518
            794            624          47.96      0.0713733       0.253518
            795            681         305.99       0.310023       0.253518
            796            836         198.44       0.191833       0.253518
            797            589         246.31       0.294873       0.253518
            798            -21         831.41        1.02591       0.908628
            799             48         877.92        0.94816       0.908628
            800             88         876.52       0.908763       0.908628
            801            -46         845.66        1.05752       0.908628
            802            226         622.54        0.73366       0.908628
            803            658         117.82       0.151865       0.253518
            804             62         761.98       0.924755       0.908628
            805             45         636.55       0.933974       0.908628
            806            108         592.32       0.845785       0.908628
            807              1         832.79       0.998801       0.908628
            808            124         820.96       0.868778       0.908628
            809             67         704.93       0.913205       0.908628
            810            662         379.98       0.364671       0.253518
            811           1062         273.98       0.205078       0.253518
            812            847         214.13       0.201794       0.253518
            813            646          18.34      0.0276063       0.253518
            814            629         267.91       0.298703       0.253518
            815            159         708.61       0.816738       0.908628
            816            588         284.52        0.32609       0.253518
            817            559          61.61      0.0992733       0.253518
            818            195         554.05        0.73967       0.908628
            819             51         704.29       0.932476       0.908628
            820             53         966.87       0.948033       0.908628
            821             -1         779.21        1.00129       0.908628
            822            140          833.6       0.856204       0.908628
            823             36         748.44       0.954107       0.908628
            824             88         885.52       0.909606       0.908628
            825            -16         837.36        1.01948       0.908628
            826             98         818.42       0.893062       0.908628
            827            301         259.79       0.463257       0.253518
            828            122         597.38        0.83041       0.908628
            829             47         905.13       0.950637       0.908628
            830            118         802.22        0.87177       0.908628
            831             36        1037.44       0.966463       0.908628
            832            113         700.27       0.861055       0.908628
            833             72         692.88       0.905868       0.908628
            834            157         730.03       0.823005       0.908628
            835             77         692.83       0.899978       0.908628
            836             91         609.89       0.870165       0.908628
            837             93         766.47       0.891794       0.908628
            838             40          762.6       0.950162       0.908628
            839              5         740.95       0.993297       0.908628
            840            151         558.29       0.787111       0.908628
            841             23         726.17       0.969299       0.908628
            842             -6         755.26        1.00801       0.908628
            843             13         975.27       0.986846       0.908628
            844             46         897.34       0.951237       0.908628
            845             71         848.09        0.92275       0.908628
            846             66         889.14         0.9309       0.908628
            847             -5         779.05        1.00646       0.908628
            848             -3         806.63        1.00373       0.908628
            849            134         729.86       0.844882       0.908628
            850              1         914.79       0.998908       0.908628
            851              4         894.16       0.995546       0.908628
            852             21         702.59       0.970978       0.908628
            853              2         817.58        0.99756       0.908628
            854             18         834.22       0.978879       0.908628
            855             53         786.87       0.936895       0.908628
            856              5         847.95       0.994138       0.908628
            857            125         709.75       0.850255       0.908628
            858              8         852.32       0.990701       0.908628
            859             16         909.64       0.982715       0.908628
            860              7         905.53       0.992329       0.908628
            861             70          798.3       0.919383       0.908628
            862            -12         763.52        1.01597       0.908628
            863              8         767.32       0.989682       0.908628
            864            237         390.23       0.622148       0.908628
            865            398         -33.58     -0.0921464       0.253518
            866            382          72.78       0.160033       0.253518
            867            221         159.59       0.419323       0.253518
            868            400            150       0.272727       0.253518
            869            407          68.53       0.144113       0.253518
            870            408         135.32       0.249061       0.253518
            871            505          48.95      0.0883654       0.253518
            872            385         129.15       0.251191       0.253518
            873            423          31.17      0.0686307       0.253518
            874            470          165.3       0.260192       0.253518
            875            406          66.74       0.141177       0.253518
            876            439         218.81       0.332634       0.253518
            877            417         124.43       0.229817       0.253518
            878            222         348.38       0.610786       0.908628
            879             64         791.56       0.925195       0.908628
            880             48         956.92       0.952235       0.908628
            881            -24         838.04        1.02948       0.908628
            882             33         675.07       0.953394       0.908628
            883             -9         947.89        1.00959       0.908628
            884             -7         823.47        1.00857       0.908628
            885             46         576.34       0.926085       0.908628
            886             -6         813.26        1.00743       0.908628
            887             33         861.07        0.96309       0.908628
            888             52         780.08       0.937506       0.908628
            889             73         658.67       0.900228       0.908628
            890            123         693.17       0.849296       0.908628
            891             25         754.75       0.967938       0.908628
            892             35         676.65       0.950819       0.908628
            893             15         710.85       0.979335       0.908628
            894            357          96.03       0.211973       0.253518
            895            302         119.58       0.283647       0.253518
            896            454          43.66      0.0877306       0.253518
            897            339         180.81       0.347839       0.253518
            898            437          -7.77     -0.0181022       0.253518
            899            181         579.99       0.762152       0.908628
            900             -6         748.26        1.00808       0.908628
            901            101         587.79       0.853366       0.908628
            902            -44         780.24        1.05976       0.908628
            903            106         836.74       0.887562       0.908628
            904              4         790.16       0.994963       0.908628
            905            -45         660.45        1.07312       0.908628
            906             97         775.63       0.888842       0.908628
            907            456         133.24       0.226122       0.253518
            908             29         788.91       0.964544       0.908628
            909             19         918.01       0.979723       0.908628
            910             13         902.27       0.985797       0.908628
            911            -67         967.07        1.07444       0.908628
            912             48         924.92       0.950664       0.908628
            913             97         725.63       0.882086       0.908628
            914             -9         750.89        1.01213       0.908628
            915             17         816.43       0.979602       0.908628
            916             96         770.84       0.889253       0.908628
            917             18         739.22       0.976229       0.908628
            918            172         642.88       0.788926       0.908628
            919             22         769.38         0.9722       0.908628
            920              2         821.58       0.997572       0.908628
            921             35         651.65       0.949028       0.908628
            922             63         812.77       0.928063       0.908628
            923              2         711.58       0.997197       0.908628
            924             63         901.77       0.934699       0.908628
            925            173         837.67       0.828826       0.908628
            926             85         662.15       0.886234       0.908628
            927            111         935.69       0.893951       0.908628
            928            103         753.37       0.879725       0.908628
            929             40          931.6       0.958831       0.908628
            930             50          746.5       0.937225       0.908628
            931             62         792.98       0.927484       0.908628
            932             34         771.86       0.957809       0.908628
            933            159         973.61       0.859616       0.908628
            934             76         864.04       0.919152       0.908628
            935             79         982.41       0.925571       0.908628
            936             71         889.09       0.926049       0.908628
            937            165         989.35       0.857062       0.908628
            938             23        1007.17       0.977674       0.908628
            939             73         761.67        0.91254       0.908628
            940             80          857.2       0.914639       0.908628
            941             54        1103.66       0.953354       0.908628
            942             83         929.57        0.91803       0.908628
            943             84         895.36        0.91423       0.908628
            944             74         702.46       0.904696       0.908628
            945            104         830.16        0.88867       0.908628
            946             74         766.46       0.911953       0.908628
            947            -18         793.78         1.0232       0.908628
            948             67         760.93       0.919075       0.908628
            949            -11         878.31        1.01268       0.908628
            950             62         780.98       0.926451       0.908628
            951             18         852.22       0.979316       0.908628
            952             80          902.2        0.91855       0.908628
            953            170          609.3       0.781856       0.908628
            954            387         137.73       0.262478       0.253518
            955            349         198.71       0.362801       0.253518
            956            423         249.17       0.370695       0.253518
            957            423          88.17       0.172487       0.253518
            958            315           4.85      0.0151634       0.253518
            959            323         217.17        0.40204       0.253518
            960            434         100.86       0.188573       0.253518
            961            395          95.05        0.19396       0.253518
            962            555          96.45       0.148054       0.253518
            963            495         -37.95     -0.0830325       0.253518
            964            104         566.16       0.844813       0.908628
            965             84         717.36       0.895178       0.908628
            966             45         941.55       0.954386       0.908628
            967             60          837.4        0.93314       0.908628
            968             -7         693.47         1.0102       0.908628
            969            203         348.37       0.631826       0.908628
            970            444          19.76      0.0426082       0.253518
            971            467          18.93      0.0389562       0.253518
            972            585          55.15      0.0861517       0.253518
            973            482          86.78       0.152572       0.253518
            974            415          52.85       0.112964       0.253518
            975            491         121.89       0.198877       0.253518
            976            609         171.11       0.219341       0.253518
            977            429          52.91       0.109792       0.253518
            978            477         163.83       0.255653       0.253518
            979            469         118.51       0.201716       0.253518
            980            254         284.66        0.52846       0.253518
            981            101         768.79        0.88388       0.908628
            982             19         728.01       0.974565       0.908628
            983             32         744.28       0.958778       0.908628
            984            167         424.93       0.717872       0.908628
            985            156         580.24       0.788113       0.908628
            986            129         851.91       0.868489       0.908628
            987            631         432.49        0.40667       0.253518
            988            629         195.91       0.237493       0.253518
            989            355         101.45       0.222259       0.253518
            990            179         753.41       0.808024       0.908628
            991            385         456.15       0.542293       0.253518
            992            379         163.41       0.301267       0.253518
            993            344         122.76       0.263005       0.253518
            994            387         186.73       0.325467       0.253518
            995            377          26.83      0.0664388       0.253518
            996            394         103.26       0.207658       0.253518
            997            519          94.01       0.153358       0.253518
            998            416         182.64       0.305092       0.253518
            999            434         143.86       0.248953       0.253518
           1000            451         294.29       0.394866       0.253518
           1001            494          82.26       0.142748       0.253518
           1002            413          44.27      0.0968137       0.253518
           1003            400             10      0.0243902       0.253518
           1004            378         253.62       0.401539       0.253518
           1005            374         103.46       0.216688       0.253518
           1006            432           7.28      0.0165726       0.253518
           1007            321          55.59       0.147614       0.253518
           1008            532         164.28        0.23594       0.253518
           1009            502         138.58       0.216335       0.253518
           1010            438         132.02       0.231606       0.253518
           1011            364         154.56       0.298056       0.253518
           1012            575          45.25      0.0729545       0.253518
           1013            682         176.78        0.20585       0.253518
           1014            344          42.76        0.11056       0.253518
           1015            358         184.82       0.340481       0.253518
           1016            494          75.26       0.132207       0.253518
           1017            133         517.07       0.795407       0.908628
           1018             50          956.5       0.950323       0.908628
           1019             26         791.54       0.968197       0.908628
           1020             62         834.98       0.930879       0.908628
           1021             40          911.6       0.957966       0.908628
           1022             81         748.99       0.902408       0.908628
           1023             -8         761.68        1.01061       0.908628
           1024             -4         666.84        1.00603       0.908628
           1025             24         714.96       0.967522       0.908628
           1026             16         744.64       0.978965       0.908628
           1027             71         803.09       0.918773       0.908628
           1028             85         878.15       0.911748       0.908628
           1029             18         796.22       0.977893       0.908628
           1030             33         860.07       0.963049       0.908628
           1031             63         896.77       0.934359       0.908628
           1032             57         808.03       0.934106       0.908628
           1033             -6         691.26        1.00876       0.908628
           1034             55         743.45       0.931117       0.908628
           1035             22         784.38       0.972718       0.908628
           1036              8         723.32       0.989061       0.908628
           1037            151         873.29       0.852581       0.908628
           1038             47         744.13       0.940591       0.908628
           1039              0            949              1       0.908628
           1040             81         687.99       0.894667       0.908628
           1041            341          81.39       0.192689       0.253518
           1042            132         608.28       0.821689       0.908628
           1043            188         560.52       0.748838       0.908628
           1044            329          17.91      0.0516272       0.253518
           1045            427          58.33       0.120186       0.253518
           1046            431         142.49       0.248461       0.253518
           1047            534           9.86      0.0181297       0.253518
           1048            397         226.63       0.363405       0.253518
           1049            413         110.27       0.210733       0.253518
           1050            326         164.54       0.335426       0.253518
           1051            501          89.79       0.151983       0.253518
           1052            438          63.02       0.125783       0.253518
           1053            326          63.54       0.163115       0.253518
           1054            348          98.92       0.221337       0.253518
           1055             69         451.51       0.867438       0.908628
           1056             45         825.55       0.948309       0.908628
           1057             61         680.19         0.9177       0.908628
           1058            140          508.6        0.78415       0.908628
           1059            412         117.48       0.221878       0.253518
           1060            332           7.28      0.0214572       0.253518
           1061            252         352.08       0.582837       0.908628
           1062             34         566.86       0.943414       0.908628
           1063             80          912.2       0.919371       0.908628
           1064             23         553.17       0.960081       0.908628
           1065             77         842.83       0.916289       0.908628
           1066            -27         853.67        1.03266       0.908628
           1067              9         835.11       0.989338       0.908628
           1068             -5         650.05        1.00775       0.908628
           1069            -28         875.88        1.03302       0.908628
           1070             91         671.89       0.880717       0.908628
           1071             20          585.8       0.966986       0.908628
           1072            199         296.21        0.59815       0.908628
           1073            511         106.69       0.172724       0.253518
           1074            451         157.29       0.258577       0.253518
           1075            404          84.16       0.172402       0.253518
           1076            384         106.36       0.216902       0.253518
           1077            402         207.58        0.34053       0.253518
           1078            187         337.73       0.643626       0.908628
           1079            132         690.28       0.839471       0.908628
           1080             48         862.92       0.947306       0.908628
           1081             12         770.48       0.984664       0.908628
           1082             92         711.68       0.885527       0.908628
           1083            268         493.72       0.648165       0.908628
           1084            453          92.87       0.170132       0.253518
           1085            329         178.91       0.352247       0.253518
           1086            634         -31.14     -0.0516538       0.253518
           1087            430           31.7      0.0686593       0.253518
           1088            303         231.37       0.432977       0.253518
           1089            240          320.6       0.571887       0.253518
           1090            286         144.94       0.336335       0.253518
           1091             59         500.61       0.894569       0.908628
           1092             15         679.85       0.978413       0.908628
           1093            470           96.3       0.170051       0.253518
           1094            364         147.56       0.288451       0.253518
           1095            454          29.66      0.0613241       0.253518
           1096            338         111.02        0.24725       0.253518
           1097            500            163       0.245852       0.253518
           1098            211         372.69       0.638507       0.908628
           1099             69         730.51       0.913697       0.908628
           1100            162         713.98       0.815064       0.908628
           1101             18         777.22       0.977365       0.908628
           1102             56         825.24       0.936453       0.908628
           1103            476         141.04       0.228575       0.253518
           1104            417         251.43        0.37615       0.253518
           1105            420          158.8       0.274361       0.253518
           1106            430          146.7       0.254378       0.253518
           1107            371          61.09       0.141383       0.253518
           1108            415         -17.15     -0.0431067       0.253518
           1109            445         117.55       0.208959       0.253518
           1110            375         118.25       0.239736       0.253518
           1111            404          57.16       0.123948       0.253518
           1112            437          84.23       0.161599       0.253518
           1113            400             78        0.16318       0.253518
           1114            358         101.82       0.221434       0.253518
           1115            480            5.2      0.0107172       0.253518
           1116            632         109.28       0.147421       0.253518
           1117            432         387.28       0.472708       0.253518
           1118            423         117.17       0.216913       0.253518
           1119            394         118.26       0.230859       0.253518
           1120            388         157.52       0.288752       0.253518
           1121            428         132.12       0.235878       0.253518
           1122            132         674.28       0.836285       0.908628
           1123            230          379.7       0.622765       0.908628
           1124            -50          606.5        1.08985       0.908628
           1125              9         695.11       0.987218       0.908628
           1126             75         700.25       0.903257       0.908628
           1127            350          309.5       0.469295       0.253518
           1128            423         157.17       0.270903       0.253518
           1129            467          66.93       0.125354       0.253518
           1130            202         563.58       0.736148       0.908628
           1131             73         806.67       0.917014       0.908628
           1132             62         484.98        0.88665       0.908628
           1133             80          832.2         0.9123       0.908628
           1134            -33         813.93        1.04226       0.908628
           1135              1         699.79       0.998573       0.908628
           1136            468         223.72       0.323426       0.253518
           1137            530          106.7       0.167583       0.253518
           1138            395          47.05       0.106436       0.253518
           1139            258         537.82       0.675806       0.908628
           1140             42         553.18       0.929433       0.908628
           1141            195         350.05       0.642235       0.908628
           1142            203         637.37        0.75844       0.908628
           1143             67         680.93       0.910419       0.908628
           1144            -33         659.93        1.05264       0.908628
           1145              7         726.53       0.990457       0.908628
           1146            113         731.27       0.866157       0.908628
           1147             26         720.54       0.965173       0.908628
           1148             40          739.6       0.948692       0.908628
           1149             65         802.35       0.925059       0.908628
           1150             28         859.12       0.968437       0.908628
           1151            449         124.71       0.217375       0.253518
           1152            337         369.23       0.522818       0.253518
           1153             48         902.92       0.949523       0.908628
           1154            166        1349.14       0.890439       0.908628
           1155             10          957.9       0.989668       0.908628
           1156            144        1047.76        0.87917       0.908628
           1157             69         863.51       0.926006       0.908628
           1158             -6         889.26        1.00679       0.908628
           1159             32         740.28       0.958564       0.908628
           1160              8         865.32        0.99084       0.908628
           1161             -1         865.21        1.00116       0.908628
           1162             52         818.08       0.940235       0.908628
           1163             86         837.94        0.90692       0.908628
           1164            332         146.28       0.305846       0.253518
           1165            351           0.29    0.000825529       0.253518
           1166            468         140.72       0.231174       0.253518
           1167            310          133.9       0.301645       0.253518
           1168            328         149.12       0.312542       0.253518
           1169            388         276.52        0.41612       0.253518
           1170            220          159.8       0.420748       0.253518
           1171            561          26.19      0.0446023       0.253518
           1172            286          38.94       0.119838       0.253518
           1173            258         145.82       0.361101       0.253518
           1174            399         197.21       0.330773       0.253518
           1175            376         233.04       0.382635       0.253518
           1176            422          16.38      0.0373648       0.253518
           1177            343         342.97       0.499978       0.253518
           1178             44         696.76       0.940602       0.908628
           1179            -20          787.2        1.02607       0.908628
           1180             66         892.14       0.931117       0.908628
           1181             32         438.28       0.931955       0.908628
           1182             13         442.27       0.971446       0.908628
           1183             79         883.41       0.917914       0.908628
           1184             15         941.85       0.984324       0.908628
           1185            149         373.71       0.714947       0.908628
           1186            383          72.57       0.159295       0.253518
           1187            448          72.92       0.139983       0.253518
           1188            194          22.26       0.102932       0.253518
           1189            448          55.92        0.11097       0.253518
           1190             27         735.33       0.964582       0.908628
           1191             89         737.31       0.892292       0.908628
           1192            199         431.21       0.684232       0.908628
           1193            354          -3.34     -0.0095249       0.253518
           1194            364         181.56       0.332796       0.253518
           1195            435         173.65       0.285304       0.253518
           1196            421           5.59      0.0131039       0.253518
           1197            552         191.08       0.257146       0.253518
           1198            526         187.54        0.26283       0.253518
           1199            413         768.27       0.650376       0.253518
           1200            465          82.35       0.150452       0.253518
           1201            405         251.95       0.383515       0.253518
           1202            514         103.06       0.167018       0.253518
           1203            471         132.09       0.219022       0.253518
           1204            509         147.11       0.224215       0.253518
           1205            262         286.98       0.522751       0.253518
           1206            337          68.23       0.168374       0.253518
           1207            402         181.58       0.311148       0.253518
           1208            196         150.84       0.434898       0.253518
           1209            339         189.81       0.358938       0.253518
           1210            297         267.63       0.473992       0.253518
           1211            273         205.67        0.42967       0.253518
           1212            352         -68.92      -0.243465       0.253518
           1213            412         187.48       0.312738       0.253518
           1214            450          136.5       0.232737       0.253518
           1215            104         703.16       0.871153       0.908628
           1216             52         910.08        0.94595       0.908628
           1217             51         667.29       0.928998       0.908628
           1218            119         544.01       0.820516       0.908628
           1219            398         104.42       0.207834       0.253518
           1220            319          70.01        0.17997       0.253518
           1221            298         170.42       0.363819       0.253518
           1222            316         342.64       0.520223       0.253518
           1223            187         113.73        0.37818       0.253518
           1224            302         128.58        0.29862       0.253518
           1225            383         110.57       0.224021       0.253518
           1226            324          90.96       0.219202       0.253518
           1227            147         516.13       0.778324       0.908628
           1228             87         703.73       0.889975       0.908628
           1229             16         580.64       0.973183       0.908628
           1230             53         763.87       0.935118       0.908628
           1231             42         978.18       0.958831       0.908628
           1232            110          847.9       0.885165       0.908628
           1233            139         821.81        0.85533       0.908628
           1234             57         984.03       0.945247       0.908628
           1235             46         828.34       0.947389       0.908628
           1236              0            852              1       0.908628
           1237             32         753.28        0.95925       0.908628
           1238             28         943.12       0.971167       0.908628
           1239            -18         719.78        1.02565       0.908628
           1240             13         828.27       0.984547       0.908628
           1241            224         188.96       0.457575       0.253518
           1242            160          429.4       0.728537       0.908628
           1243            212         203.48       0.489747       0.253518
           1244            442          39.18      0.0814248       0.253518
           1245            470          253.3         0.3502       0.253518
           1246            415         147.85       0.262681       0.253518
           1247            219         437.01       0.666164       0.908628
           1248             50         1404.5       0.965624       0.908628
           1249             39         912.81       0.959025       0.908628
           1250             32         620.28       0.950941       0.908628
           1251              8         679.32       0.988361       0.908628
           1252             19         695.01        0.97339       0.908628
           1253             30          782.7       0.963086       0.908628
           1254             63         750.77       0.922583       0.908628
           1255             57         807.03        0.93403       0.908628
           1256             27         966.33       0.972819       0.908628
           1257             65         698.35       0.914849       0.908628
           1258            354         243.66        0.40769       0.253518
           1259            566          93.14       0.141305       0.253518
           1260            407         172.53       0.297707       0.253518
           1261            392         263.68       0.402147       0.253518
           1262            416         147.64        0.26194       0.253518
           1263            182         555.78       0.753314       0.908628
           1264             62         855.98        0.93246       0.908628
           1265             71         705.09       0.908516       0.908628
           1266             46         828.34       0.947389       0.908628
           1267             34         898.86       0.963553       0.908628
           1268             35         629.65       0.947341       0.908628
           1269             59         762.61        0.92819       0.908628
           1270             55         617.45        0.91821       0.908628
           1271            -11         872.31        1.01277       0.908628
           1272            415         272.85       0.396671       0.253518
           1273            308          90.32       0.226752       0.253518
           1274            162         115.98       0.417224       0.253518
