              0           1441         131.39      0.0835607      0.0978896
              1            650          973.5        0.59963       0.831529
              2            240         1358.6       0.849869       0.831529
              3            908         939.32       0.508477       0.831529
              4           1541         395.39       0.204189      0.0978896
              5            310         1327.9       0.810733       0.831529
              6            281        1343.99       0.827076       0.831529
              7            288        1330.52        0.82206       0.831529
              8            329        1645.91        0.83341       0.831529
              9            311        1651.69       0.841544       0.831529
             10            278        1758.62       0.863499       0.831529
             11            333        1552.07       0.823349       0.831529
             12            230         1329.7       0.852536       0.831529
             13           1076         379.04       0.260501      0.0978896
             14           1447          77.13      0.0506059      0.0978896
             15           1423          81.17      0.0539633      0.0978896
             16           2012         160.48      0.0738695      0.0978896
             17           1566         245.14       0.135351      0.0978896
             18           1459         249.61        0.14609      0.0978896
             19           1650           63.5      0.0370587      0.0978896
             20           1661         -92.81     -0.0591829      0.0978896
             21           1477          16.83      0.0112663      0.0978896
             22           2409          -8.89      -0.003704      0.0978896
             23           1363          21.77       0.015721      0.0978896
             24           1419          53.01       0.036012      0.0978896
             25           1303         179.37       0.121002      0.0978896
             26           1351         120.29      0.0817582      0.0978896
             27           1468         135.72      0.0846282      0.0978896
             28           1400            187       0.117832      0.0978896
             29           1225         167.75       0.120445      0.0978896
             30           1288         132.52      0.0932898      0.0978896
             31           1299         150.21        0.10365      0.0978896
             32           1472          85.88      0.0551262      0.0978896
             33           1506         222.74       0.128845      0.0978896
             34           1380          143.2      0.0940126      0.0978896
             35           1296         135.84      0.0948709      0.0978896
             36           1484          56.36      0.0365888      0.0978896
             37           1326          20.54      0.0152539      0.0978896
             38            371        1789.09       0.828248       0.831529
             39            241        1712.39       0.876625       0.831529
             40            299        1667.21       0.847931       0.831529
             41           1207         -21.47       -0.01811      0.0978896
             42           1451         236.29       0.140041      0.0978896
             43           1510          155.9       0.093583      0.0978896
             44           1566         261.14       0.142923      0.0978896
             45           1492         201.68       0.119078      0.0978896
             46           1467          63.93      0.0417589      0.0978896
             47           1339          95.81      0.0667754      0.0978896
             48           1285         214.15       0.142848      0.0978896
             49           1240           63.6       0.048788      0.0978896
             50           1264         101.56      0.0743724      0.0978896
             51           1003         150.37       0.130374      0.0978896
             52            994         153.26       0.133588      0.0978896
             53           1081          19.99      0.0181564      0.0978896
             54           1154         140.66       0.108646      0.0978896
             55           1374         245.46       0.151569      0.0978896
             56           1356         126.24      0.0851684      0.0978896
             57           1214         125.06      0.0933939      0.0978896
             58           1408           8.32     0.00587438      0.0978896
             59           1415          79.85      0.0534167      0.0978896
             60            639         978.81       0.605022       0.831529
             61           1926          42.54      0.0216099      0.0978896
             62           1023         395.17       0.278648      0.0978896
             63           1957         -17.97    -0.00926752      0.0978896
             64           1243          58.97      0.0452929      0.0978896
             65           1284         180.36       0.123166      0.0978896
             66            927         126.33       0.119934      0.0978896
             67           1091         148.89       0.120083      0.0978896
             68            826         197.54       0.192997      0.0978896
             69           1189         290.31       0.196247      0.0978896
             70           1348         131.92        0.08914      0.0978896
             71            645         832.55       0.563467       0.831529
             72            219        1516.01       0.873776       0.831529
             73            182        1340.78       0.880482       0.831529
             74            227        1627.33       0.877584       0.831529
             75            285        1481.15       0.838632       0.831529
             76            221        1737.59       0.887164       0.831529
             77            264        1450.56       0.846025       0.831529
             78            253        1745.87       0.873428       0.831529
             79            492        1718.68       0.777444       0.831529
             80            645         267.55       0.293189      0.0978896
             81           1926         147.54      0.0711537      0.0978896
             82           1502          91.58      0.0574681      0.0978896
             83           1660           67.4      0.0390182      0.0978896
             84           1486         165.94       0.100452      0.0978896
             85           1185         135.15       0.102375      0.0978896
             86           1090          172.1        0.13636      0.0978896
             87           1090          116.1      0.0962607      0.0978896
             88           1158         127.82      0.0994074      0.0978896
             89           1378          67.62      0.0467758      0.0978896
             90           1418         -55.78     -0.0409479      0.0978896
             91           1453          24.87      0.0168283      0.0978896
             92           1244         132.76      0.0964293      0.0978896
             93           1138         104.02      0.0837507      0.0978896
             94           1510           17.9      0.0117154      0.0978896
             95           1616         148.64      0.0842325      0.0978896
             96           1576          22.04      0.0137919      0.0978896
             97           1347         238.13       0.150227      0.0978896
             98           1285         239.15       0.156907      0.0978896
             99           1098         139.42        0.11267      0.0978896
            100           1291          48.89      0.0364881      0.0978896
            101           1171          85.09       0.067742      0.0978896
            102           1299         223.21       0.146635      0.0978896
            103           1135          33.65      0.0287939      0.0978896
            104           1259         244.61       0.162682      0.0978896
            105           1440           65.6      0.0435707      0.0978896
            106           1405         -59.05     -0.0438724      0.0978896
            107           1191         181.89       0.132487      0.0978896
            108           1354         -52.34     -0.0402102      0.0978896
            109           1365         -15.65     -0.0115982      0.0978896
            110           1117         347.43       0.237246      0.0978896
            111           1216          92.64      0.0707911      0.0978896
            112           1542         -27.82      -0.018373      0.0978896
            113           1295         213.05       0.141275      0.0978896
            114           1361         -66.81      -0.051623      0.0978896
            115           1297          98.63      0.0706706      0.0978896
            116           1337          31.23      0.0228251      0.0978896
            117           1477          84.83      0.0543145      0.0978896
            118           1397          52.63      0.0363058      0.0978896
            119           1159         254.61       0.180113      0.0978896
            120           1054         122.66       0.104244      0.0978896
            121            956         108.24       0.101706      0.0978896
            122           1211         -38.31     -0.0326685      0.0978896
            123           1580          193.2       0.108956      0.0978896
            124            689         995.31        0.59093       0.831529
            125            241        1511.39       0.862474       0.831529
            126            203        1445.37       0.876848       0.831529
            127            193        1655.47       0.895589       0.831529
            128            266        1689.14       0.863948       0.831529
            129            817         840.43       0.507068       0.831529
            130           1407          21.53      0.0150714      0.0978896
            131           1394          72.26      0.0492818      0.0978896
            132           1532           5.28     0.00343464      0.0978896
            133           1385          73.15      0.0501663      0.0978896
            134           1119          59.01       0.050093      0.0978896
            135           1150          189.5       0.141471      0.0978896
            136           1272         343.88       0.212813      0.0978896
            137            570         1217.3       0.681083       0.831529
            138            253        1911.87       0.883134       0.831529
            139            151        1523.29       0.909813       0.831529
            140            212        1644.48       0.885805       0.831529
            141            272        1506.88       0.847095       0.831529
            142            397        1310.63       0.767514       0.831529
            143           1108         114.32      0.0935271      0.0978896
            144           1260           20.4      0.0159325      0.0978896
            145           1054         207.66       0.164593      0.0978896
            146           1469         107.51      0.0681949      0.0978896
            147           1100             54      0.0467938      0.0978896
            148           1412           5.48     0.00386602      0.0978896
            149           1056         253.24       0.193425      0.0978896
            150           1156         -26.76     -0.0236974      0.0978896
            151           1610          119.9      0.0693104      0.0978896
            152           1000            254       0.202552      0.0978896
            153           1342         304.18       0.184779      0.0978896
            154           1273         209.67       0.141414      0.0978896
            155           1407         234.53       0.142873      0.0978896
            156           1392         284.68       0.169788      0.0978896
            157            791        1038.89       0.567734       0.831529
            158            198        1922.42       0.906622       0.831529
            159            300           1836       0.859551       0.831529
            160            293        1826.47       0.861758       0.831529
            161            312        1638.48       0.840039       0.831529
            162            226        1409.54       0.861819       0.831529
            163            234        1415.86        0.85817       0.831529
            164            165        1494.35       0.900563       0.831529
            165            110         1734.9       0.940376       0.831529
            166            385        1205.15       0.757884       0.831529
            167           1149         226.71       0.164795      0.0978896
            168            343        1254.97       0.785353       0.831529
            169           1240          190.6       0.133231      0.0978896
            170           1326          12.54     0.00936842      0.0978896
            171           1376         -16.96     -0.0124794      0.0978896
            172           1137         166.23       0.127552      0.0978896
            173            813         206.27        0.20237      0.0978896
            174           1357          77.03      0.0537158      0.0978896
            175           1224         212.96       0.148202      0.0978896
            176           1205         253.95       0.174064      0.0978896
            177           1372         108.88      0.0735239      0.0978896
            178           1066         162.14       0.132021      0.0978896
            179            509        1096.11       0.682888       0.831529
            180           1258          55.82      0.0424868      0.0978896
            181           1289          55.31      0.0411438      0.0978896
            182           1073         233.67       0.178829      0.0978896
            183           1217         304.43       0.200095      0.0978896
            184           1373         120.67      0.0807876      0.0978896
            185           1407         199.53       0.124199      0.0978896
            186           1376          54.04      0.0377892      0.0978896
            187            874         602.46       0.408044      0.0978896
            188            267        1204.93       0.818606       0.831529
            189            115        1457.85       0.926884       0.831529
            190            144        1473.76       0.910988       0.831529
            191            553         927.87       0.626571       0.831529
            192           1074         213.46       0.165799      0.0978896
            193           1232          46.28      0.0362049      0.0978896
            194           1267          70.93      0.0530147      0.0978896
            195            839         222.81        0.20984      0.0978896
            196           1271          56.09      0.0422654      0.0978896
            197           1028         118.12       0.103061      0.0978896
            198            959         105.61      0.0992006      0.0978896
            199           1052         268.08       0.203079      0.0978896
            200           1269         129.51      0.0926057      0.0978896
            201           1301          98.79      0.0705749      0.0978896
            202           1300            212       0.140212      0.0978896
            203           1167         104.93      0.0824967      0.0978896
            204           1323         204.17       0.133692      0.0978896
            205           1514         135.06      0.0819012      0.0978896
            206           1512         154.48      0.0926984      0.0978896
            207           1138          72.02      0.0595197      0.0978896
            208           1713          61.27      0.0345325      0.0978896
            209           1350           69.5      0.0489609      0.0978896
            210           1362         156.98       0.103346      0.0978896
            211           1386         187.94       0.119407      0.0978896
            212           1445         137.55      0.0869167      0.0978896
            213           1653         100.87      0.0575128      0.0978896
            214           1398          76.42      0.0518306      0.0978896
            215           1231          60.49      0.0468374      0.0978896
            216           1072         279.88        0.20703      0.0978896
            217            220         1435.8       0.867134       0.831529
            218            234        1390.86       0.855988       0.831529
            219            201        1275.79       0.863894       0.831529
            220            236        1538.44          0.867       0.831529
            221            127        1373.33       0.915352       0.831529
            222            229        1624.91       0.876477       0.831529
            223            230         1428.7       0.861337       0.831529
            224            587         884.73        0.60115       0.831529
            225           1428         -55.88     -0.0407253      0.0978896
            226           1183         132.57        0.10077      0.0978896
            227           1361          94.19      0.0647269      0.0978896
            228           1338         106.02        0.07342      0.0978896
            229           1365         192.35       0.123511      0.0978896
            230           1406         -56.26     -0.0416821      0.0978896
            231           1354         191.66       0.123999      0.0978896
            232           1296         187.84        0.12659      0.0978896
            233           1269         131.51      0.0939015      0.0978896
            234           1315          87.85      0.0626225      0.0978896
            235            834         737.86       0.469418       0.831529
            236            255        1778.45       0.874597       0.831529
            237            284        1729.36       0.858942       0.831529
            238            187        1967.73       0.913214       0.831529
            239            222        1710.38       0.885116       0.831529
            240            215        1468.85       0.872316       0.831529
            241            169        1498.51       0.898651       0.831529
            242            138        1714.02       0.925487       0.831529
            243            182        1702.78       0.903437       0.831529
            244            152        1486.08       0.907208       0.831529
            245            900            399       0.307159      0.0978896
            246           1137          26.23      0.0225493      0.0978896
            247           1125         105.75      0.0859232      0.0978896
            248           1350           35.5      0.0256225      0.0978896
            249           1045         171.55       0.141014      0.0978896
            250           1416         105.64      0.0694251      0.0978896
            251            723        1022.17       0.585714       0.831529
            252            218        1350.22       0.860989       0.831529
            253            274        1422.46       0.838487       0.831529
            254            196        1664.84       0.894671       0.831529
            255            134        1146.86       0.895383       0.831529
            256            152        1320.08       0.896745       0.831529
            257            235        1314.65       0.848353       0.831529
            258            186        1276.94       0.872859       0.831529
            259            174        1709.46       0.907617       0.831529
            260            290         1712.1       0.855152       0.831529
            261            217        1713.43        0.88759       0.831529
            262            219        1444.01       0.868311       0.831529
            263            192        1592.68       0.892418       0.831529
            264            126        1666.54       0.929709       0.831529
            265            137        1681.23       0.924652       0.831529
            266            261        1653.19        0.86365       0.831529
            267            214        1587.06       0.881181       0.831529
            268            207        1570.53       0.883546       0.831529
            269            167        1933.93       0.920511       0.831529
            270            198        1619.42       0.891054       0.831529
            271            187        1771.73        0.90453       0.831529
            272             90         1208.1       0.930668       0.831529
            273            216        1591.64       0.880507       0.831529
            274            110         1632.9       0.936887       0.831529
            275            259        1542.61        0.85624       0.831529
            276            158        1635.82        0.91192       0.831529
            277            130         1666.7       0.927645       0.831529
            278            311        1590.69       0.836461       0.831529
            279            243        1966.97       0.890044       0.831529
            280            221        1516.59       0.872812       0.831529
            281            188        1527.52       0.890412       0.831529
            282            228        1650.12       0.878602       0.831529
            283            198        1750.42       0.898379       0.831529
            284            288        1607.52       0.848063       0.831529
            285            236        1577.44       0.869861       0.831529
            286            540         1160.6       0.682465       0.831529
            287            995         253.05       0.202756      0.0978896
            288           1230           59.7      0.0462898      0.0978896
            289           1168         119.72      0.0929705      0.0978896
            290            944         233.76       0.198478      0.0978896
            291            962         123.98       0.114164      0.0978896
            292           1363         174.77       0.113652      0.0978896
            293           1356         259.24       0.160496      0.0978896
            294           1124         211.96       0.158657      0.0978896
            295           1104         302.16       0.214883      0.0978896
            296           1024         220.96       0.177484      0.0978896
            297           1010          219.9       0.178795      0.0978896
            298           1206         144.74       0.107156      0.0978896
            299            920           84.8      0.0843949      0.0978896
            300           1256          35.24      0.0272916      0.0978896
            301           1214          53.06      0.0418765      0.0978896
            302           1092         131.68        0.10761      0.0978896
            303           1009         162.11       0.138424      0.0978896
            304           1299         310.21       0.192772      0.0978896
            305           1276         192.04       0.130814      0.0978896
            306           1698           2.42     0.00142318      0.0978896
            307           1288         117.52      0.0836132      0.0978896
            308           1265          62.35      0.0469733      0.0978896
            309           1270           48.3      0.0366381      0.0978896
            310           1142          -6.82    -0.00600786      0.0978896
            311           1024         108.96      0.0961729      0.0978896
            312           1152         102.08      0.0813983      0.0978896
            313           1175         130.25      0.0997893      0.0978896
            314           1480           21.2       0.014122      0.0978896
            315           1314         125.06       0.086904      0.0978896
            316           1270           10.3     0.00804499      0.0978896
            317           1057          55.03      0.0494861      0.0978896
            318            970           64.3      0.0621676      0.0978896
            319           1056         254.24       0.194041      0.0978896
            320            768         125.72        0.14067      0.0978896
            321            940           82.6      0.0807745      0.0978896
            322           1156         152.24        0.11637      0.0978896
            323           1089         175.31       0.138661      0.0978896
            324           1190          364.1       0.234284      0.0978896
            325            877         102.83       0.104947      0.0978896
            326           1185          95.15      0.0743272      0.0978896
            327            928         627.12       0.403261      0.0978896
            328            782         715.78       0.477894      0.0978896
            329           1237         142.23       0.103123      0.0978896
            330           1417         103.43      0.0680268      0.0978896
            331            995         143.05       0.125697      0.0978896
            332            902          63.58      0.0658464      0.0978896
            333           1466           5.14     0.00349389      0.0978896
            334           1078         169.62       0.135955      0.0978896
            335            172        1430.88       0.892693       0.831529
            336            139        1524.81       0.916457       0.831529
            337            164        1370.56       0.893129       0.831529
            338           1081         259.99       0.193879      0.0978896
            339            838         232.02       0.216837      0.0978896
            340           1123         303.17       0.212576      0.0978896
            341           1346         168.34       0.111164      0.0978896
            342           1322         104.38      0.0731783      0.0978896
            343           1020          239.8       0.190348      0.0978896
            344            215        1614.85       0.882504       0.831529
            345            157        1324.03       0.893993       0.831529
            346            230         1461.7       0.864042       0.831529
            347            231        1385.49       0.857098       0.831529
            348            110         1312.9       0.922693       0.831529
            349            246        1381.34       0.848833       0.831529
            350            227         959.33       0.808654       0.831529
            351            284        1246.36       0.814423       0.831529
            352            657         609.03       0.481055       0.831529
            353           1087          62.73      0.0545606      0.0978896
            354           1249         146.71       0.105115      0.0978896
            355            848         375.92       0.307144      0.0978896
            356           1014         581.06       0.364287      0.0978896
            357           1063         158.77       0.129951      0.0978896
            358            977         572.83       0.369608      0.0978896
            359            265        1417.35       0.842482       0.831529
            360             74        1327.46       0.947198       0.831529
            361            229        1606.91       0.875266       0.831529
            362            232        1609.28       0.874001       0.831529
            363            299        1280.21       0.810665       0.831529
            364            183        1658.57       0.900628       0.831529
            365            205        1364.95       0.869423       0.831529
            366            178        1519.62       0.895147       0.831529
            367            167        1662.93        0.90874       0.831529
            368            428        1462.12       0.773559       0.831529
            369            247        1371.13       0.847355       0.831529
            370            333        1364.07       0.803779       0.831529
            371           1345         214.55       0.137572      0.0978896
            372           1090           -5.9     -0.0054423      0.0978896
            373           1333          33.07      0.0242081      0.0978896
            374           1195         104.05       0.080097      0.0978896
            375           1185         123.15      0.0941406      0.0978896
            376           1127          56.33       0.047603      0.0978896
            377           1352           0.08   5.91681e-005      0.0978896
            378           1076         274.04       0.202987      0.0978896
            379           1245         293.55       0.190797      0.0978896
            380           1107         145.53       0.116189      0.0978896
            381           1148         162.92       0.124279      0.0978896
            382           1279          58.41       0.043674      0.0978896
            383           1180           45.2      0.0368919      0.0978896
            384           1294         323.26       0.199881      0.0978896
            385           1489          41.31      0.0269945      0.0978896
            386           1252         277.08       0.181207      0.0978896
            387           1403         175.37       0.111108      0.0978896
            388           1466         134.14      0.0838302      0.0978896
            389           1256         233.24       0.156617      0.0978896
            390           1096         169.84       0.134172      0.0978896
            391           1087          46.73      0.0412179      0.0978896
            392           1191         -11.11    -0.00941613      0.0978896
            393           1333         229.07       0.146645      0.0978896
            394           1187         229.73       0.162155      0.0978896
            395           1439          29.81      0.0202953      0.0978896
            396           1404         230.16       0.140843      0.0978896
            397           1377         131.83      0.0873723      0.0978896
            398           1271          55.09      0.0415432      0.0978896
            399           1307         287.53       0.180323      0.0978896
            400           1069          68.51       0.060228      0.0978896
            401           1290          131.1      0.0922525      0.0978896
            402           1274         176.46       0.121658      0.0978896
            403           1324         126.96      0.0875007      0.0978896
            404           1233         202.07       0.140808      0.0978896
            405            383         778.57       0.670274       0.831529
            406            241        1165.39       0.828639       0.831529
            407            261        1243.19       0.826485       0.831529
            408            327        1210.33       0.787294       0.831529
            409           1395          74.05      0.0504067      0.0978896
            410           1225         244.75       0.166525      0.0978896
            411            159        1763.61         0.9173       0.831529
            412            196        1392.84        0.87664       0.831529
            413            308        1371.32       0.816592       0.831529
            414            147        1565.13       0.914142       0.831529
            415            244        1980.76       0.890325       0.831529
            416            233        1862.07       0.888787       0.831529
            417            253        1891.87       0.882044       0.831529
            418            133        1575.07       0.922134       0.831529
            419            973         760.67       0.438763      0.0978896
            420            841         663.39       0.440969      0.0978896
            421           1094         127.26       0.104204      0.0978896
            422           1047         109.13      0.0943925      0.0978896
            423           1182         256.78       0.178471      0.0978896
            424            326        1489.54       0.820439       0.831529
            425            211        1581.69         0.8823       0.831529
            426            150         1717.5       0.919679       0.831529
            427            189        1544.31        0.89096       0.831529
            428           1036         390.44       0.273716      0.0978896
            429           1155         -19.55     -0.0172178      0.0978896
            430           1203          93.37      0.0720242      0.0978896
            431           1904          77.16      0.0389469      0.0978896
            432           1286           8.94     0.00690379      0.0978896
            433           1213         127.27      0.0949585      0.0978896
            434           1046         223.34        0.17595      0.0978896
            435            925         317.75       0.255683      0.0978896
            436           1346          63.34       0.044943      0.0978896
            437           1056         312.24       0.228206      0.0978896
            438           1098         234.42       0.175936      0.0978896
            439            898         307.42       0.255031      0.0978896
            440           1204          28.16      0.0228542      0.0978896
            441           1287         159.73       0.110408      0.0978896
            442           1273          12.67     0.00985478      0.0978896
            443            792         715.68        0.47469       0.831529
            444            193        1523.47        0.88756       0.831529
            445            194        1323.26       0.872138       0.831529
            446            196        1462.84       0.881845       0.831529
            447            164        1362.56       0.892569       0.831529
            448            212        1148.48       0.844173       0.831529
            449            226        1517.54       0.870379       0.831529
            450            123        1626.17       0.929681       0.831529
            451            199        1420.21       0.877101       0.831529
            452           1010          259.9       0.204662      0.0978896
            453           1150           92.5      0.0744467      0.0978896
            454           1373          30.67      0.0218499      0.0978896
            455            859         157.61       0.155035      0.0978896
            456           1098         -30.58     -0.0286485      0.0978896
            457            967         133.93       0.121652      0.0978896
            458           1039         -91.19     -0.0962113      0.0978896
            459           1087          38.73      0.0344043      0.0978896
            460            992         -71.32     -0.0774645      0.0978896
            461           1079          16.41      0.0149807      0.0978896
            462           2081        -106.01     -0.0536762      0.0978896
            463            467        1006.93        0.68316       0.831529
            464            154        1347.66       0.897447       0.831529
            465            153        1147.87       0.882386       0.831529
            466            206        1348.74       0.867502       0.831529
            467            148        1299.92       0.897784       0.831529
            468            221        1743.59       0.887508       0.831529
            469            238        1906.02       0.888994       0.831529
            470            359        1837.61       0.836566       0.831529
            471           1260          167.4       0.117276      0.0978896
            472           1109         153.11       0.121313      0.0978896
            473           1096         227.84       0.172105      0.0978896
            474           1014          80.06       0.073177      0.0978896
            475           1296         225.84       0.148399      0.0978896
            476            706         885.74        0.55646       0.831529
            477            989         213.31       0.177417      0.0978896
            478           1287         141.73         0.0992      0.0978896
            479           1233         291.07       0.190982      0.0978896
            480           1034         197.86       0.160619      0.0978896
            481           1051         100.29       0.087111      0.0978896
            482           1208           5.32     0.00438466      0.0978896
            483           1532         -26.72     -0.0177509      0.0978896
            484            999         146.21       0.127671      0.0978896
            485           1251         120.29      0.0877203      0.0978896
            486           1086         -20.06     -0.0188191      0.0978896
            487            962          73.98      0.0714106      0.0978896
            488           1254          96.66       0.071565      0.0978896
            489           1211          83.69       0.064641      0.0978896
            490           1117          -6.57    -0.00591663      0.0978896
            491           1243         127.97      0.0933427      0.0978896
            492            916         416.64       0.312643      0.0978896
            493            225        1541.75       0.872648       0.831529
            494            274        1900.46       0.873992       0.831529
            495            214        1608.06       0.882551       0.831529
            496            530          950.7       0.642061       0.831529
            497           1042          76.18      0.0681286      0.0978896
            498            869          62.51      0.0671061      0.0978896
            499            549         806.71       0.595046       0.831529
            500            138        1471.02       0.914234       0.831529
            501            202        1554.58       0.885004       0.831529
            502            403        1365.37       0.772107       0.831529
            503           1264          89.56      0.0661663      0.0978896
            504           1149           8.71     0.00752347      0.0978896
            505           1513          56.27      0.0358574      0.0978896
            506           1213         129.27       0.096307      0.0978896
            507           1332          50.28      0.0363747      0.0978896
            508           1479         -39.59     -0.0275043      0.0978896
            509           1178          63.62      0.0512395      0.0978896
            510           1064         334.56       0.239217      0.0978896
            511           1292         141.68      0.0988226      0.0978896
            512           1169         136.51       0.104564      0.0978896
            513           1688         263.52       0.135033      0.0978896
            514           1219          -3.99    -0.00328392      0.0978896
            515           1090          180.1         0.1418      0.0978896
            516           1079         221.41       0.170262      0.0978896
            517           1208         160.32       0.117166      0.0978896
            518           1362          54.98      0.0388008      0.0978896
            519           1339          66.81      0.0475242      0.0978896
            520           1444          38.76      0.0261404      0.0978896
            521           1073          64.67      0.0568443      0.0978896
            522           1139          93.81      0.0760945      0.0978896
            523           1046          82.34      0.0729745      0.0978896
            524           1279           1.41     0.00110121      0.0978896
            525           1375         197.25       0.125457      0.0978896
            526           1197          37.63      0.0304788      0.0978896
            527           1249          27.71      0.0217042      0.0978896
            528           1295         243.05       0.158025      0.0978896
            529            412        1491.48       0.783554       0.831529
            530            160         1360.4       0.894765       0.831529
            531            150         1312.5       0.897436       0.831529
            532            246        1397.34       0.850305       0.831529
            533            424        1129.96       0.727149       0.831529
            534           1139         248.81       0.179282      0.0978896
            535           1230          145.7        0.10591      0.0978896
            536           1299         110.21      0.0782069      0.0978896
            537           1074          87.46      0.0753018      0.0978896
            538            420         1024.8       0.709302       0.831529
            539            148        1497.92       0.910081       0.831529
            540           1312          91.48      0.0651808      0.0978896
            541           1175         143.25       0.108667      0.0978896
            542            928         668.12        0.41859      0.0978896
            543            134        1592.86       0.922403       0.831529
            544            585         451.15        0.43541      0.0978896
            545           1244         -25.24     -0.0207096      0.0978896
            546           1238         146.02       0.105504      0.0978896
            547            918         476.22       0.341567      0.0978896
            548            130         1759.7       0.931206       0.831529
            549            208        1710.32       0.891572       0.831529
            550            252        1579.08       0.862376       0.831529
            551            234        1409.86       0.857652       0.831529
            552            132        1385.28       0.913002       0.831529
            553            250         1588.5        0.86402       0.831529
            554            182        1724.78       0.904551       0.831529
            555            242        1429.18       0.855192       0.831529
            556            127         899.33       0.876258       0.831529
            557            153         966.87       0.863377       0.831529
            558            198         944.42       0.826684       0.831529
            559            167         851.93       0.836103       0.831529
            560            227         860.33       0.791232       0.831529
            561            166         843.14       0.835503       0.831529
            562            220          950.8       0.812094       0.831529
            563            131        1005.49       0.884733       0.831529
            564            175         839.25       0.827459       0.831529
            565            251         890.29       0.780073       0.831529
            566            102         825.58       0.890036       0.831529
            567            177        1149.83       0.866599       0.831529
            568            163         972.77       0.856485       0.831529
            569            153        1036.87       0.871415       0.831529
            570            714         696.06       0.493639       0.831529
            571           1033         115.07       0.100229      0.0978896
            572            952          73.08       0.071292      0.0978896
            573           1239          21.81      0.0172984      0.0978896
            574           1216          67.64      0.0526939      0.0978896
            575           1459        -170.39      -0.132228      0.0978896
            576           1299          83.21      0.0602007      0.0978896
            577           1280           41.2      0.0311838      0.0978896
            578            894         160.26       0.152012      0.0978896
            579           1374         184.46        0.11836      0.0978896
            580           1309          77.11      0.0556305      0.0978896
            581           1214         108.06      0.0817361      0.0978896
            582           1246         -36.66     -0.0303141      0.0978896
            583            944         108.76       0.103309      0.0978896
            584           1347           8.13     0.00599942      0.0978896
            585           1047          64.13       0.057716      0.0978896
            586           1100            266       0.194729      0.0978896
            587            517         523.43        0.50309       0.831529
            588            128         828.12       0.866126       0.831529
            589            196         805.84        0.80436       0.831529
            590             88         893.52       0.910343       0.831529
            591            136         909.44       0.869911       0.831529
            592             74        1006.46       0.931511       0.831529
            593            216        1057.64       0.830407       0.831529
            594            154         848.66       0.846409       0.831529
            595            925         416.75       0.310602      0.0978896
            596           1352         242.08       0.151862      0.0978896
            597            939         465.81       0.331582      0.0978896
            598           1447          50.13      0.0334841      0.0978896
            599           1142         331.18       0.224806      0.0978896
            600           1159         -12.39     -0.0108058      0.0978896
            601            732         641.28        0.46697      0.0978896
            602           1169         -17.49     -0.0151888      0.0978896
            603           1222         156.38       0.113452      0.0978896
            604           1125          15.75      0.0138067      0.0978896
            605            879         984.41       0.528284       0.831529
            606           1333          42.07      0.0305948      0.0978896
            607           1218         201.22       0.141782      0.0978896
            608           1144         179.76       0.135795      0.0978896
            609           1132         152.28       0.118572      0.0978896
            610           1203         142.37       0.105822      0.0978896
            611           1314         -39.94     -0.0313486      0.0978896
            612           1252         123.08      0.0895075      0.0978896
            613           1311          99.69      0.0706675      0.0978896
            614           1077         107.83      0.0910088      0.0978896
            615           1311         114.69      0.0804453      0.0978896
            616           1238         153.02       0.110006      0.0978896
            617           1219          95.01      0.0723054      0.0978896
            618            965         203.35       0.174049      0.0978896
            619            984         157.36       0.137871      0.0978896
            620            793         298.47       0.273457      0.0978896
            621           1147          90.13      0.0728541      0.0978896
            622           1033         136.07       0.116392      0.0978896
            623           1317         184.43       0.122836      0.0978896
            624            895         143.05       0.137806      0.0978896
            625           1324          63.96       0.046082      0.0978896
            626           1254         122.66      0.0890997      0.0978896
            627           1330           27.7      0.0204022      0.0978896
            628           1355         -24.55     -0.0184524      0.0978896
            629           1073          56.67      0.0501651      0.0978896
            630            923         110.17       0.106633      0.0978896
            631           1200             12     0.00990099      0.0978896
            632           1477         -36.17     -0.0251036      0.0978896
            633            482         800.78       0.624254       0.831529
            634            199        1503.21       0.883093       0.831529
            635            320         1427.8       0.816913       0.831529
            636            191        1409.89       0.880691       0.831529
            637            188        1577.52       0.893516       0.831529
            638            261        1448.19       0.847296       0.831529
            639           1233          37.07      0.0291874      0.0978896
            640           1123           9.17     0.00809949      0.0978896
            641           1254          74.66       0.056192      0.0978896
            642           1327          57.33      0.0414135      0.0978896
            643           1190          150.1       0.112007      0.0978896
            644           1009         197.11       0.163426      0.0978896
            645            152        1590.08       0.912748       0.831529
            646            126        1817.54        0.93517       0.831529
            647            150         1163.5       0.885801       0.831529
            648            169        1296.51       0.884682       0.831529
            649            170         1256.3        0.88081       0.831529
            650           1167         506.93       0.302838      0.0978896
            651            855         108.45       0.112564      0.0978896
            652           1164          42.56      0.0352738      0.0978896
            653           1257          51.03      0.0390129      0.0978896
            654           1053         115.87      0.0991299      0.0978896
            655            721         604.59       0.456091      0.0978896
            656            113        1374.27       0.924022       0.831529
            657            212        1438.48       0.871553       0.831529
            658            219        1139.01       0.838735       0.831529
            659            274        1422.46       0.838487       0.831529
            660            185        1162.15       0.862673       0.831529
            661            259        1321.61       0.836139       0.831529
            662            264        1431.56       0.844299       0.831529
            663            327        1218.33       0.788395       0.831529
            664            196        1294.84        0.86853       0.831529
            665            230         1466.7       0.864443       0.831529
            666            405        1430.95       0.779406       0.831529
            667           1164         117.56       0.091732      0.0978896
            668           1185         179.15       0.131327      0.0978896
            669           1013          17.27      0.0167626      0.0978896
            670           1135          55.65      0.0467392      0.0978896
            671           1242         -20.82     -0.0170491      0.0978896
            672           1373         290.67       0.174716      0.0978896
            673           1094         400.26       0.267865      0.0978896
            674           1231         147.49       0.106994      0.0978896
            675           1197         143.63       0.107136      0.0978896
            676           1296          80.84      0.0587142      0.0978896
            677           1055         149.45       0.124082      0.0978896
            678            940          189.6       0.167847      0.0978896
            679           1145          47.55      0.0398725      0.0978896
            680           1277          60.83      0.0454692      0.0978896
            681           1248         135.92      0.0982138      0.0978896
            682           1493          26.47      0.0174205      0.0978896
            683           1164          21.56      0.0181855      0.0978896
            684           1371         164.09       0.106893      0.0978896
            685            439          10.81      0.0240324      0.0978896
            686           1106         213.74       0.161956      0.0978896
            687            611        1169.69       0.656875       0.831529
            688            990          245.1       0.198445      0.0978896
            689           1452          91.08      0.0590248      0.0978896
            690           1447          72.13      0.0474811      0.0978896
            691           1621         128.59      0.0734972      0.0978896
            692           1315         106.85      0.0751486      0.0978896
            693           1508          40.32      0.0260411      0.0978896
            694            981          63.99       0.061235      0.0978896
            695           1393         110.47      0.0734767      0.0978896
            696           1758         -29.18     -0.0168786      0.0978896
            697           1917         132.43       0.064618      0.0978896
            698           1281         -56.01     -0.0457228      0.0978896
            699           1328          61.12      0.0439991      0.0978896
            700           1080           47.2      0.0418737      0.0978896
            701           1151         264.29       0.186739      0.0978896
            702           1068         129.72       0.108306      0.0978896
            703            293        1286.47       0.814495       0.831529
            704            179        1368.41       0.884323       0.831529
            705            217        1172.43       0.843821       0.831529
            706            115        1497.85       0.928698       0.831529
            707            148        1321.92       0.899314       0.831529
            708            262        1414.98       0.843767       0.831529
            709            299        1225.21       0.803833       0.831529
            710            290         1629.1       0.848887       0.831529
            711            312        1349.48       0.812216       0.831529
            712            195        1744.05       0.899435       0.831529
            713            388        1273.52       0.766479       0.831529
            714            325        1381.75        0.80958       0.831529
            715            279        1601.41       0.851628       0.831529
            716            226        1232.54       0.845051       0.831529
            717            137        1396.23       0.910646       0.831529
            718            152        1132.08       0.881627       0.831529
            719            260         1558.4       0.857017       0.831529
            720            375        1021.25       0.731423       0.831529
            721           1592          34.68      0.0213195      0.0978896
            722           1389         131.31      0.0863705      0.0978896
            723           1326         -19.46     -0.0148943      0.0978896
            724           1568         166.72      0.0961077      0.0978896
            725            779         684.41       0.467682       0.831529
            726            314         923.06       0.746172       0.831529
            727            366        1373.14       0.789551       0.831529
            728           1513         247.27       0.140473      0.0978896
            729           1174         171.46       0.127436      0.0978896
            730           1512         103.48      0.0640553      0.0978896
            731           1320          190.8       0.126291      0.0978896
            732           1344          77.76      0.0546928      0.0978896
            733           1601        -170.21      -0.118962      0.0978896
            734           1571         113.09       0.067152      0.0978896
            735           1443         118.97      0.0761666      0.0978896
            736           2148         158.92      0.0688884      0.0978896
            737           1935         259.65        0.11831      0.0978896
            738           1416         164.64        0.10416      0.0978896
            739           1564         125.56      0.0743152      0.0978896
            740           1218         133.22      0.0985924      0.0978896
            741           1430           68.7      0.0458397      0.0978896
            742           1273         140.67       0.099507      0.0978896
            743           1178          66.62      0.0535264      0.0978896
            744           1152          78.08      0.0634755      0.0978896
            745            950          201.5       0.174989      0.0978896
            746           1151          14.29       0.012263      0.0978896
            747           1428         332.12       0.188692      0.0978896
            748           1637         -34.77      -0.021701      0.0978896
            749           1493           1.47    0.000983626      0.0978896
            750           1117          35.43      0.0307437      0.0978896
            751            168        1525.72        0.90081       0.831529
            752            178        1590.62       0.899357       0.831529
            753            179        1116.41        0.86182       0.831529
            754            162        1020.98       0.863058       0.831529
            755            118        1352.22        0.91974       0.831529
            756           1087          68.73      0.0594689      0.0978896
            757           1873         -71.33      -0.039591      0.0978896
            758           1341          56.39      0.0403538      0.0978896
            759           1436          66.44      0.0442214      0.0978896
            760           1471          76.09      0.0491827      0.0978896
            761           1055          87.45       0.076546      0.0978896
            762           1131          24.49      0.0211945      0.0978896
            763           1322           4.38     0.00330222      0.0978896
            764           1422         -80.62     -0.0601023      0.0978896
            765           1238         132.02      0.0963636      0.0978896
            766           1440          100.6      0.0652992      0.0978896
            767           1378         -83.38      -0.064405      0.0978896
            768           1323         150.17       0.101937      0.0978896
            769           1187         421.73       0.262151      0.0978896
            770            175        1481.25        0.89434       0.831529
            771            207        1595.53       0.885161       0.831529
            772            236        1703.44       0.878315       0.831529
            773            207        1198.53       0.852725       0.831529
            774             95         913.05       0.905759       0.831529
            775            186        1087.94       0.853996       0.831529
            776            221        1164.59       0.840501       0.831529
            777             63        1045.77        0.94318       0.831529
            778            209        1099.11       0.840228       0.831529
            779            242        1081.18       0.817107       0.831529
            780            209        1183.11       0.849868       0.831529
            781             98        1172.42        0.92286       0.831529
            782            122        1413.38       0.920541       0.831529
            783             84        1101.36       0.929135       0.831529
            784            184         983.36       0.842379       0.831529
            785            161        1257.19       0.886475       0.831529
            786           1120           60.8      0.0514905      0.0978896
            787           1187         130.73      0.0992085      0.0978896
            788            555        1088.45       0.662296       0.831529
            789           1034         350.86       0.253354      0.0978896
            790           1293          74.47      0.0544582      0.0978896
            791            706         226.74        0.24309      0.0978896
            792            915         117.85       0.114102      0.0978896
            793           1479         -50.59      -0.035417      0.0978896
            794           1017         407.43        0.28603      0.0978896
            795            225        1326.75       0.855002       0.831529
            796            216        1398.64       0.866224       0.831529
            797            174        1534.46       0.898154       0.831529
            798             95        1495.05       0.940253       0.831529
            799            855         539.45       0.386855      0.0978896
            800           1243         143.97       0.103802      0.0978896
            801           1105          56.95      0.0490124      0.0978896
            802            836         137.44        0.14119      0.0978896
            803           1262         321.98       0.203273      0.0978896
            804           1175          54.25      0.0441326      0.0978896
            805           1257         139.03      0.0995896      0.0978896
            806           1012         139.48       0.121131      0.0978896
            807            637         581.23        0.47711       0.831529
            808            266        1562.14       0.854497       0.831529
            809            195        1288.05       0.868514       0.831529
            810            289        1442.31       0.833074       0.831529
            811            275        1307.25       0.826197       0.831529
            812            287        1300.73       0.819239       0.831529
            813            319        1467.01        0.82139       0.831529
            814            240         1527.6       0.864223       0.831529
            815            205        1105.95       0.843625       0.831529
            816            226        1061.54       0.824471       0.831529
            817            285        1228.15       0.811651       0.831529
            818            253        1068.87       0.808604       0.831529
            819            235        1250.65        0.84182       0.831529
            820            301        1516.79       0.834414       0.831529
            821           1162         215.98       0.156737      0.0978896
            822           1051          59.29      0.0534005      0.0978896
            823            910          -59.1     -0.0694559      0.0978896
            824           1246          92.34      0.0689959      0.0978896
            825           1192          13.68      0.0113463      0.0978896
            826           1184         199.36       0.144113      0.0978896
            827            629         854.91        0.57612       0.831529
            828            300           1457       0.829254       0.831529
            829            285        1546.15        0.84436       0.831529
            830            175        1300.25       0.881376       0.831529
            831            305        1533.95       0.834144       0.831529
            832            882         423.78       0.324542      0.0978896
            833           1093          25.47      0.0227722      0.0978896
            834           1171         127.09      0.0979054      0.0978896
            835           1065          24.35      0.0223528      0.0978896
            836           1278         111.62      0.0803241      0.0978896
            837           1093         136.47       0.110999      0.0978896
            838           1349         103.71      0.0713907      0.0978896
            839           1061          90.19       0.078345      0.0978896
            840           1086         -25.06     -0.0236206      0.0978896
            841            854         189.66       0.181726      0.0978896
            842           1146         269.34       0.190301      0.0978896
            843           1512          -3.52    -0.00233347      0.0978896
            844           1264         138.56      0.0987908      0.0978896
            845            986          35.94      0.0351684      0.0978896
            846           1021          69.59      0.0638095      0.0978896
            847           1166          39.14      0.0324776      0.0978896
            848           1177          80.83      0.0642615      0.0978896
            849            628         211.12       0.251597      0.0978896
            850           1907         -29.47     -0.0156962      0.0978896
            851            860          356.4       0.292996      0.0978896
            852            233        1492.07       0.864933       0.831529
            853            183        1615.57       0.898253       0.831529
            854            205        1420.95        0.87392       0.831529
            855            699        1043.21       0.598785       0.831529
            856            275        1545.25       0.848922       0.831529
            857            195        1122.05       0.851942       0.831529
            858            323        1445.17       0.817325       0.831529
            859            197        1380.63       0.875129       0.831529
            860            185        1376.15       0.881498       0.831529
            861            139        1396.81       0.909494       0.831529
            862            139         733.81       0.840744       0.831529
            863            159        1212.61       0.884078       0.831529
            864            170          959.3       0.849464       0.831529
            865            129         904.91       0.875231       0.831529
            866            233         883.07       0.791232       0.831529
            867            125         766.75       0.859826       0.831529
            868            111        1106.69       0.908844       0.831529
            869            310         1347.9       0.813016       0.831529
            870            225        1178.75       0.839715       0.831529
            871            199        1079.21       0.844314       0.831529
            872            191        1283.89       0.870499       0.831529
            873            110         1132.9       0.911497       0.831529
            874            236        1023.44       0.812615       0.831529
            875             84         947.36       0.918554       0.831529
            876            228        1146.12       0.834076       0.831529
            877            217         928.43       0.810551       0.831529
            878            153        1097.87       0.877685       0.831529
            879            156         871.24       0.848137       0.831529
            880            155        1205.45       0.886067       0.831529
            881            157         857.03       0.845172       0.831529
            882            319        1344.01       0.808179       0.831529
            883           1335         134.65      0.0916205      0.0978896
            884            724         430.96       0.373138      0.0978896
            885            596         738.84       0.553505       0.831529
            886            841         191.39       0.185385      0.0978896
            887           1327         226.33       0.145706      0.0978896
            888           1024          98.96      0.0881242      0.0978896
            889            160         1181.4       0.880722       0.831529
            890            185        1268.15        0.87269       0.831529
            891            817         250.43        0.23461      0.0978896
            892           1411         140.69      0.0906689      0.0978896
            893            996         172.84       0.147873      0.0978896
            894           1001         167.79       0.143559      0.0978896
            895           1025         223.75       0.179179      0.0978896
            896           1150          204.5       0.150978      0.0978896
            897            828         319.12       0.278192      0.0978896
            898           1028         181.12       0.149795      0.0978896
            899            879         217.41       0.198293      0.0978896
            900           1230          154.7       0.111721      0.0978896
            901           1026         211.54       0.170936      0.0978896
            902           1113         -36.73     -0.0341271      0.0978896
            903           1225         155.75       0.112801      0.0978896
            904           1192          69.68       0.055228      0.0978896
            905           1448          36.92      0.0248633      0.0978896
            906           1081         171.99       0.137264      0.0978896
            907           1628         241.12       0.129002      0.0978896
            908            935         255.65       0.214715      0.0978896
            909            959         216.61       0.184253      0.0978896
            910           1255         139.45       0.100004      0.0978896
            911           1130          112.7      0.0906896      0.0978896
            912            282         991.78       0.778612       0.831529
            913            164        1103.56       0.870618       0.831529
            914            184        1197.36       0.866798       0.831529
            915            194        1132.26       0.853724       0.831529
            916            212        1131.48       0.842201       0.831529
            917            193        1061.47        0.84615       0.831529
            918            107        1060.53       0.908354       0.831529
            919            143        1143.97       0.888886       0.831529
            920            193        1175.47       0.858967       0.831529
            921            167        1183.93       0.876381       0.831529
            922            153        1235.87       0.889839       0.831529
            923            243        1135.97       0.823782       0.831529
            924            307        1174.53       0.792782       0.831529
            925            160         1109.4       0.873956       0.831529
            926            208        1205.32       0.852829       0.831529
            927            284        1268.36       0.817053       0.831529
            928            238        1172.02       0.831208       0.831529
            929            145        1238.55       0.895197       0.831529
            930            218        1084.22       0.832594       0.831529
            931            121        1325.59       0.916355       0.831529
            932            278        1129.62       0.802504       0.831529
            933            284         991.36       0.777318       0.831529
            934            158        1120.82       0.876449       0.831529
            935            235         902.65       0.793434       0.831529
            936            100            976       0.907063       0.831529
            937            145        1005.55       0.873973       0.831529
            938             94        1005.26       0.914488       0.831529
            939            201         984.79       0.830493       0.831529
            940            218        1041.22       0.826877       0.831529
            941            168        1191.72       0.876445       0.831529
            942            182        1280.78       0.875579       0.831529
            943            186        1205.94       0.866374       0.831529
            944            250         1218.5       0.829758       0.831529
            945            280         1041.2       0.788071       0.831529
            946            135        1083.65       0.889222       0.831529
            947            174        1205.46       0.873864       0.831529
            948            191        1137.89       0.856271       0.831529
            949            168        1260.72       0.882412       0.831529
            950            221        1194.59       0.843881       0.831529
            951           1387          97.73      0.0658234      0.0978896
            952            952         166.08        0.14854      0.0978896
            953           1152         198.08       0.146717      0.0978896
            954           1112          36.48      0.0317637      0.0978896
            955           1440           -8.4    -0.00586756      0.0978896
            956            465         682.35       0.594718       0.831529
            957            112        1258.48       0.918277       0.831529
            958            260         1344.4       0.837946       0.831529
            959            249        1567.71       0.862939       0.831529
            960            272        1380.88       0.835439       0.831529
            961            247        1296.13       0.839936       0.831529
            962           1248         345.92       0.217025      0.0978896
            963           1166          16.14      0.0136532      0.0978896
            964           1371        -111.91     -0.0888817      0.0978896
            965            607         829.53       0.577454       0.831529
            966            244        1255.76       0.837307       0.831529
            967           1139         340.81       0.230307      0.0978896
            968           1519         420.01       0.216611      0.0978896
            969           1345         103.55      0.0714853      0.0978896
            970           1196         144.84       0.108022      0.0978896
            971            659         105.61       0.138123      0.0978896
            972           1532          26.28      0.0168647      0.0978896
            973            648         678.92       0.511651      0.0978896
            974           1586          48.94      0.0299338      0.0978896
            975           1463          94.77       0.060837      0.0978896
            976           1324         -26.04     -0.0200623      0.0978896
            977           1420           93.8      0.0619633      0.0978896
            978            829         621.91       0.428634      0.0978896
            979            270         1384.3       0.836789       0.831529
            980            201        1311.79       0.867133       0.831529
            981            299        1314.21       0.814655       0.831529
            982            206        1252.74       0.858782       0.831529
            983            220         1261.8       0.851532       0.831529
            984            225        1291.75       0.851657       0.831529
            985            660          844.4       0.561287       0.831529
            986           1293         111.47       0.079368      0.0978896
            987           1033         142.07       0.120903      0.0978896
            988           1388         196.52       0.124025      0.0978896
            989           1449         196.71       0.119529      0.0978896
            990           1094         102.26      0.0854831      0.0978896
            991           1032         251.28       0.195811      0.0978896
            992           1126          74.54      0.0620887      0.0978896
            993           1104          64.16       0.054924      0.0978896
            994           1189         158.31       0.117501      0.0978896
            995           1160          108.4       0.085462      0.0978896
            996           1505         194.95        0.11468      0.0978896
            997           1328         164.12       0.109991      0.0978896
            998           1113          24.27      0.0213406      0.0978896
            999            854         152.66        0.15165      0.0978896
           1000           1272          84.88      0.0625553      0.0978896
           1001           1387         217.73        0.13568      0.0978896
           1002           1288         716.52       0.357452      0.0978896
           1003           1454         154.66      0.0961421      0.0978896
           1004           1206          14.74      0.0120746      0.0978896
           1005            901          67.79      0.0699739      0.0978896
           1006           1651          90.29      0.0518524      0.0978896
           1007           1203         186.37        0.13414      0.0978896
           1008           1738         -58.98     -0.0351276      0.0978896
           1009           1455          61.45      0.0405223      0.0978896
           1010           1551         364.29       0.190201      0.0978896
           1011           1539         -78.19     -0.0535251      0.0978896
           1012           1824          72.96      0.0384615      0.0978896
           1013           1991          49.89      0.0244452      0.0978896
           1014            894         144.26       0.138944      0.0978896
           1015            695          18.05      0.0253138      0.0978896
           1016           2566        -133.86      -0.055038      0.0978896
           1017           1176          78.04      0.0622309      0.0978896
           1018           1687         728.73        0.30166      0.0978896
           1019            453        1761.87       0.795473       0.831529
           1020            351        1941.29       0.846878       0.831529
           1021            317        1651.43       0.838958       0.831529
           1022           1108         715.32       0.392317      0.0978896
           1023           1735         -40.35     -0.0238102      0.0978896
           1024           1328        1118.12       0.457099      0.0978896
           1025            463        1829.77       0.798061       0.831529
           1026            355        1917.45       0.843781       0.831529
           1027            509        1616.11       0.760483       0.831529
           1028           1572         554.88       0.260889      0.0978896
           1029           1310          -52.1     -0.0414182      0.0978896
           1030            638          97.02       0.131996      0.0978896
           1031           1419         154.01      0.0979078      0.0978896
           1032           1931         210.49      0.0982914      0.0978896
           1033           1690           86.1       0.048477      0.0978896
           1034            617        1866.43       0.751553       0.831529
           1035            459        1973.61       0.811314       0.831529
           1036            511        2160.69       0.808735       0.831529
           1037            437        1850.23       0.808939       0.831529
           1038            339        2072.81       0.859442       0.831529
           1039            340         1621.6       0.826672       0.831529
           1040            279        1344.41        0.82814       0.831529
           1041            319        1676.01       0.840101       0.831529
           1042            352        1999.08       0.850282       0.831529
           1043            283        1752.57       0.860973       0.831529
           1044            456        1906.24       0.806963       0.831529
           1045            324        1756.96       0.844303       0.831529
           1046            293        1714.47       0.854045       0.831529
           1047            423        1518.17        0.78209       0.831529
           1048           1183         445.57       0.273596      0.0978896
           1049           1169         202.51       0.147655      0.0978896
           1050           1358         144.82      0.0963655      0.0978896
           1051           1363           2.77     0.00202816      0.0978896
           1052           1438         169.02       0.105176      0.0978896
           1053           1358         233.82       0.146888      0.0978896
           1054           1501          63.79      0.0407659      0.0978896
           1055           1470          155.3      0.0955516      0.0978896
           1056           1271          93.09      0.0682433      0.0978896
           1057           2229          -7.09    -0.00319095      0.0978896
           1058           1672         -12.12    -0.00730173      0.0978896
           1059           1825           7.75     0.00422862      0.0978896
           1060           1420          141.8      0.0907927      0.0978896
           1061            813        1025.27       0.557736       0.831529
           1062            311        1920.69       0.860644       0.831529
           1063            452        1941.08       0.811122       0.831529
           1064            346        2121.34       0.859768       0.831529
           1065            349        1692.71       0.829065       0.831529
           1066           1513         154.27      0.0925285      0.0978896
           1067           1883         -51.43     -0.0280797      0.0978896
           1068           1745         227.55       0.115358      0.0978896
           1069           1398         159.42       0.102362      0.0978896
           1070           1100             99      0.0825688      0.0978896
           1071           1374         102.46      0.0693957      0.0978896
           1072           1649          47.71      0.0281191      0.0978896
           1073           2025        -119.25     -0.0625738      0.0978896
           1074           1246         110.34      0.0813513      0.0978896
           1075           1635          16.65      0.0100808      0.0978896
           1076           2001        -102.21      -0.053829      0.0978896
           1077           1544         -31.24      -0.020651      0.0978896
           1078           1795          75.05      0.0401326      0.0978896
           1079           1647         283.13        0.14669      0.0978896
           1080           1834          61.86       0.032629      0.0978896
           1081           2062        -126.02     -0.0650936      0.0978896
           1082           1897          85.63      0.0431901      0.0978896
           1083           2190           -1.9   -0.000868333      0.0978896
           1084           1527         113.33      0.0690898      0.0978896
           1085           1505         333.95       0.181598      0.0978896
           1086           1661          71.19      0.0410983      0.0978896
           1087           1263          55.77      0.0422894      0.0978896
           1088           1317          93.43      0.0662422      0.0978896
           1089           1491          79.89      0.0508565      0.0978896
           1090           1120           66.8      0.0562858      0.0978896
           1091           1703         147.37      0.0796435      0.0978896
           1092           1417           9.43     0.00661091      0.0978896
           1093           1648         -44.08     -0.0274827      0.0978896
           1094           1309         141.11      0.0973099      0.0978896
           1095           1016         230.64       0.185009      0.0978896
           1096            723         303.17       0.295438      0.0978896
           1097           1741          -5.61     -0.0032327      0.0978896
           1098           1454         124.66      0.0789657      0.0978896
           1099           1442         233.18       0.139197      0.0978896
           1100           1030          441.7       0.300129      0.0978896
           1101            280         1520.2       0.844462       0.831529
           1102           1478         -72.38     -0.0514933      0.0978896
           1103           1575         249.25       0.136631      0.0978896
           1104           1408         118.32      0.0775198      0.0978896
           1105           1137          86.23      0.0704937      0.0978896
           1106           1425         132.75      0.0852191      0.0978896
           1107           1603          96.37      0.0567093      0.0978896
           1108           1529         318.91       0.172579      0.0978896
           1109           1459         -84.39      -0.061392      0.0978896
           1110           1090          180.1         0.1418      0.0978896
           1111           1529         324.91       0.175257      0.0978896
           1112            238        1585.02       0.869447       0.831529
           1113            204        1364.16       0.869911       0.831529
           1114            226        1480.54       0.867568       0.831529
           1115            231        1547.49       0.870115       0.831529
           1116            275        1297.25       0.825091       0.831529
           1117            213        1325.27       0.861533       0.831529
           1118            516        1001.64       0.659998       0.831529
           1119           1097         190.63       0.148047      0.0978896
           1120           1425         169.75       0.106443      0.0978896
           1121           1586         177.94       0.100876      0.0978896
           1122           1221         195.59       0.138071      0.0978896
           1123           1335           2.65     0.00198109      0.0978896
           1124           1166         193.14       0.142105      0.0978896
           1125           1094          80.26      0.0683494      0.0978896
           1126           1348         170.92       0.112527      0.0978896
           1127           1394          70.26      0.0479833      0.0978896
           1128           1262         130.98      0.0940286      0.0978896
           1129           1504         202.16       0.118488      0.0978896
           1130            463         721.77       0.609207       0.831529
           1131            739         691.81       0.483509       0.831529
           1132            116        1345.64       0.920637       0.831529
           1133            257        1297.03       0.834624       0.831529
           1134            134        1445.86       0.915182       0.831529
           1135            167        1183.93       0.876381       0.831529
           1136            256        1427.24       0.847912       0.831529
           1137            768         797.72       0.509491       0.831529
           1138           1212         275.48       0.185199      0.0978896
           1139           1812         120.48      0.0623448      0.0978896
           1140           2378         389.62       0.140778      0.0978896
           1141           1353         119.87      0.0813853      0.0978896
           1142           1434         -97.14     -0.0726628      0.0978896
           1143           1484         102.36      0.0645251      0.0978896
           1144           1379         600.41       0.303328      0.0978896
           1145           1916         108.64      0.0536589      0.0978896
           1146           1451          49.29      0.0328536      0.0978896
           1147           1294         171.26        0.11688      0.0978896
           1148           1406         138.74      0.0898145      0.0978896
           1149           1127         140.33       0.110729      0.0978896
           1150           1364         127.56      0.0855212      0.0978896
           1151           1718          51.22      0.0289506      0.0978896
           1152           1534         163.86      0.0965097      0.0978896
           1153           1430          195.7       0.120379      0.0978896
           1154           1416         162.64       0.103025      0.0978896
           1155           1262         118.98      0.0861562      0.0978896
           1156           1196         120.84      0.0917651      0.0978896
           1157           1454         220.66       0.131764      0.0978896
           1158           1495          23.05       0.015184      0.0978896
           1159           1245         178.55       0.125426      0.0978896
           1160           1417          42.43       0.029073      0.0978896
           1161           1083         347.57       0.242959      0.0978896
           1162           1505         100.95        0.06286      0.0978896
           1163           1572         116.88      0.0692056      0.0978896
           1164           1208          62.32      0.0490585      0.0978896
           1165           1618         156.22        0.08805      0.0978896
           1166           1375         211.25       0.133176      0.0978896
           1167           1770         -113.7      -0.068647      0.0978896
           1168           1248         456.92       0.268001      0.0978896
           1169           1288         129.52      0.0913708      0.0978896
           1170           1053         167.87         0.1375      0.0978896
           1171           1653          83.87       0.048288      0.0978896
           1172           1599          59.21      0.0357072      0.0978896
           1173           1181         489.99       0.293233      0.0978896
           1174           1279         213.41       0.142997      0.0978896
           1175           1303          86.37      0.0621649      0.0978896
           1176           1305         189.95       0.127061      0.0978896
           1177           1071          95.09       0.081546      0.0978896
           1178            329        1338.91       0.802747       0.831529
           1179           1108         339.32       0.234447      0.0978896
           1180            507        1181.53       0.699739       0.831529
           1181           1180          399.2       0.252786      0.0978896
           1182           1365         176.35       0.114413      0.0978896
           1183           1407         111.53       0.073446      0.0978896
           1184           1116          71.64      0.0603213      0.0978896
           1185           1390           62.1      0.0427656      0.0978896
           1186           1207          82.53      0.0640001      0.0978896
           1187           1267          22.93      0.0177762      0.0978896
           1188           1311         -38.31     -0.0301016      0.0978896
           1189           1368         -38.28      -0.028788      0.0978896
           1190           1425         -40.25     -0.0290666      0.0978896
           1191            456        1143.24       0.714865       0.831529
           1192            125        1120.75       0.899659       0.831529
           1193            157        1032.03        0.86796       0.831529
           1194            103        1047.37       0.910464       0.831529
           1195            165         963.35       0.853769       0.831529
           1196            488         882.52       0.643931       0.831529
           1197            944         260.76       0.216441      0.0978896
           1198           1092         148.68       0.119838      0.0978896
           1199           1134         152.86       0.118785      0.0978896
           1200           1988          97.52      0.0467605      0.0978896
           1201           1186         166.94       0.123391      0.0978896
           1202            804         844.16       0.512183       0.831529
           1203            187        1201.73       0.865345       0.831529
           1204            205        1363.95       0.869339       0.831529
           1205            148        1008.92       0.872074       0.831529
           1206             95        1144.05       0.923328       0.831529
           1207            663         689.77       0.509895       0.831529
           1208            542         823.18       0.602983       0.831529
           1209           1555         407.45       0.207623      0.0978896
           1210           1208         116.32      0.0878338      0.0978896
           1211           1356         -52.76     -0.0404837      0.0978896
           1212            996         403.84        0.28849      0.0978896
           1213            544         991.76       0.645778       0.831529
           1214           1327         235.33       0.150628      0.0978896
           1215           1437         163.23       0.102004      0.0978896
           1216           1255         382.45       0.233564      0.0978896
           1217           1441         108.39      0.0699566      0.0978896
           1218           1203         174.37       0.126596      0.0978896
           1219           1449          49.71      0.0331685      0.0978896
           1220           1528          25.12      0.0161739      0.0978896
           1221           1215         305.85       0.201105      0.0978896
           1222           1159          57.61      0.0473529      0.0978896
           1223           1093         199.47       0.154332      0.0978896
           1224           1090          137.1       0.111727      0.0978896
           1225           1120          111.8      0.0907615      0.0978896
           1226           1247          13.13      0.0104196      0.0978896
           1227            506         908.74       0.642337       0.831529
           1228            296        1393.84       0.824835       0.831529
           1229           1124         580.96       0.340747      0.0978896
           1230           1211          11.69     0.00956089      0.0978896
           1231           1686          54.94      0.0315577      0.0978896
           1232           1338         152.02       0.102025      0.0978896
           1233           1372           9.88     0.00714968      0.0978896
           1234           1289         117.31      0.0834169      0.0978896
           1235           1197         202.63       0.144774      0.0978896
           1236           1274          93.46      0.0683457      0.0978896
           1237           1414          56.06      0.0381345      0.0978896
           1238           1591         122.89      0.0717024      0.0978896
