              0         1580.3        307.396       0.162842       0.110254
              1         1661.3        407.143       0.196836       0.110254
              2         1046.3        251.138       0.193565       0.110254
              3         1586.3        210.118       0.116965       0.110254
              4         1914.3        108.254      0.0535235       0.110254
              5         1941.3        104.503      0.0510817       0.110254
              6         1375.3        149.061       0.097786       0.110254
              7         1871.3        295.413       0.136342       0.110254
              8         2013.3        131.167      0.0611654       0.110254
              9         1862.3         159.33      0.0788127       0.110254
             10         1858.3        344.182        0.15627       0.110254
             11         1874.3        158.774      0.0780956       0.110254
             12         1699.3        167.049      0.0895058       0.110254
             13         1251.3        127.473       0.092454       0.110254
             14           96.3        180.488        0.65208       0.919415
             15          994.3        114.214       0.103034       0.110254
             16         1881.3        101.283      0.0510864       0.110254
             17         1917.3        124.615      0.0610285       0.110254
             18         1550.3        177.786        0.10288       0.110254
             19         1147.3        375.625       0.246647       0.110254
             20         1866.3        75.4781      0.0388706       0.110254
             21          651.3        380.273       0.368634       0.110254
             22         1029.3        292.759       0.221442       0.110254
             23         1642.3        99.1901       0.056957       0.110254
             24         1884.3        125.644      0.0625112       0.110254
             25          412.3         269.18       0.394993       0.110254
             26         1698.3        340.262       0.166913       0.110254
             27         1986.3        112.918      0.0537906       0.110254
             28         1650.3        230.486       0.122548       0.110254
             29         1182.3         195.17       0.141687       0.110254
             30         1590.3        238.266       0.130302       0.110254
             31         1880.3        156.496      0.0768344       0.110254
             32         1677.3        205.735       0.109257       0.110254
             33         1889.3        238.579       0.112121       0.110254
             34         1657.3        291.995       0.149795       0.110254
             35         1843.3        207.377       0.101126       0.110254
             36         1694.3        377.114       0.182056       0.110254
             37         1779.3        88.0091      0.0471315       0.110254
             38         1298.3        253.462       0.163338       0.110254
             39         1710.3        415.706       0.195534       0.110254
             40         1752.3         204.76       0.104626       0.110254
             41         1755.3        49.1211      0.0272226       0.110254
             42         1684.3        209.244       0.110504       0.110254
             43          997.3        20.5751      0.0202138       0.110254
             44         1801.3        63.3231      0.0339603       0.110254
             45         2070.3        415.026       0.166991       0.110254
             46         1847.3        24.5251      0.0131022       0.110254
             47         1627.3        89.3851      0.0520684       0.110254
             48         1777.3        186.435       0.094939       0.110254
             49         1563.3        185.017       0.105826       0.110254
             50         1680.3        357.096       0.175271       0.110254
             51         1744.3        119.464      0.0640983       0.110254
             52         1708.3        248.132       0.126829       0.110254
             53         1787.3        135.305      0.0703759       0.110254
             54         1566.3        170.378      0.0981057       0.110254
             55         1145.3        100.051      0.0803397       0.110254
             56         1287.3        298.805       0.188389       0.110254
             57         1465.3        181.891       0.110425       0.110254
             58         1436.3        243.068       0.144738       0.110254
             59          702.3         175.41        0.19985       0.110254
             60         1185.3        409.531       0.256787       0.110254
             61         1023.3        1044.04       0.505015       0.110254
             62          140.3        1963.12       0.933299       0.919415
             63          107.3        2193.15       0.953357       0.919415
             64          293.3        1719.53       0.854285       0.919415
             65          133.3        2028.61       0.938341       0.919415
             66          222.3        2044.65       0.901939       0.919415
             67           79.3        1789.11       0.957557       0.919415
             68          114.3        1938.65       0.944324       0.919415
             69          244.3        1978.96       0.890117       0.919415
             70          228.3        1881.37       0.891784       0.919415
             71          985.3        1310.13       0.570756       0.919415
             72         1618.3        113.302      0.0654319       0.110254
             73          367.3        263.765       0.417968       0.110254
             74         1555.3        227.721       0.127716       0.110254
             75         1799.3        97.7491      0.0515269       0.110254
             76         1876.3        234.348       0.111031       0.110254
             77          191.3        1318.25       0.873274       0.919415
             78          226.3         1633.8        0.87834       0.919415
             79           52.3        1868.86       0.972777       0.919415
             80          224.3        1905.22       0.894671       0.919415
             81          120.3        2045.38       0.944452       0.919415
             82          235.3        1824.88       0.885787       0.919415
             83          177.3        2298.24       0.928379       0.919415
             84          126.3         1881.1       0.937083       0.919415
             85          219.3        2126.29       0.906505       0.919415
             86          246.3        2232.54       0.900639       0.919415
             87          142.3        1648.69       0.920547       0.919415
             88          170.3        2074.73       0.924143       0.919415
             89          159.3        1996.07       0.926092       0.919415
             90          189.3        2145.68       0.918929       0.919415
             91          243.3        1817.18       0.881921       0.919415
             92          183.3        2042.96       0.917664       0.919415
             93          134.3        2228.39       0.943158       0.919415
             94          114.3        2091.65       0.948186       0.919415
             95          124.3        1838.52       0.936673       0.919415
             96          263.3        1787.92       0.871637       0.919415
             97         1150.3        891.986       0.436759       0.110254
             98         1865.3        118.691      0.0598244       0.110254
             99         1868.3        72.0521      0.0371335       0.110254
            100         1448.3        295.512       0.169463       0.110254
            101         1573.3        144.887      0.0843256       0.110254
            102         1168.3        143.152       0.109155       0.110254
            103           57.3        204.795       0.781377       0.919415
            104         1636.3        192.468       0.105245       0.110254
            105         1436.3        138.068      0.0876975       0.110254
            106         1994.3        296.214       0.129322       0.110254
            107         2003.3        92.2971      0.0440433       0.110254
            108         1726.3        315.298       0.154437       0.110254
            109          542.3        1305.49       0.706514       0.919415
            110         1905.3        163.171      0.0788849       0.110254
            111         2057.3        166.795      0.0749946       0.110254
            112         1487.3        144.205      0.0883878       0.110254
            113         1821.3        159.063      0.0803202       0.110254
            114         1570.3        88.5261      0.0533667       0.110254
            115         1841.3        89.8031      0.0465035       0.110254
            116         1425.3        74.4111       0.049617       0.110254
            117         1464.3        379.104       0.205654       0.110254
            118         1382.3         213.57       0.133827       0.110254
            119         1154.3        204.134       0.150272       0.110254
            120         1727.3        155.085      0.0823876       0.110254
            121         1551.3        153.573      0.0900789       0.110254
            122         1502.3        68.0101        0.04331       0.110254
            123         1642.3         260.19       0.136763       0.110254
            124         1962.3         125.03      0.0598995       0.110254
            125         2025.3        189.611      0.0856066       0.110254
            126         1242.3         179.39       0.126181       0.110254
            127         1943.3        222.077       0.102558       0.110254
            128          914.3        38.2541      0.0401595       0.110254
            129         1878.3        185.922      0.0900688       0.110254
            130         2045.3        227.351       0.100038       0.110254
            131         1409.3        170.819       0.108105       0.110254
            132         1332.3         138.22       0.093994       0.110254
            133         1772.3          228.5       0.114204       0.110254
            134         1804.3        107.684      0.0563206       0.110254
            135         1946.3        173.438      0.0818205       0.110254
            136         1650.3        192.486       0.104454       0.110254
            137         1330.3        98.6461      0.0690342       0.110254
            138         1969.3       -30.4609     -0.0157109       0.110254
            139         1911.3        133.893      0.0654672       0.110254
            140         1756.3        267.908       0.132352       0.110254
            141         1603.3        72.4971      0.0432613       0.110254
            142         1219.3        635.289        0.34255       0.110254
            143          121.3        1849.16       0.938441       0.919415
            144          216.3        1902.93       0.897935       0.919415
            145           59.3        2146.37       0.973115       0.919415
            146          125.3        1924.31       0.938866       0.919415
            147          187.3        2466.11       0.929411       0.919415
            148           99.3        1706.85       0.945021       0.919415
            149          162.3        2281.43       0.933585       0.919415
            150          124.3        979.524       0.887391       0.919415
            151          112.3        2378.08       0.954906       0.919415
            152          155.3        2156.92       0.932835       0.919415
            153          115.3        2124.44       0.948521       0.919415
            154            4.3        1995.08       0.997849       0.919415
            155           93.3        2231.13       0.959861       0.919415
            156           83.3        1941.26       0.958855       0.919415
            157          116.3        1795.23       0.939159       0.919415
            158          268.3        1656.85       0.860634       0.919415
            159          150.3        2098.99       0.933179       0.919415
            160          193.3        2282.83       0.921935       0.919415
            161          174.3        2171.87       0.925709       0.919415
            162          119.3        2192.59       0.948397       0.919415
            163          143.3        2049.48       0.934649       0.919415
            164          501.3        1316.22       0.724185       0.919415
            165         1981.3        172.983      0.0802973       0.110254
            166         1802.3         195.11      0.0976815       0.110254
            167         1164.3        294.004       0.201607       0.110254
            168         2056.3        192.008      0.0854012       0.110254
            169         1587.3        117.905      0.0691442       0.110254
            170          599.3        271.349       0.311663       0.110254
            171          598.3        307.562       0.339524       0.110254
            172         1332.3         154.22       0.103746       0.110254
            173         1799.3        264.749       0.128267       0.110254
            174         1561.3        199.443       0.113272       0.110254
            175         1368.3        170.552       0.110831       0.110254
            176         1511.3        133.093      0.0809375       0.110254
            177         1202.3         164.91       0.120618       0.110254
            178         1704.3        168.984      0.0902074       0.110254
            179         1946.3        182.438      0.0857025       0.110254
            180         1442.3         216.79       0.130668       0.110254
            181         1854.3        150.034      0.0748548       0.110254
            182         1838.3        202.442      0.0992002       0.110254
            183         1555.3        329.721       0.174916       0.110254
            184         1871.3        203.413       0.098044       0.110254
            185         1847.3        42.5251      0.0225021       0.110254
            186         2002.3        78.5101      0.0377305       0.110254
            187         1717.3        320.215        0.15716       0.110254
            188         1914.3        247.254       0.114387       0.110254
            189         1610.3        124.006      0.0715019       0.110254
            190         1489.3        96.7791      0.0610178       0.110254
            191         1892.3         166.94      0.0810688       0.110254
            192         1660.3        287.356       0.147539       0.110254
            193         1959.3        229.669       0.104921       0.110254
            194         1793.3        304.027       0.144959       0.110254
            195         2077.3        113.535      0.0518228       0.110254
            196         1951.3        144.373       0.068891       0.110254
            197         1686.3        198.818       0.105467       0.110254
            198         1583.3        83.7571      0.0502425       0.110254
            199         1627.3        292.385       0.152309       0.110254
            200         1866.3       -12.5219     -0.0067548       0.110254
            201         1919.3        195.189      0.0923103       0.110254
            202         1842.3         422.59       0.186583       0.110254
            203         1147.3        310.625        0.21306       0.110254
            204         1017.3        139.315       0.120451       0.110254
            205          844.3        241.164       0.222176       0.110254
            206         1505.3        146.371        0.08862       0.110254
            207         1803.3        113.897      0.0594081       0.110254
            208         1368.3       -32.4479       -0.02429       0.110254
            209         1885.3        137.431      0.0679433       0.110254
            210         1859.3        234.969       0.112196       0.110254
            211         1283.3        221.657       0.147285       0.110254
            212         1510.3        80.3061      0.0504877       0.110254
            213         2135.3        386.181       0.153156       0.110254
            214         2147.3        198.625      0.0846681       0.110254
            215         1572.3          151.1      0.0876756       0.110254
            216         1652.3        44.0601      0.0259733       0.110254
            217         1423.3        191.837       0.118774       0.110254
            218          241.3         1768.6       0.879944       0.919415
            219          198.3        1584.76       0.888787       0.919415
            220          163.3        1859.22       0.919259       0.919415
            221          730.3        1633.45       0.691041       0.919415
            222         1362.3         252.83       0.156539       0.110254
            223         2038.3        215.842      0.0957535       0.110254
            224          754.3        601.334       0.443581       0.110254
            225          293.3        1621.53       0.846827       0.919415
            226         1601.3        228.923       0.125079       0.110254
            227         1861.3        332.543        0.15158       0.110254
            228         1574.3        203.674       0.114554       0.110254
            229          259.3        97.7691        0.27381       0.110254
            230          614.3        71.1541       0.103806       0.110254
            231         1647.3        232.125       0.123509       0.110254
            232         1788.3        164.092      0.0840467       0.110254
            233         1722.3         9.1501     0.00528465       0.110254
            234         1123.3        149.737       0.117622       0.110254
            235         1819.3        137.489      0.0702626       0.110254
            236         1719.3        192.789       0.100826       0.110254
            237         1351.3        308.173       0.185705       0.110254
            238         1414.3        72.7541       0.048925       0.110254
            239         1910.3        151.106      0.0733024       0.110254
            240         2008.3        172.232      0.0789863       0.110254
            241         1767.3        209.565       0.106009       0.110254
            242         1860.3        110.756      0.0561912       0.110254
            243         1477.3        272.335       0.155653       0.110254
            244         1229.3        296.159       0.194144       0.110254
            245         1833.3        176.507      0.0878229       0.110254
            246         1950.3        208.586      0.0966175       0.110254
            247         1525.3        259.111       0.145208       0.110254
            248          863.3        177.117       0.170237       0.110254
            249          916.3        185.828       0.168608       0.110254
            250         1487.3        129.205      0.0799287       0.110254
            251         1870.3        107.626      0.0544136       0.110254
            252         1618.3        121.302      0.0697298       0.110254
            253         1741.3       -30.8969     -0.0180641       0.110254
            254         1672.3          276.8       0.142014       0.110254
            255         1842.3        76.5901      0.0399138       0.110254
            256         1693.3        51.3271      0.0294201       0.110254
            257         1689.3        117.179       0.064866       0.110254
            258         1447.3        82.7251      0.0540678       0.110254
            259         1615.3        238.941       0.128862       0.110254
            260         1679.3        291.309       0.147827       0.110254
            261         1902.3         168.81      0.0815071       0.110254
            262         1877.3        133.135       0.066222       0.110254
            263         1755.3        235.121       0.118126       0.110254
            264         1636.3        21.4681        0.01295       0.110254
            265         1824.3        232.424       0.113007       0.110254
            266         1547.3        203.425       0.116195       0.110254
            267         1453.3        259.447        0.15148       0.110254
            268         1748.3        135.612      0.0719843       0.110254
            269         1960.3        163.456      0.0769656       0.110254
            270         1741.3        269.103       0.133855       0.110254
            271         2017.3        28.3151      0.0138419       0.110254
            272          852.3         192.46       0.184215       0.110254
            273         2165.3        145.791      0.0630832       0.110254
            274         1908.3        224.532       0.105274       0.110254
            275         1692.3         163.54      0.0881219       0.110254
            276         1490.3        254.566       0.145894       0.110254
            277          749.3        257.399       0.255686       0.110254
            278          246.3        243.538       0.497181       0.110254
            279         1776.3        173.648      0.0890527       0.110254
            280         2020.3        219.676      0.0980707       0.110254
            281         2008.3        364.232        0.15352       0.110254
            282         2099.3        221.849      0.0955773       0.110254
            283         1432.3        87.9201      0.0578338       0.110254
            284         1451.3        164.873       0.102015       0.110254
            285         1552.3        15.3601     0.00979811       0.110254
            286         1381.3        136.783      0.0901025       0.110254
            287         1679.3        148.309      0.0811492       0.110254
            288         1550.3        222.786       0.125649       0.110254
            289          992.3         167.64       0.144525       0.110254
            290         1427.3        288.985       0.168378       0.110254
            291         1428.3        79.7721      0.0528967       0.110254
            292         1557.3        181.295       0.104277       0.110254
            293         1874.3        279.774       0.129881       0.110254
            294         1815.3        244.341       0.118633       0.110254
            295         1504.3        157.584      0.0948226       0.110254
            296         1883.3        17.8571     0.00939275       0.110254
            297         1542.3        85.4901      0.0525191       0.110254
            298         2200.3        -3.6639    -0.00166796       0.110254
            299         1380.3        179.996        0.11536       0.110254
            300         2167.3        48.3651      0.0218287       0.110254
            301         1978.3        160.622      0.0750949       0.110254
            302          171.3        1918.51       0.918031       0.919415
            303          152.3        2044.56       0.930674       0.919415
            304          140.3        1960.12       0.933204       0.919415
            305          111.3        2205.29       0.951955       0.919415
            306          194.3        2267.61       0.921078       0.919415
            307          101.3        2166.42        0.95533       0.919415
            308           51.3        1966.07       0.974571       0.919415
            309          226.3         1941.8       0.895623       0.919415
            310          201.3        1593.12       0.887819       0.919415
            311           92.3        1940.34       0.954591       0.919415
            312          136.3        2010.97       0.936524       0.919415
            313           54.3        1768.43        0.97021       0.919415
            314          197.3        1778.98       0.900166       0.919415
            315          186.3        2022.32       0.915649       0.919415
            316          105.3        2423.57       0.958361       0.919415
            317          273.3        1768.79       0.866166       0.919415
            318          110.3        2169.51       0.951619       0.919415
            319          222.3        1861.65       0.893328       0.919415
            320          140.3        1713.12       0.924302       0.919415
            321           94.3        2205.91       0.959004       0.919415
            322           29.3        1996.76       0.985538       0.919415
            323          170.3        1989.73       0.921158       0.919415
            324          872.3         1323.2       0.602687       0.919415
            325         1929.3        335.059       0.147971       0.110254
            326         1483.3        192.057       0.114637       0.110254
            327         1124.3        12.5241      0.0110167       0.110254
            328          221.3        106.863        0.32564       0.110254
            329         1645.3        209.551       0.112975       0.110254
            330         1669.3        303.439       0.153816       0.110254
            331         1724.3        173.724      0.0915289       0.110254
            332         1771.3        242.713       0.120512       0.110254
            333         1493.3        32.9271      0.0215742       0.110254
            334         1762.3       -28.3699     -0.0163616       0.110254
            335         1588.3        332.692       0.173188       0.110254
            336         1996.3        100.788       0.048061       0.110254
            337         2034.3        269.694       0.117055       0.110254
            338         1887.3        184.005      0.0888353       0.110254
            339         1626.3        37.5981      0.0225964       0.110254
            340         1565.3        153.591      0.0893548       0.110254
            341         1838.3        213.442        0.10403       0.110254
            342         1832.3         284.72       0.134491       0.110254
            343          683.3        134.457       0.164422       0.110254
            344          846.3        217.738       0.204634       0.110254
            345          277.3        183.935       0.398788       0.110254
            346         1468.3        144.252      0.0894558       0.110254
            347         1596.3        102.988      0.0606066       0.110254
            348         2007.3        122.445      0.0574928       0.110254
            349         1455.3        188.021       0.114415       0.110254
            350         1755.3        72.1211      0.0394661       0.110254
            351         1912.3        29.6801      0.0152834       0.110254
            352         1545.3        177.851       0.103213       0.110254
            353         1773.3        189.287      0.0964477       0.110254
            354         1521.3        132.963       0.080376       0.110254
            355         1863.3        95.1171      0.0485684       0.110254
            356         1946.3        135.438      0.0650601       0.110254
            357         1717.3        247.215        0.12584       0.110254
            358         1335.3        126.581      0.0865878       0.110254
            359          185.3        180.531       0.493482       0.110254
            360         1864.3        250.904       0.118619       0.110254
            361         2027.3        101.185      0.0475386       0.110254
            362         1465.3        344.891       0.190527       0.110254
            363         2076.3        76.7481      0.0356463       0.110254
            364         2019.3       -92.1109     -0.0477955       0.110254
            365         1915.3        61.0411      0.0308859       0.110254
            366         1747.3        291.825       0.143113       0.110254
            367         2082.3         146.47      0.0657179       0.110254
            368         1381.3        190.783       0.121357       0.110254
            369         1276.3        53.1481      0.0399776       0.110254
            370         1488.3        257.992       0.147737       0.110254
            371         1758.3       -24.5179     -0.0141413       0.110254
            372         1788.3        118.092      0.0619453       0.110254
            373         1461.3        161.743      0.0996542       0.110254
            374          517.3        137.815       0.210368       0.110254
            375         1923.3        95.3371      0.0472284       0.110254
            376         1786.3       -67.4819     -0.0392606       0.110254
            377         1249.3        164.899       0.116602       0.110254
            378         1732.3        73.0201      0.0404472       0.110254
            379         1864.3        93.9041      0.0479542       0.110254
            380         1567.3        44.1651      0.0274068       0.110254
            381         1871.3        138.413      0.0688721       0.110254
            382         1705.3        228.771       0.118285       0.110254
            383         1846.3        162.738       0.081003       0.110254
            384         1462.3        47.5301      0.0314804       0.110254
            385         1633.3       -20.8929     -0.0129576       0.110254
            386         1416.3        287.328       0.168657       0.110254
            387         1430.3        125.346      0.0805749       0.110254
            388         1736.3        243.168       0.122845       0.110254
            389         1732.3        38.0201      0.0214764       0.110254
            390         1766.3        103.778       0.055494       0.110254
            391         1711.3        60.4931      0.0341423       0.110254
            392         1937.3       -26.6449     -0.0139454       0.110254
            393         1768.3        170.352      0.0878714       0.110254
            394         1998.3        148.362      0.0691129       0.110254
            395         1697.3       -73.5249     -0.0452802       0.110254
            396         1636.3        177.468       0.097845       0.110254
            397         1902.3         178.81      0.0859205       0.110254
            398         1648.3        152.912       0.084894       0.110254
            399         1573.3        163.887      0.0943405       0.110254
            400         1954.3        163.734      0.0773048       0.110254
            401         1646.3        240.338        0.12739       0.110254
            402         1727.3        47.0851       0.026536       0.110254
            403         1990.3       -24.9339     -0.0126866       0.110254
            404         1842.3        79.5901      0.0414124       0.110254
            405         1694.3        92.1141      0.0515637       0.110254
            406         1871.3        178.413       0.087043       0.110254
            407         1808.3         2.8321     0.00156372       0.110254
            408         1804.3        95.6841      0.0503605       0.110254
            409         1675.3        200.161       0.106726       0.110254
            410         1790.3        131.666      0.0685059       0.110254
            411         1750.3        33.1861      0.0186074       0.110254
            412         1777.3        68.4351      0.0370774       0.110254
            413         1887.3        144.005      0.0708929       0.110254
            414         1727.3        294.085       0.145487       0.110254
            415         1697.3        42.4751      0.0244141       0.110254
            416         2015.3        32.7411      0.0159865       0.110254
            417         1991.3        78.8531      0.0380905       0.110254
            418         1829.3        228.359        0.11098       0.110254
            419         1239.3        770.029       0.383227       0.110254
            420          120.3        1930.38       0.941336       0.919415
            421          192.3        2039.04       0.913819       0.919415
            422           93.3        1735.13       0.948973       0.919415
            423          124.3        1909.52       0.938884       0.919415
            424          194.3        1800.61       0.902602       0.919415
            425          153.3        1838.35       0.923029       0.919415
            426          606.3        1699.86       0.737095       0.919415
            427         1765.3        374.991       0.175206       0.110254
            428         1730.3        252.446       0.127321       0.110254
            429         1801.3        161.323      0.0821977       0.110254
            430         1660.3        166.356      0.0910714       0.110254
            431         1857.3        179.395      0.0880815       0.110254
            432         1877.3        203.135      0.0976407       0.110254
            433         1941.3        124.503      0.0602686       0.110254
            434         1731.3        303.233       0.149043       0.110254
            435         1666.3        212.078       0.112905       0.110254
            436         2169.3        127.939      0.0556925       0.110254
            437         1330.3        110.646      0.0767871       0.110254
            438          632.3        46.3201      0.0682563       0.110254
            439         1949.3        223.799       0.102986       0.110254
            440         2219.3        188.289      0.0782065       0.110254
            441         1983.3        169.557      0.0787591       0.110254
            442         1481.3        159.483      0.0971994       0.110254
            443         1652.3         169.06      0.0928208       0.110254
            444          896.3        63.0881      0.0657587       0.110254
            445          308.3        30.3321      0.0895724       0.110254
            446         1671.3        270.013       0.139088       0.110254
            447         1817.3        60.9151      0.0324324       0.110254
            448         1551.3        197.573       0.112972       0.110254
            449           72.3          181.6       0.715242       0.919415
            450         1941.3        39.5031       0.019943       0.110254
            451         1525.3        285.111       0.157484       0.110254
            452         1930.3        225.846       0.104745       0.110254
            453         1449.3        24.2991      0.0164896       0.110254
            454          132.3         132.82       0.500981       0.110254
            455           80.3        160.896       0.667076       0.919415
            456         1910.3        98.1061      0.0488477       0.110254
            457         1848.3        40.3121      0.0213448       0.110254
            458         1529.3        171.259       0.100708       0.110254
            459         1898.3        147.662      0.0721725       0.110254
            460         1671.3        26.0131       0.015326       0.110254
            461         1724.3        173.724      0.0915289       0.110254
            462         2029.3        142.759      0.0657252       0.110254
            463         1887.3        143.005      0.0704353       0.110254
            464         1634.3        184.894       0.101635       0.110254
            465         1913.3        76.4671      0.0384302       0.110254
            466         2032.3         153.12      0.0700644       0.110254
            467         1797.3        95.1751      0.0502913       0.110254
            468         1968.3        78.7521       0.038471       0.110254
            469         2226.3        158.798      0.0665793       0.110254
            470         2117.3        99.0151      0.0446756       0.110254
            471         1765.3        166.991      0.0864213       0.110254
            472         1368.3        152.552       0.100307       0.110254
            473         1153.3        204.347       0.150516       0.110254
            474         1151.3        351.773       0.234036       0.110254
            475          564.3        26.8041      0.0453458       0.110254
            476         1692.3         158.54      0.0856585       0.110254
            477         1534.3        230.194       0.130459       0.110254
            478         1820.3        234.276       0.114026       0.110254
            479          979.3        418.409       0.299353       0.110254
            480         1830.3        106.146      0.0548149       0.110254
            481         1822.3         0.8501    0.000466281       0.110254
            482         1791.3        78.4531      0.0419591       0.110254
            483         1787.3        381.305        0.17583       0.110254
            484          840.3        119.016       0.124063       0.110254
            485         1454.3        145.234      0.0907978       0.110254
            486         1864.3        218.904        0.10508       0.110254
            487         1941.3        255.503       0.116307       0.110254
            488         1214.3        233.354       0.161195       0.110254
            489         1963.3        270.817       0.121219       0.110254
            490         1710.3        171.706      0.0912357       0.110254
            491         1798.3        398.962       0.181572       0.110254
            492         1779.3        160.009      0.0825083       0.110254
            493          871.3        108.413       0.110658       0.110254
            494         1389.3        24.0791      0.0170365       0.110254
            495         1642.3         219.19        0.11775       0.110254
            496         1406.3        206.458       0.128016       0.110254
            497         1143.3        170.477       0.129761       0.110254
            498         1803.3        402.897       0.182621       0.110254
            499         1449.3        158.299      0.0984693       0.110254
            500         1256.3        225.408       0.152127       0.110254
            501         1722.3         235.15       0.120131       0.110254
            502         1729.3        124.659      0.0672394       0.110254
            503         1890.3        182.366      0.0879862       0.110254
            504         1812.3        96.9801      0.0507941       0.110254
            505         1829.3        250.359       0.120385       0.110254
            506         1630.3        324.746       0.166107       0.110254
            507          622.3         174.45       0.218952       0.110254
            508         1053.3        77.6471      0.0686567       0.110254
            509         1940.3        91.7161      0.0451355       0.110254
            510         1005.3        332.871       0.248751       0.110254
            511         1935.3         7.7811     0.00400452       0.110254
            512         2054.3        230.434       0.100858       0.110254
            513         1949.3        56.7991      0.0283132       0.110254
            514         1751.3        131.973      0.0700765       0.110254
            515         2017.3        166.315       0.076165       0.110254
            516         1631.3        113.533      0.0650682       0.110254
            517         1761.3        164.843       0.085582       0.110254
            518         1105.3        92.5711      0.0772797       0.110254
            519         1894.3        246.514        0.11515       0.110254
            520         1676.3        83.9481      0.0476911       0.110254
            521         1680.3        251.096       0.130008       0.110254
            522         1395.3        313.801       0.183606       0.110254
            523         1115.3        271.441        0.19574       0.110254
            524         1182.3         270.17       0.186007       0.110254
            525         1467.3        234.465       0.137778       0.110254
            526         1744.3        126.464      0.0676002       0.110254
            527         1825.3        26.2111      0.0141566       0.110254
            528         1678.3        23.5221      0.0138217       0.110254
            529         1887.3        165.005      0.0803999       0.110254
            530         1805.3        280.471       0.134469       0.110254
            531         1747.3        195.825       0.100778       0.110254
            532         1660.3        87.3561      0.0499847       0.110254
            533         1676.3        78.9481      0.0449783       0.110254
            534         1843.3        194.377      0.0953915       0.110254
            535         1785.3        280.731       0.135879       0.110254
            536         1557.3        180.295       0.103761       0.110254
            537          292.3         183.74       0.385976       0.110254
            538         1455.3        103.021      0.0661103       0.110254
            539         1655.3        155.421      0.0858338       0.110254
            540         1405.3        139.671      0.0904037       0.110254
            541         1818.3        199.702      0.0989603       0.110254
            542         1651.3        241.273       0.127484       0.110254
            543         1734.3        156.594      0.0828148       0.110254
            544         1261.3        995.343       0.441072       0.110254
            545          170.3        2090.73        0.92468       0.919415
            546          147.3        1794.63       0.924147       0.919415
            547          184.3        2021.74       0.916457       0.919415
            548          275.3        2047.36       0.881472       0.919415
            549          113.3        2198.87       0.950998       0.919415
            550          140.3        2164.12       0.939117       0.919415
            551          189.3        1842.68        0.90684       0.919415
            552          519.3        200.389       0.278438       0.110254
            553         1574.3        172.674      0.0988418       0.110254
            554         1720.3        343.576       0.166471       0.110254
            555         2099.3        171.849      0.0756661       0.110254
            556         1981.3        176.983      0.0820018       0.110254
            557         1291.3        139.953      0.0977836       0.110254
            558         1421.3         5.2631     0.00368936       0.110254
            559         1728.3        115.872      0.0628315       0.110254
            560         1695.3        194.901       0.103111       0.110254
            561          192.3        2052.04       0.914318       0.919415
            562          169.3        2008.94       0.922277       0.919415
            563          149.3         1558.2       0.912562       0.919415
            564         1052.3        1008.86       0.489462       0.110254
            565         1351.3        216.173       0.137912       0.110254
            566         2078.3        221.322      0.0962428       0.110254
            567         1927.3        86.4851      0.0429465       0.110254
            568         1568.3        210.952       0.118562       0.110254
            569         1155.3        178.921       0.134102       0.110254
            570         1767.3        414.565       0.190005       0.110254
            571         1490.3        165.566      0.0999876       0.110254
            572         1824.3        299.424        0.14099       0.110254
            573         1761.3        96.8431      0.0521182       0.110254
            574          814.3        128.554       0.136346       0.110254
            575         1492.3         166.14       0.100179       0.110254
            576         1572.3          249.1       0.136763       0.110254
            577         1054.3        887.434       0.457032       0.110254
            578         1490.3        596.566       0.285867       0.110254
            579          176.3        1858.45       0.913355       0.919415
            580          160.3        1853.86       0.920413       0.919415
            581          141.3         1965.9       0.932944       0.919415
            582          134.3        1923.39       0.934733       0.919415
            583          150.3        1813.99       0.923484       0.919415
            584          180.3         2063.6       0.919649       0.919415
            585           96.3        1710.49       0.946701       0.919415
            586           -6.7        1866.43         1.0036       0.919415
            587          107.3        1923.15       0.947154       0.919415
            588           37.3        1981.06        0.98152       0.919415
            589          178.3        1822.02       0.910864       0.919415
            590          500.3        1472.44       0.746393       0.919415
            591         1836.3        121.868      0.0622358       0.110254
            592         1858.3        173.182      0.0852491       0.110254
            593         1790.3        130.666       0.068021       0.110254
            594         1678.3        41.5221      0.0241433       0.110254
            595         1163.3        200.217       0.146839       0.110254
            596         1758.3        18.4821       0.010402       0.110254
            597         1811.3        109.193      0.0568568       0.110254
            598         1376.3        110.848      0.0745374       0.110254
            599         1469.3        153.039      0.0943324       0.110254
            600          670.3        1283.23       0.656877       0.919415
            601         2034.3        99.6941      0.0467171       0.110254
            602         1774.3        164.074      0.0846452       0.110254
            603         1941.3        154.503      0.0737202       0.110254
            604         1797.3        67.1751       0.036029       0.110254
            605         1560.3        138.656      0.0816125       0.110254
            606         1049.3         1125.5       0.517519       0.919415
            607          126.3         1902.1       0.937734       0.919415
            608           90.3        2281.77       0.961932       0.919415
            609          207.3        1583.85       0.884264       0.919415
            610          113.3        1609.87       0.934249       0.919415
            611          130.3        1899.25       0.935798       0.919415
            612          135.3        2030.18        0.93752       0.919415
            613          195.3         2121.4       0.915699       0.919415
            614          137.3        1861.76       0.931318       0.919415
            615          104.3        1786.78       0.944846       0.919415
            616          223.3        1998.44       0.899493       0.919415
            617          129.3        1464.46       0.918871       0.919415
            618           97.3        2117.28       0.956064       0.919415
            619           77.3        1737.54       0.957407       0.919415
            620         1317.3        454.415       0.256483       0.110254
            621         1778.3        153.222      0.0793271       0.110254
            622         1943.3        12.0771     0.00617635       0.110254
            623          181.3        1655.38       0.901289       0.919415
            624          152.3        1613.56       0.913753       0.919415
            625          773.3        983.287       0.559771       0.919415
            626         1571.3        122.313      0.0722202       0.110254
            627         1611.3        312.793       0.162567       0.110254
            628          843.3        185.377       0.180209       0.110254
            629         1589.3        231.479       0.127132       0.110254
            630         1533.3        297.407       0.162455       0.110254
            631         1843.3        165.377      0.0823314       0.110254
            632         1848.3        195.312       0.095572       0.110254
            633         1909.3        181.319      0.0867299       0.110254
            634         1641.3        159.403      0.0885227       0.110254
            635         1844.3        95.1641      0.0490672       0.110254
            636         2116.3        299.228       0.123877       0.110254
            637         1937.3        143.355       0.068899       0.110254
            638         1751.3        275.973        0.13613       0.110254
            639         1396.3         9.5881     0.00681996       0.110254
            640         1527.3        215.685       0.123745       0.110254
            641         1637.3        119.255      0.0678915       0.110254
            642         1761.3        239.843       0.119853       0.110254
            643         1803.3        212.897       0.105593       0.110254
            644         2046.3        220.138      0.0971295       0.110254
            645         1749.3        121.399       0.064895       0.110254
            646         1904.3        43.3841      0.0222747       0.110254
            647         1850.3        68.8861      0.0358934       0.110254
            648         1694.3        249.114       0.128184       0.110254
            649         1685.3        144.031      0.0787343       0.110254
            650         1787.3        118.305      0.0620827       0.110254
            651         1665.3        89.2911        0.05089       0.110254
            652         1889.3        295.579       0.135284       0.110254
            653          929.3        321.059       0.256774       0.110254
            654          617.3        86.5151       0.122923       0.110254
            655         1989.3        211.279      0.0960107       0.110254
            656         1808.3        77.8321      0.0412655       0.110254
            657         1968.3        187.752      0.0870814       0.110254
            658         1344.3        128.664      0.0873505       0.110254
            659         1919.3        66.1891      0.0333364       0.110254
            660         1673.3        121.587      0.0677408       0.110254
            661         1374.3        139.274      0.0920167       0.110254
            662         1456.3        204.808       0.123296       0.110254
            663         1335.3        191.581       0.125472       0.110254
            664         1503.3        242.797       0.139051       0.110254
            665          196.3        1660.19       0.894263       0.919415
            666          156.3        1977.71       0.926758       0.919415
            667          218.3         1921.5       0.897981       0.919415
            668          179.3        1942.81       0.915509       0.919415
            669          155.3        1898.92         0.9244       0.919415
            670          101.3        1738.42       0.944937       0.919415
            671           82.3        2029.47       0.961028       0.919415
            672          308.3        1738.33       0.849362       0.919415
            673         1534.3        188.194       0.109257       0.110254
            674         1680.3        232.096       0.121364       0.110254
            675         1805.3        214.471       0.106186       0.110254
            676         1547.3        102.425      0.0620862       0.110254
            677         1233.3        285.307       0.187874       0.110254
            678         1066.3        117.878      0.0995442       0.110254
            679         1009.3        334.019       0.248652       0.110254
            680         1461.3        179.743        0.10953       0.110254
            681         1610.3        317.006       0.164481       0.110254
            682          133.3        1735.61       0.928675       0.919415
            683          108.3        1639.93       0.938052       0.919415
            684          117.3        1904.02       0.941968       0.919415
            685         1234.3        675.094       0.353565       0.110254
            686         1882.3         133.07      0.0660276       0.110254
            687         1217.3        132.715      0.0983064       0.110254
            688         1368.3        221.552       0.139354       0.110254
            689         1539.3        123.129      0.0740658       0.110254
            690         1745.3        226.251       0.114758       0.110254
            691          990.3        83.0661      0.0773884       0.110254
            692         1892.3         144.94      0.0711453       0.110254
            693         1775.3        273.861       0.133645       0.110254
            694         1963.3        297.817       0.131712       0.110254
            695         1258.3        208.982       0.142428       0.110254
            696         1150.3        203.986       0.150623       0.110254
            697         1796.3        149.388      0.0767791       0.110254
            698         1378.3        154.422        0.10075       0.110254
            699         1444.3        126.364      0.0804527       0.110254
            700         1302.3         187.61        0.12592       0.110254
            701          176.3        1941.45       0.916751       0.919415
            702          289.3        993.379       0.774456       0.919415
            703         1051.3        347.073       0.248198       0.110254
            704         1316.3        126.628      0.0877577       0.110254
            705         1577.3        105.035      0.0624341       0.110254
            706         1602.3         290.71        0.15357       0.110254
            707         1920.3        125.976      0.0615636       0.110254
            708         1471.3        337.613       0.186639       0.110254
            709         2102.3         132.21      0.0591674       0.110254
            710         1254.3        306.834       0.196546       0.110254
            711         1782.3         292.37       0.140924       0.110254
            712         1457.3        181.595       0.110803       0.110254
            713          982.3         263.77       0.211682       0.110254
            714         1470.3        215.826       0.128001       0.110254
            715          586.3        125.118       0.175871       0.110254
            716         1493.3        113.927      0.0708843       0.110254
            717         1279.3        252.509       0.164844       0.110254
            718         1230.3        140.946       0.102787       0.110254
            719          413.3        1683.97       0.802934       0.919415
            720           61.3        2252.94       0.973512       0.919415
            721           51.3        1687.07        0.97049       0.919415
            722           82.3        2102.47        0.96233       0.919415
            723          156.3        2072.71       0.929879       0.919415
            724           44.3        1994.56       0.978272       0.919415
            725          128.3        2167.67        0.94412       0.919415
            726           94.3        2061.91       0.956266       0.919415
            727           95.3         1852.7       0.951078       0.919415
            728          115.3        2151.44       0.949134       0.919415
            729          777.3        517.435       0.399646       0.110254
            730          977.3        219.835       0.183634       0.110254
            731         1297.3        178.675       0.121056       0.110254
            732          863.3        272.117       0.239663       0.110254
            733         1565.3        183.591       0.104976       0.110254
            734         1030.3        12.5461      0.0120306       0.110254
            735         1765.3        151.991      0.0792739       0.110254
            736         1767.3        136.565      0.0717304       0.110254
            737          872.3          912.2        0.51118       0.110254
            738          101.3        1802.42       0.946788       0.919415
            739          124.3        1965.52       0.940521       0.919415
            740           79.3        2100.11       0.963614       0.919415
            741          152.3        1859.56       0.924299       0.919415
            742           85.3        1913.83       0.957331       0.919415
            743           36.3        1701.27       0.979109       0.919415
            744          990.3        920.066       0.481618       0.110254
            745         1349.3        328.599        0.19584       0.110254
            746         1483.3         2.0571     0.00138492       0.110254
            747         1390.3        140.866      0.0919992       0.110254
            748         1635.3        422.681       0.205386       0.110254
            749         1417.3        254.115       0.152036       0.110254
            750         1928.3        243.272       0.112026       0.110254
            751         1978.3        58.6221      0.0287797       0.110254
            752          473.3        48.1871      0.0924032       0.110254
            753           56.3        39.0081       0.409284       0.110254
            754           36.3        188.268       0.838356       0.919415
            755         1220.3        151.076       0.110164       0.110254
            756          515.3        152.241       0.228063       0.110254
            757         1101.3        216.423        0.16424       0.110254
            758         2002.3         324.51       0.139466       0.110254
            759          819.3        119.489        0.12728       0.110254
            760         1603.3        199.497        0.11066       0.110254
            761         1898.3        195.662      0.0934411       0.110254
            762         1766.3        211.778       0.107063       0.110254
            763         1259.3        163.769       0.115082       0.110254
            764          836.3        63.8681      0.0709513       0.110254
            765          939.3        214.929        0.18621       0.110254
            766         1050.3        277.286       0.208865       0.110254
            767         1472.3        75.4001      0.0487175       0.110254
            768         1685.3        127.031      0.0700927       0.110254
            769          827.3        146.785        0.15069       0.110254
            770         1802.3         177.11      0.0894762       0.110254
            771         1579.3        100.609      0.0598896       0.110254
            772          626.3         1104.6       0.638165       0.919415
            773          108.3        1670.93       0.939131       0.919415
            774          185.3        1682.53       0.900794       0.919415
            775          108.3        1898.93       0.946045       0.919415
            776           51.3        1966.07       0.974571       0.919415
            777          103.3           1958       0.949886       0.919415
            778            6.3        2003.66       0.996866       0.919415
            779           28.3        1741.97       0.984014       0.919415
            780          142.3        1840.69        0.92824       0.919415
            781          -36.7        1969.82        1.01898       0.919415
            782           34.3        2181.69       0.984522       0.919415
            783           76.3        2031.75       0.963805       0.919415
            784          121.3        1456.16       0.923104       0.919415
            785           88.3        1960.19       0.956895       0.919415
            786           45.3        1895.35       0.976657       0.919415
            787           30.3        2081.55       0.985652       0.919415
            788          177.3        1891.24       0.914287       0.919415
            789           79.3        1388.11       0.945959       0.919415
            790          153.3        2003.35       0.928917       0.919415
            791           94.3        2255.91       0.959876       0.919415
            792          121.3        2075.16       0.944775       0.919415
            793            6.3        2041.66       0.996924       0.919415
            794          118.3         1973.8       0.943454       0.919415
            795          -17.7        2044.77        1.00873       0.919415
            796           87.3        2048.41       0.959124       0.919415
            797          -31.7        2276.75        1.01412       0.919415
            798            1.3        2001.72       0.999351       0.919415
            799           71.3        2025.81       0.966001       0.919415
            800           30.3        1946.55       0.984673       0.919415
            801          107.3        1559.15       0.935611       0.919415
            802          132.3        2072.82       0.940003       0.919415
            803          112.3        1513.08       0.930908       0.919415
            804           45.3        1863.35       0.976266       0.919415
            805           82.3        1792.47       0.956101       0.919415
            806           79.3        2027.11       0.962353       0.919415
            807          117.3        1591.02       0.931336       0.919415
            808           93.3        1563.13       0.943674       0.919415
            809          136.3        1882.97         0.9325       0.919415
            810           75.3        2014.96       0.963976       0.919415
            811          128.3        2124.67       0.943053       0.919415
            812           86.3        1983.62       0.958308       0.919415
            813          203.3         1982.7       0.906999       0.919415
            814          144.3        1582.26       0.916424       0.919415
            815           69.3        1887.24        0.96458       0.919415
            816           90.3        2088.77        0.95856       0.919415
            817          -50.7         2106.8        1.02466       0.919415
            818          149.3         1867.2       0.925961       0.919415
            819          193.3        1990.83       0.911498       0.919415
            820           77.3        2138.54       0.965115       0.919415
            821           42.3        2080.99       0.980078       0.919415
            822          105.3        2278.57       0.955828       0.919415
            823           94.3        2135.91       0.957717       0.919415
            824          173.3        1901.09       0.916457       0.919415
            825            9.3        1983.02       0.995332       0.919415
            826          100.3        2227.64       0.956915       0.919415
            827          100.3        1981.64       0.951824       0.919415
            828           73.3        1862.39       0.962132       0.919415
            829         1240.3        949.816       0.433683       0.110254
            830         1748.3        174.612      0.0908061       0.110254
            831         1083.3        280.257       0.205534       0.110254
            832         1567.3        197.165       0.111742       0.110254
            833         1568.3        66.9521       0.040943       0.110254
            834          565.3        236.591       0.295041       0.110254
            835          928.3        62.2721      0.0628648       0.110254
            836         1675.3        113.161      0.0632729       0.110254
            837         1483.3        76.0571      0.0487747       0.110254
            838          591.3        1376.05       0.699444       0.919415
            839          493.3        1356.93       0.733384       0.919415
            840         1667.3        97.8651      0.0554425       0.110254
            841          517.3       -58.1849      -0.126733       0.110254
            842         1783.3        35.1571      0.0193335       0.110254
            843          399.3        40.9491      0.0930135       0.110254
            844         1089.3        54.9791      0.0480469       0.110254
            845          927.3        175.485       0.159129       0.110254
            846          870.3        179.626       0.171085       0.110254
            847         1543.3        374.277       0.195182       0.110254
            848         1313.3        79.2671      0.0569216       0.110254
            849         1714.3        35.8541      0.0204863       0.110254
            850         1761.3       -19.1569     -0.0109962       0.110254
            851         1945.3        144.651      0.0692127       0.110254
            852         1409.3        192.819       0.120353       0.110254
            853         1410.3        216.606        0.13314       0.110254
            854          696.3        207.688       0.229746       0.110254
            855         1838.3        42.4421      0.0225667       0.110254
            856         1713.3        158.067      0.0844661       0.110254
            857         1816.3        100.128      0.0522473       0.110254
            858         1139.3        84.3291      0.0689172       0.110254
            859          442.3         198.79       0.310081       0.110254
            860         1685.3        110.031      0.0612874       0.110254
            861          589.3        323.479       0.354389       0.110254
            862          165.3        1844.79       0.917765       0.919415
            863           91.3        1757.55       0.950618       0.919415
            864          705.3        1015.77       0.590197       0.919415
            865         1576.3        77.2481      0.0467166       0.110254
            866          793.3        141.027        0.15094       0.110254
            867         1668.3        225.652       0.119144       0.110254
            868         1117.3        197.015       0.149899       0.110254
            869          199.3        252.549       0.558924       0.919415
            870          -23.7        116.048        1.25664       0.919415
            871         1178.3        62.0221      0.0500048       0.110254
            872         1388.3        122.292      0.0809564       0.110254
            873         1358.3        71.6821       0.050128       0.110254
            874         1758.3        187.482      0.0963531       0.110254
            875         1831.3        154.933      0.0780035       0.110254
            876         1791.3        105.453      0.0555966       0.110254
            877         2077.3        181.535      0.0803667       0.110254
            878          158.3        1712.28       0.915374       0.919415
            879           69.3        1657.24       0.959862       0.919415
            880           57.3         1678.8       0.966995       0.919415
            881           74.3        1889.17       0.962159       0.919415
            882          121.3        1814.16       0.937328       0.919415
            883          118.3         2075.8       0.946083       0.919415
            884           67.3        1416.67       0.954649       0.919415
            885           96.3        2155.49       0.957234       0.919415
            886           63.3        1965.52         0.9688       0.919415
            887           97.3        1800.28       0.948724       0.919415
            888          217.3        1699.72       0.886647       0.919415
            889          105.3        2059.57        0.95136       0.919415
            890           86.3        1913.62       0.956848       0.919415
            891           92.3        1985.34       0.955575       0.919415
            892          114.3        1753.65        0.93881       0.919415
            893           91.3        1828.55       0.952444       0.919415
            894          162.3        1958.43        0.92347       0.919415
            895          177.3        1917.24       0.915351       0.919415
            896          133.3        2029.61        0.93837       0.919415
            897           87.3        1802.41       0.953802       0.919415
            898          -16.7        1732.56        1.00973       0.919415
            899           72.3         2014.6       0.965355       0.919415
            900           32.3        1838.12       0.982731       0.919415
            901          181.3        2076.38       0.919696       0.919415
            902           48.3        1694.71       0.972289       0.919415
            903           69.3        2070.24        0.96761       0.919415
            904           49.3         1905.5        0.97478       0.919415
            905          853.3        1057.25       0.553374       0.919415
            906         1746.3        102.038      0.0552053       0.110254
            907          567.3        69.1651       0.108671       0.110254
            908         1345.3        163.451       0.108335       0.110254
            909         1741.3        89.1031      0.0486795       0.110254
            910         1631.3        41.5331       0.024828       0.110254
            911         1704.3        62.9841      0.0356389       0.110254
            912         1062.3         286.73       0.212545       0.110254
            913         1916.3        145.828      0.0707173       0.110254
            914         1635.3        117.681       0.067132       0.110254
            915         1705.3        266.771       0.135275       0.110254
            916         1658.3        278.782       0.143919       0.110254
            917         1206.3        766.058       0.388397       0.110254
            918          141.3         2041.9       0.935279       0.919415
            919          155.3        1750.92        0.91853       0.919415
            920           45.3        1750.35       0.974772       0.919415
            921           81.3        2002.68       0.960988       0.919415
            922          149.3         1702.2       0.919363       0.919415
            923           59.3        1858.37       0.969077       0.919415
            924          851.3        1097.67       0.563206       0.919415
            925         1462.3         389.53       0.210349       0.110254
            926         1895.3        277.301       0.127636       0.110254
            927         2116.3        196.228      0.0848544       0.110254
            928         1576.3        176.248       0.100567       0.110254
            929         1675.3        177.161      0.0956355       0.110254
            930         2144.3        64.2641      0.0290977       0.110254
            931         2039.3        275.629       0.119066       0.110254
            932         1708.3        140.132      0.0758113       0.110254
            933           68.3        269.452       0.797781       0.919415
            934          118.3         1837.8       0.939523       0.919415
            935           72.3         1925.6       0.963812       0.919415
            936           61.3        1979.94       0.969969       0.919415
            937          111.3        2056.29       0.948653       0.919415
            938           84.3        1867.04       0.956799       0.919415
            939           45.3        2059.35       0.978476       0.919415
            940           -2.7        1954.58        1.00138       0.919415
            941           79.3        1692.11       0.955233       0.919415
            942          130.3        2009.25       0.939099       0.919415
            943           53.3        1953.65       0.973442       0.919415
            944          124.3        1772.52       0.934469       0.919415
            945          176.3        1770.45       0.909439       0.919415
            946           91.3        1432.55       0.940086       0.919415
            947           18.3         1942.1       0.990665       0.919415
            948           80.3         1820.9       0.957763       0.919415
            949           16.3        1729.53       0.990663       0.919415
            950          105.3        1765.57       0.943716       0.919415
            951           51.3        1880.07       0.973439       0.919415
            952           61.3        1620.94       0.963561       0.919415
            953           68.3        2181.45       0.969641       0.919415
            954           19.3        1607.89       0.988139       0.919415
            955          133.3        1950.61       0.936034       0.919415
            956           57.3         1601.8       0.965463       0.919415
            957          181.3        1929.38       0.914104       0.919415
            958           38.3        1815.84       0.979344       0.919415
            959          102.3        1705.21       0.943403       0.919415
            960           75.3        1685.96       0.957247       0.919415
            961           37.3        1990.06       0.981602       0.919415
            962           -4.7           1999        1.00236       0.919415
            963          255.3        1911.62       0.882183       0.919415
            964           74.3        1896.17       0.962293       0.919415
            965          815.3        1264.34       0.607961       0.919415
            966         1927.3        166.485      0.0795139       0.110254
            967          535.3        1245.98       0.699486       0.919415
            968          211.3        1848.99       0.897442       0.919415
            969           51.3        1734.07       0.971267       0.919415
            970          127.3        1877.89       0.936515       0.919415
            971          -11.7        1612.49        1.00731       0.919415
            972          143.3        1765.48       0.924926       0.919415
            973          102.3        1927.21       0.949594       0.919415
            974           96.3        1874.49       0.951136       0.919415
            975           47.3        2054.93         0.9775       0.919415
            976          186.3        2099.32        0.91849       0.919415
            977          108.3        1664.93       0.938925       0.919415
            978          141.3         1724.9       0.924285       0.919415
            979          100.3        1835.64        0.94819       0.919415
            980           18.3         1968.1       0.990787       0.919415
            981          100.3        1923.64       0.950443       0.919415
            982           31.3        1712.33       0.982049       0.919415
            983           79.3        1748.11       0.956605       0.919415
            984          135.3        1711.18       0.926725       0.919415
            985           98.3        1811.06       0.948517       0.919415
            986          123.3        1731.74       0.933532       0.919415
            987           62.3        1788.73       0.966343       0.919415
            988           63.3        2081.52       0.970487       0.919415
            989          335.3        1233.58       0.786281       0.919415
            990         1002.3         244.51       0.196109       0.110254
            991         1252.3         169.26       0.119066       0.110254
            992         1457.3        91.5951      0.0591358       0.110254
            993         1410.3        66.6061      0.0450984       0.110254
            994         1110.3        30.5061      0.0267408       0.110254
            995          981.3        164.983       0.143929       0.110254
            996         1079.3        58.1091       0.051089       0.110254
            997         1875.3        56.5611       0.029278       0.110254
            998         1703.3        235.197        0.12133       0.110254
            999          790.3        183.666       0.188575       0.110254
           1000         1172.3        17.3001      0.0145428       0.110254
           1001         1762.3         218.63       0.110367       0.110254
           1002         1438.3        127.642      0.0815114       0.110254
           1003         1502.3         168.01       0.100586       0.110254
           1004         1253.3        326.047       0.206444       0.110254
           1005         1765.3        239.991       0.119679       0.110254
           1006         1623.3        33.2371      0.0200642       0.110254
           1007         1552.3         230.36       0.129223       0.110254
           1008         1472.3          247.4       0.143862       0.110254
           1009          740.3        57.3161      0.0718593       0.110254
           1010         1759.3         9.2691     0.00524102       0.110254
           1011         1720.3        107.576      0.0588531       0.110254
           1012         1286.3        142.018      0.0994303       0.110254
           1013          408.3        69.0321       0.144621       0.110254
           1014         1695.3        172.901      0.0925495       0.110254
           1015         1725.3        53.5111      0.0300825       0.110254
           1016          577.3        158.035       0.214916       0.110254
           1017         1758.3        318.482       0.153354       0.110254
           1018         1688.3        46.3921      0.0267437       0.110254
           1019         1303.3        88.3971      0.0635175       0.110254
           1020         1548.3        276.212        0.15139       0.110254
           1021         1678.3        185.522      0.0995385       0.110254
           1022         1042.3         230.99       0.181412       0.110254
           1023         1463.3        287.317       0.164123       0.110254
           1024         1590.3        232.266       0.127439       0.110254
           1025         1172.3        23.3001      0.0194882       0.110254
           1026          565.3        132.591       0.189988       0.110254
           1027         1398.3        94.1621      0.0630918       0.110254
           1028         1408.3        242.032       0.146657       0.110254
