              0            200           1570       0.887006       0.867928
              1            257        1685.03       0.867664       0.867928
              2            255        1189.45       0.823462       0.867928
              3            260         1635.4       0.862826       0.867928
              4            300           1993       0.869167       0.867928
              5            272        1921.88       0.876019       0.867928
              6            101         916.79       0.900765       0.867928
              7            214        1964.06       0.901747       0.867928
              8            278        1284.62       0.822094       0.867928
              9            182        1111.78       0.859327       0.867928
             10            213        1237.27       0.853131       0.867928
             11            246        1819.34       0.880891       0.867928
             12            271        2127.09       0.886993       0.867928
             13            300           1776       0.855491       0.867928
             14            332        1323.28        0.79943       0.867928
             15            182        1579.78       0.896695       0.867928
             16            255        1833.45         0.8779       0.867928
             17            198        2134.42        0.91511       0.867928
             18            287        1943.73       0.871343       0.867928
             19            208        1762.32       0.894433       0.867928
             20            160         1207.4        0.88299       0.867928
             21            198        1496.42       0.883146       0.867928
             22            174        1264.46       0.879037       0.867928
             23            980          136.2       0.122021       0.106733
             24           1102         238.58       0.177968       0.106733
             25           1188         145.52       0.109125       0.106733
             26           1316         228.64       0.148022       0.106733
             27            688        1240.52        0.64325       0.867928
             28            521        1545.59       0.747894       0.867928
             29           1346         199.34       0.128994       0.106733
             30            846         773.34       0.477565       0.106733
             31            197        1954.63       0.908442       0.867928
             32            268        1604.72       0.856893       0.867928
             33            193        1232.47       0.864606       0.867928
             34            224        1869.96       0.893026       0.867928
             35            291        1631.89       0.848665       0.867928
             36            196        1714.84       0.897427       0.867928
             37            297        1707.63       0.851843       0.867928
             38            310         2230.9       0.877996       0.867928
             39            350         1352.5        0.79442       0.867928
             40            327        1965.33        0.85735       0.867928
             41            329        1753.91       0.842048       0.867928
             42            215        2100.85       0.907162       0.867928
             43            332        1772.28       0.842226       0.867928
             44            167        2212.93        0.92983       0.867928
             45            385        1740.15       0.818836       0.867928
             46            396        1424.84       0.782518       0.867928
             47            271        1587.09       0.854151       0.867928
             48            221        1841.59       0.892853       0.867928
             49            285        1600.15       0.848818       0.867928
             50            221        1624.59       0.880255       0.867928
             51            137        1372.23       0.909225       0.867928
             52            204        1214.16       0.856152       0.867928
             53            287        2306.73       0.889349       0.867928
             54            172        2005.88       0.921024       0.867928
             55            250         1623.5        0.86656       0.867928
             56            331        1779.49       0.843164       0.867928
             57            171        1738.09       0.910429       0.867928
             58            239        1568.81       0.867796       0.867928
             59            175        2348.25       0.930645       0.867928
             60            229        1191.91       0.838836       0.867928
             61            177        1723.83       0.906883       0.867928
             62            172        1449.88        0.89395       0.867928
             63            209        1891.11       0.900481       0.867928
             64            295        2418.05       0.891266       0.867928
             65            324        1129.96        0.77716       0.867928
             66            318        1389.22       0.813732       0.867928
             67            169        1652.51        0.90722       0.867928
             68            175        1368.25       0.886603       0.867928
             69            151        1311.29       0.896737       0.867928
             70            207        1166.53       0.849293       0.867928
             71            253        1787.87       0.876033       0.867928
             72            286        1666.94       0.853554       0.867928
             73            248        1387.92       0.848403       0.867928
             74            155        1547.45       0.908955       0.867928
             75            262        2107.98       0.889451       0.867928
             76            258        1599.82       0.861128       0.867928
             77            285        1516.15       0.841768       0.867928
             78            304        1451.16       0.826796       0.867928
             79            222        1711.38       0.885175       0.867928
             80            143        2005.97       0.933456       0.867928
             81            298        2299.42       0.885271       0.867928
             82            337        1619.23        0.82773       0.867928
             83            134        1794.86       0.930529       0.867928
             84            263        1488.77       0.849866       0.867928
             85            215        1426.85        0.86905       0.867928
             86            265        2318.35        0.89742       0.867928
             87            203        2172.37        0.91454       0.867928
             88            235        1784.65       0.883643       0.867928
             89            170         1584.3       0.903095       0.867928
             90            343        2304.97       0.870467       0.867928
             91            169         990.51       0.854249       0.867928
             92            136         769.44       0.849797       0.867928
             93            143         830.97       0.853178       0.867928
             94            124        1931.96       0.939688       0.867928
             95            242        2062.18       0.894973       0.867928
             96            190         1466.1       0.885273       0.867928
             97            189        1791.31        0.90456       0.867928
             98            278        2125.62       0.884341       0.867928
             99            269        1805.51       0.870331       0.867928
            100            229        1637.91       0.877337       0.867928
            101            196        1371.84       0.874987       0.867928
            102            317        1803.43       0.850502       0.867928
            103            338        1082.02       0.761975       0.867928
            104            268        2210.72        0.89188       0.867928
            105            294        1147.26       0.796012       0.867928
            106            212        1537.48       0.878821       0.867928
            107            250         1360.5       0.844769       0.867928
            108            649         690.71       0.515567       0.867928
            109           1046         133.34       0.113063       0.106733
            110            860           91.4       0.096069       0.106733
            111            923         134.17       0.126914       0.106733
            112           1058          54.82      0.0492622       0.106733
            113           1082         152.78       0.123731       0.106733
            114            887         392.73       0.306885       0.106733
            115            218        1404.22       0.865616       0.867928
            116            258        1708.82       0.868824       0.867928
            117            258        1540.82       0.856573       0.867928
            118             29        1407.91       0.979818       0.867928
            119            176        1958.04       0.917527       0.867928
            120            227        1524.33       0.870384       0.867928
            121            362        1042.98       0.742345       0.867928
            122            387        1374.73        0.78033       0.867928
            123            245        2024.55       0.892049       0.867928
            124            482        1375.78       0.740551       0.867928
            125            277        2400.83       0.896558       0.867928
            126           1001          46.79      0.0446559       0.106733
            127            650          945.5       0.592604       0.867928
            128            266        1954.14       0.880188       0.867928
            129            261        1083.19       0.805831       0.867928
            130            268        1573.72       0.854484       0.867928
            131            114        1789.06       0.940096       0.867928
            132            348        1826.92       0.839994       0.867928
            133            284        1731.36       0.859082       0.867928
            134            267        2073.93       0.885943       0.867928
            135            144        1716.76       0.922612       0.867928
            136            206        1503.74       0.879514       0.867928
            137            135        1103.65        0.89101       0.867928
            138            240         2067.6       0.895996       0.867928
            139            169        1615.51       0.905296       0.867928
            140            322        1464.38       0.819747       0.867928
            141            286        1469.94       0.837124       0.867928
            142            185        1282.15       0.873905       0.867928
            143            775         819.25       0.513878       0.867928
            144            953          60.87      0.0600373       0.106733
            145           1506         114.74      0.0707948       0.106733
            146           1310          209.9       0.138101       0.106733
            147           1191          35.89      0.0292528       0.106733
            148           1614          41.06      0.0248088       0.106733
            149           1321         227.59       0.146966       0.106733
            150           1492         258.68        0.14776       0.106733
            151           1233         254.07       0.170853       0.106733
            152            995         612.05       0.380853       0.106733
            153            122        1145.38       0.903738       0.867928
            154            167         993.93        0.85615       0.867928
            155            132        2113.28        0.94121       0.867928
            156             59        1808.61       0.968409       0.867928
            157            222        1912.38       0.895989       0.867928
            158            231        1717.49       0.881447       0.867928
            159            213        1797.27       0.894044       0.867928
            160            300           2239       0.881843       0.867928
            161            228        1431.12       0.862578       0.867928
            162             88        1535.52       0.945797       0.867928
            163            180         1465.2       0.890591       0.867928
            164            200           1546       0.885452       0.867928
            165            309        1648.11       0.842114       0.867928
            166           1260          266.4       0.174528       0.106733
            167           1244         -40.24     -0.0334286       0.106733
            168           1064         177.56       0.143014       0.106733
            169           1241         158.39       0.113185       0.106733
            170           1268          -1.28    -0.00101048       0.106733
            171           1047         113.13      0.0975149       0.106733
            172            937         -10.77     -0.0116278       0.106733
            173            923         143.17       0.134284       0.106733
            174           1195         122.05      0.0926692       0.106733
            175            705        1047.95       0.597821       0.867928
            176            296        1711.84       0.852578       0.867928
            177            281        2402.99       0.895305       0.867928
            178            123         976.17       0.888097       0.867928
            179            150          894.5       0.856391       0.867928
            180            254        1968.66       0.885723       0.867928
            181            326        1274.54       0.796319       0.867928
            182           1163         131.77       0.101771       0.106733
            183           1004         185.16       0.155707       0.106733
            184           1020          175.8       0.147015       0.106733
            185            995         262.05       0.208464       0.106733
            186           1119         -45.99     -0.0428607       0.106733
            187           1157         222.03       0.161004       0.106733
            188           1136           9.44     0.00824137       0.106733
            189           1162         172.98       0.129575       0.106733
            190            981         157.99       0.138711       0.106733
            191            394        1981.26       0.834123       0.867928
            192            237        1976.23       0.892917       0.867928
            193            180         1210.2       0.870522       0.867928
            194            261        2066.19       0.887848       0.867928
            195            227        1585.33       0.874747       0.867928
            196            181        1420.99       0.887016       0.867928
            197            212        1168.48        0.84643       0.867928
            198            216        1499.64       0.874099       0.867928
            199            119        1507.01       0.926815       0.867928
            200            152        1199.08       0.887497       0.867928
            201            157        1201.03       0.884391       0.867928
            202            138        1225.02       0.898754       0.867928
            203            171        2185.09       0.927422       0.867928
            204            247        1501.13       0.858706       0.867928
            205            136        1918.44       0.933802       0.867928
            206            335        2029.65        0.85833       0.867928
            207            211        1594.69       0.883147       0.867928
            208            312        1979.48       0.863843       0.867928
            209            245        1752.55        0.87735       0.867928
            210            173        1269.67       0.880083       0.867928
            211            197        1780.63       0.900386       0.867928
            212            335        1688.65       0.834458       0.867928
            213            285        2244.15       0.887314       0.867928
            214           1032          90.28      0.0804434       0.106733
            215            951          25.29      0.0259042       0.106733
            216           1143          77.97      0.0638591       0.106733
            217           1068         142.72        0.11788       0.106733
            218           1160          374.4       0.244004       0.106733
            219           1359          50.61      0.0359035       0.106733
            220            854         400.66       0.319338       0.106733
            221            201        1857.79        0.90237       0.867928
            222            165        1529.35       0.902618       0.867928
            223            222        1762.38       0.888126       0.867928
            224            127        1411.33       0.917443       0.867928
            225            148        1706.92       0.920212       0.867928
            226            176        1386.04       0.887327       0.867928
            227            104        1349.16       0.928432       0.867928
            228            391         928.89       0.703763       0.867928
            229            877         154.83       0.150054       0.106733
            230           1079         171.41       0.137083       0.106733
            231           1190           84.1      0.0660074       0.106733
            232            903         219.37       0.195452       0.106733
            233           1143         258.97       0.184719       0.106733
            234            934          84.86      0.0832892       0.106733
            235           1039         125.81       0.108009       0.106733
            236            992         215.68        0.17859       0.106733
            237            960          276.4       0.223552       0.106733
            238            954         110.66       0.103939       0.106733
            239            967          99.93      0.0936613       0.106733
            240            988          57.52      0.0550157       0.106733
            241            122        1501.38       0.924848       0.867928
            242            562         527.98       0.484394       0.867928
            243            457         841.03       0.647928       0.867928
            244            194        1457.26       0.882514       0.867928
            245            200           1816       0.900794       0.867928
            246            220         1337.8       0.858775       0.867928
            247            167        1344.93       0.889545       0.867928
            248            212        1784.48       0.893813       0.867928
            249            344        1459.76       0.809287       0.867928
            250            127        1718.33       0.931178       0.867928
            251            224        1598.96       0.877123       0.867928
            252            217        1237.43       0.850801       0.867928
            253            204        1857.16       0.901027       0.867928
            254            283        1599.57       0.849674       0.867928
            255            246        1315.34       0.842443       0.867928
            256            141        1833.39       0.928586       0.867928
            257           1052          -6.92     -0.0066215       0.106733
            258           1121         223.59       0.166289       0.106733
            259            971         295.09       0.233072       0.106733
            260           1559          70.61      0.0433294       0.106733
            261           1284         185.36        0.12615       0.106733
            262           1027          64.33      0.0589464       0.106733
            263           1128         375.12       0.249561       0.106733
            264           1264         277.56       0.180051       0.106733
            265           1069         -15.49     -0.0147032       0.106733
            266           1115         218.85       0.164074       0.106733
            267            805         491.95       0.379313       0.106733
            268            301        2427.79       0.889695       0.867928
            269            319        1475.01       0.822186       0.867928
            270            274        2117.46       0.885426       0.867928
            271            301        1924.79       0.864767       0.867928
            272            338        1610.02        0.82649       0.867928
            273            232        1555.28       0.870194       0.867928
            274            228        1562.12       0.872634       0.867928
            275            209        1237.11       0.855474       0.867928
            276            196        1817.84       0.902673       0.867928
            277            260         1394.4       0.842843       0.867928
            278            151        1513.29       0.909271       0.867928
            279            188        1534.52       0.890858       0.867928
            280            272        1747.88       0.865339       0.867928
            281            208        1836.32       0.898255       0.867928
            282            244        1966.76       0.889631       0.867928
            283            421        1558.59        0.78733       0.867928
            284             90         1196.1       0.930021       0.867928
            285             83        1061.57       0.927484       0.867928
            286             85        1063.15       0.925968       0.867928
            287            149        1427.71       0.905499       0.867928
            288            138        1029.02        0.88175       0.867928
            289            139         772.81       0.847556       0.867928
            290            166        1768.14       0.914174       0.867928
            291            220         1703.8       0.885643       0.867928
            292            190         1885.1       0.908438       0.867928
            293            250         1310.5       0.839795       0.867928
            294            266        1052.14         0.7982       0.867928
            295            188        1426.52       0.883557       0.867928
            296            119        1388.01       0.921036       0.867928
            297            164        1074.56       0.867588       0.867928
            298            201        1453.79       0.878534       0.867928
            299            210         1525.9       0.879025       0.867928
            300            282        1315.78       0.823505       0.867928
            301            368        1563.72       0.809496       0.867928
            302            180         2033.2        0.91867       0.867928
            303            268        1745.72       0.866913       0.867928
            304            173        1838.67       0.914002       0.867928
            305            344        1053.76       0.753892       0.867928
            306           1123          53.17      0.0452061       0.106733
            307           1065         154.35       0.126584       0.106733
            308           1292         -39.32     -0.0313887       0.106733
            309            945          73.55      0.0722105       0.106733
            310           1007          21.53      0.0209328       0.106733
            311            918         175.22       0.160279       0.106733
            312            976         259.04       0.209742       0.106733
            313           1166         176.14       0.131238       0.106733
            314           1021          19.59      0.0188259       0.106733
            315           1079         -57.59     -0.0563828       0.106733
            316            992          16.68      0.0165365       0.106733
            317           1165        -100.65     -0.0945648       0.106733
            318           1173          10.67     0.00901434       0.106733
            319           1128         212.12       0.158284       0.106733
            320           1217         271.43        0.18236       0.106733
            321            203        1626.37       0.889033       0.867928
            322            293        2196.47       0.882304       0.867928
            323            226        2104.54       0.903027       0.867928
            324            194        1618.26       0.892951       0.867928
            325             47        1329.13       0.965846       0.867928
            326            317        1693.43       0.842322       0.867928
            327            214        1505.06       0.875513       0.867928
            328            218        1627.22       0.881857       0.867928
            329            193        1465.47       0.883628       0.867928
            330            175        1409.25       0.889538       0.867928
            331            280         1282.2       0.820766       0.867928
            332            250         1401.5       0.848622       0.867928
            333            166        1521.14       0.901609       0.867928
            334            158        1659.82       0.913083       0.867928
            335            320          903.8       0.738519       0.867928
            336           1123         147.17       0.115866       0.106733
            337           1102         271.58       0.197717       0.106733
            338           1118         261.22       0.189397       0.106733
            339            904         178.16       0.164634       0.106733
            340            899          28.21      0.0304246       0.106733
            341           1077           0.83    0.000770066       0.106733
            342            935         125.65       0.118465       0.106733
            343           1017          41.43      0.0391429       0.106733
            344           1059         -24.39     -0.0235741       0.106733
            345            414         942.06       0.694704       0.867928
            346            224        1369.96       0.859469       0.867928
            347            229        1246.91       0.844841       0.867928
            348            127        1870.33       0.936415       0.867928
            349             49        1667.71       0.971457       0.867928
            350            334        1467.86       0.814636       0.867928
            351             91        1300.89       0.934621       0.867928
            352            852         485.08       0.362791       0.106733
            353           1089         212.31       0.163151       0.106733
            354            998         215.42       0.177531       0.106733
            355            927         192.33       0.171826       0.106733
            356           1285          40.15      0.0302985       0.106733
            357            652         520.08       0.443724       0.106733
            358            195        1862.05       0.905204       0.867928
            359            242        1657.18       0.872577       0.867928
            360             78        1176.62        0.93783       0.867928
            361            209        1545.11       0.880851       0.867928
            362            156        1378.24       0.898321       0.867928
            363            163        2072.77       0.927094       0.867928
            364            151        1559.29       0.911711       0.867928
            365            220         1898.8       0.896168       0.867928
            366            139        1155.81       0.892648       0.867928
            367            185        1591.15       0.895842       0.867928
            368            108         911.32       0.894047       0.867928
            369            266        1189.14         0.8172       0.867928
            370            130         1252.7       0.905981       0.867928
            371            149        1371.71       0.902019       0.867928
            372            202        1829.58        0.90057       0.867928
            373             97         967.63       0.908889       0.867928
            374            104        1382.16       0.930021       0.867928
            375            211        1260.69       0.856627       0.867928
            376            171        1109.09       0.866416       0.867928
            377            150         1163.5       0.885801       0.867928
            378            187        1132.73       0.858304       0.867928
            379            182        1135.78       0.861889       0.867928
            380             76        1318.04       0.945482       0.867928
            381            261        2216.19       0.894639       0.867928
            382            229        1417.91       0.860952       0.867928
            383            946         236.34       0.199892       0.106733
            384           1127          -8.67    -0.00775263       0.106733
            385            788         541.52       0.407305       0.106733
            386           1141          15.39      0.0133087       0.106733
            387            627         810.33       0.563774       0.867928
            388            169        1172.51       0.874023       0.867928
            389            197        1468.63       0.881726       0.867928
            390            164        1395.56       0.894842       0.867928
            391            608         788.32        0.56457       0.867928
            392           1100            129       0.104963       0.106733
            393            336        1107.44       0.767223       0.867928
            394            151        1349.29       0.899353       0.867928
            395            123        1490.17       0.923753       0.867928
            396            135        1526.65       0.918755       0.867928
            397            135        1484.65       0.916649       0.867928
            398            198        1300.42       0.867861       0.867928
            399            153        1338.87       0.897444       0.867928
            400            621         536.59       0.463541       0.106733
            401            943         -75.03     -0.0864431       0.106733
            402           1048          64.92       0.058333       0.106733
            403            981         144.99       0.128767       0.106733
            404            923         158.17       0.146295       0.106733
            405           1055          63.45      0.0567303       0.106733
            406           1087         172.73       0.137117       0.106733
            407           1174          16.46      0.0138266       0.106733
            408            987          47.73       0.046128       0.106733
            409           1091          30.89      0.0275339       0.106733
            410           1136         196.44       0.147429       0.106733
            411           1095          93.05      0.0783216       0.106733
            412            686         434.94       0.388014       0.106733
            413            947          88.13      0.0851391       0.106733
            414           1029         109.91      0.0965046       0.106733
            415           1010          118.9       0.105324       0.106733
            416           1016         100.64      0.0901275       0.106733
            417            995          60.05      0.0569167       0.106733
            418            923          72.17      0.0725203       0.106733
            419           1050            8.5     0.00803023       0.106733
            420           1128          66.12      0.0553713       0.106733
            421           1063          86.77      0.0754673       0.106733
            422            771         864.09       0.528466       0.106733
            423           1022         107.38      0.0950787       0.106733
            424           1026          67.54      0.0617627       0.106733
            425           1068          11.72      0.0108547       0.106733
            426            927          70.33      0.0705183       0.106733
            427           1543          97.97      0.0597025       0.106733
            428           1198         217.42       0.153608       0.106733
            429            941         102.39      0.0981321       0.106733
            430           1049         113.71      0.0977974       0.106733
            431           1151         -66.71     -0.0615241       0.106733
            432            844         233.76       0.216894       0.106733
            433           1029         -75.09     -0.0787181       0.106733
            434           1103         214.37       0.162726       0.106733
            435            962         147.98       0.133318       0.106733
            436           1053         260.87       0.198551       0.106733
            437            503         761.37       0.602173       0.867928
            438            125        1272.75       0.910571       0.867928
            439            101        1511.79       0.937376       0.867928
            440            193        1236.47       0.864985       0.867928
            441           1086          19.94      0.0180299       0.106733
            442           1044         269.76       0.205334       0.106733
            443            895         177.05       0.165151       0.106733
            444           1042         228.18       0.179644       0.106733
            445            829          91.91      0.0998035       0.106733
            446           1007         119.53       0.106105       0.106733
            447            971          11.09      0.0112922       0.106733
            448           1027         -31.67     -0.0318186       0.106733
            449           1000             66      0.0619137       0.106733
            450           1101          89.79      0.0754037       0.106733
            451            835         458.65       0.354539       0.106733
            452            154        1391.66       0.900366       0.867928
            453            176        1237.04       0.875446       0.867928
            454            120         1476.8        0.92485       0.867928
            455             87        1203.73       0.932596       0.867928
            456            176        1304.04       0.881084       0.867928
            457            213        1245.27       0.853937       0.867928
            458            156        1237.24       0.888031       0.867928
            459            605         836.95       0.580429       0.867928
            460           1101         157.79       0.125351       0.106733
            461            896         134.84       0.130806       0.106733
            462           1018         132.22       0.114952       0.106733
            463           1044         -30.24     -0.0298295       0.106733
            464           1116         213.64       0.160675       0.106733
            465           1004         201.16       0.166916       0.106733
            466            875          63.25      0.0674127       0.106733
            467            997          62.63      0.0591055       0.106733
            468           1182          85.78      0.0676616       0.106733
            469           1041          76.39      0.0683647       0.106733
            470           1057          48.03      0.0434649       0.106733
            471           1103         110.37      0.0909615       0.106733
            472           1150           71.5      0.0585346       0.106733
            473           1195          64.05      0.0508717       0.106733
            474           1053         181.87       0.147279       0.106733
            475           1347         127.13      0.0862407       0.106733
            476           1046         254.34       0.195595       0.106733
            477           1007         129.53        0.11397       0.106733
            478           1064          56.56      0.0504748       0.106733
            479           1098          53.42      0.0463949       0.106733
            480           1128         149.12       0.116763       0.106733
            481            934         147.86       0.136672       0.106733
            482            942         132.18       0.123052       0.106733
            483           1134         169.86       0.130275       0.106733
            484           1033         227.07       0.180204       0.106733
            485           1039         264.81       0.203105       0.106733
            486           1223         135.17      0.0995236       0.106733
            487            978          95.62      0.0890632       0.106733
            488           1192          70.68      0.0559762       0.106733
            489            931         544.49       0.369023       0.106733
            490           1018         176.22       0.147561       0.106733
            491            994         192.26       0.162072       0.106733
            492           1034          51.86      0.0477594       0.106733
            493           1057          73.03      0.0646266       0.106733
            494            894         185.26       0.171655       0.106733
            495           1196          -3.16    -0.00264914       0.106733
            496           1031          93.49      0.0831399       0.106733
            497           1059         150.61       0.124511       0.106733
            498           1002         238.58       0.192313       0.106733
            499           1260           10.4      0.0081864       0.106733
            500           1071         147.09       0.120755       0.106733
            501            899         176.21       0.163884       0.106733
            502           1108         114.32      0.0935271       0.106733
            503           1133          -3.93    -0.00348074       0.106733
            504            938         114.02       0.108382       0.106733
            505            977         108.83       0.100227       0.106733
            506            450          772.5       0.631902       0.867928
            507            711         715.69       0.501644       0.867928
            508           1076         190.04       0.150106       0.106733
            509           1197         132.63      0.0997496       0.106733
            510            964         127.56        0.11686       0.106733
            511           1111         133.69       0.107408       0.106733
            512           1124         212.96       0.159287       0.106733
            513            797         252.63       0.240685       0.106733
            514            360         1313.4       0.784869       0.867928
            515           1027         283.33       0.216228       0.106733
            516           1091         138.89       0.112929       0.106733
            517           1273          19.67      0.0152166       0.106733
            518           1231          55.49      0.0431329       0.106733
            519           1172         186.88       0.137525       0.106733
            520            934         252.86        0.21305       0.106733
            521           1053          47.87      0.0434838       0.106733
            522           1139          75.81      0.0624048       0.106733
            523            984         314.36       0.242121       0.106733
            524           1084         215.36       0.165743       0.106733
            525           1039          99.81      0.0876441       0.106733
            526           1065          91.35      0.0789986       0.106733
            527           1096          75.84      0.0647187       0.106733
            528           1009         203.11       0.167567       0.106733
            529            299        1196.21       0.800028       0.867928
            530            105        1295.95       0.925051       0.867928
            531            380         1080.2       0.739762       0.867928
            532           1062          50.98       0.045805       0.106733
            533           1212         119.48      0.0897347       0.106733
            534           1046          17.34      0.0163071       0.106733
            535            981          14.99      0.0150504       0.106733
            536            947         -32.87     -0.0359577       0.106733
            537           1123          41.17      0.0353643       0.106733
            538            737         564.23       0.433613       0.106733
            539           1083           3.57     0.00328557       0.106733
            540           1050           46.5      0.0424077       0.106733
            541            896         177.84       0.165611       0.106733
            542           1120          179.8       0.138329       0.106733
            543            192        1447.68       0.882904       0.867928
            544            171        1071.09       0.862329       0.867928
            545             86        1211.94       0.933741       0.867928
            546            107        1246.53       0.920947       0.867928
            547             75        1299.25       0.945425       0.867928
            548            135        1440.65       0.914321       0.867928
            549            117        1360.43       0.920808       0.867928
            550              2        1380.58       0.998553       0.867928
            551            104        1408.16       0.931224       0.867928
            552            761         346.19       0.312674       0.106733
            553            953          86.87      0.0835393       0.106733
            554           1030           35.7      0.0334991       0.106733
            555           1013          49.27      0.0463818       0.106733
            556           1086          58.94      0.0514787       0.106733
            557           1455         261.45        0.15232       0.106733
            558            932         126.28       0.119326       0.106733
            559            280         1020.2       0.784649       0.867928
            560            172        1234.88       0.877744       0.867928
            561            135        1316.65       0.907002       0.867928
            562            128        1158.12       0.900476       0.867928
            563             71        1174.09       0.942976       0.867928
            564             77        1344.83       0.945844       0.867928
            565            101        1260.79       0.925833       0.867928
            566            192        1089.68       0.850197       0.867928
            567            162        1384.98        0.89528       0.867928
            568            664         565.56       0.459969       0.106733
            569            877         112.83       0.113989       0.106733
            570            572         851.88       0.598281       0.867928
            571             84        1413.36       0.943901       0.867928
            572             68        1184.72       0.945718       0.867928
            573            115        1440.85       0.926085       0.867928
            574           1069         228.51       0.176114       0.106733
            575           1020          152.8       0.130286       0.106733
            576            878         169.62        0.16191       0.106733
            577           1136          97.44      0.0789986       0.106733
            578            979         129.41       0.116753       0.106733
            579           1046          85.34      0.0754327       0.106733
            580           1198          -4.58    -0.00383771       0.106733
            581           1071         159.09       0.129332       0.106733
            582           1122         152.38       0.119572       0.106733
            583            940          201.6       0.176594       0.106733
            584           1049         318.71       0.233025       0.106733
            585           1126          60.54      0.0510223       0.106733
            586            973         165.67       0.145494       0.106733
            587            982         200.78       0.169753       0.106733
            588           1004          54.16      0.0511832       0.106733
            589           1011          65.69      0.0610111       0.106733
            590            953         139.87       0.127984       0.106733
            591           1117          80.43      0.0671689       0.106733
            592            969         286.51       0.228202       0.106733
            593            894          35.26      0.0379442       0.106733
            594            655         501.45       0.433611       0.106733
            595            479         978.41       0.671335       0.867928
            596            994        -115.74      -0.131783       0.106733
            597            949          90.71      0.0872455       0.106733
            598            886          67.94      0.0712204       0.106733
            599            954         173.66          0.154       0.106733
            600            878         149.62       0.145599       0.106733
            601           1076         -61.96     -0.0611021       0.106733
            602           1014          88.06      0.0799049       0.106733
            603           1218         -46.78     -0.0399413       0.106733
            604            621         492.59       0.442344       0.106733
            605            556         771.24       0.581086       0.867928
            606            945         188.55       0.166336       0.106733
            607            948         113.92       0.107277       0.106733
            608           1127          52.33      0.0443727       0.106733
            609            932           5.28     0.00563332       0.106733
            610            941          63.39      0.0631129       0.106733
            611            929         104.91       0.101469       0.106733
            612            915         240.85       0.208375       0.106733
            613           1149         -19.29     -0.0170752       0.106733
            614            592         883.68       0.598829       0.867928
            615           1139          87.81      0.0715759       0.106733
            616           1024          38.96      0.0366524       0.106733
            617            964         120.56        0.11116       0.106733
            618            884         106.36       0.107395       0.106733
            619           1082         -35.22      -0.033646       0.106733
            620            910           61.9      0.0636897       0.106733
            621            185        1122.15       0.858471       0.867928
            622             67        1341.93       0.952446       0.867928
            623            232        1182.28       0.835959       0.867928
            624           1035          51.65      0.0475314       0.106733
            625            817         471.43       0.365895       0.106733
            626            889         103.31       0.104111       0.106733
            627            758         243.82       0.243377       0.106733
            628            768         475.72       0.382498       0.106733
            629            439         972.81       0.689052       0.867928
            630            756         505.24        0.40059       0.106733
            631            986         152.94       0.134283       0.106733
            632            881          58.99       0.062756       0.106733
            633            490          586.1       0.544652       0.867928
            634            172        1347.88       0.886833       0.867928
            635            106        1223.74       0.920285       0.867928
            636            199        1231.21        0.86086       0.867928
            637            240         1275.6       0.841647       0.867928
            638            119        1277.01       0.914757       0.867928
            639             91        1361.89       0.937366       0.867928
            640            188        1477.52       0.887122       0.867928
            641            186        1261.94       0.871542       0.867928
            642            133        1287.07       0.906343       0.867928
            643            178        1361.62       0.884387       0.867928
            644            808         413.32       0.338421       0.106733
            645           1073          52.67      0.0467899       0.106733
            646            996          54.84      0.0521868       0.106733
            647           1201          97.79      0.0752932       0.106733
            648           1023          43.17      0.0404907       0.106733
            649           1018         163.22       0.138179       0.106733
            650            963         120.77       0.111435       0.106733
            651           1023         162.17       0.136833       0.106733
            652            215        1030.85       0.827427       0.867928
            653            482         969.78       0.667994       0.867928
            654           1077          58.83      0.0517947       0.106733
            655            950          192.5        0.16849       0.106733
            656            885         476.15       0.349814       0.106733
            657            408         863.32       0.679074       0.867928
            658            591         799.89       0.575092       0.867928
            659            495         633.05        0.56119       0.867928
            660           1106         -15.26     -0.0139905       0.106733
            661           1113          30.27      0.0264767       0.106733
            662            679         305.41       0.310247       0.106733
            663            421         678.59        0.61713       0.867928
            664           1022         -13.62     -0.0135068       0.106733
            665            306        1020.74       0.769359       0.867928
            666            719         438.01       0.378571       0.106733
            667           1001          72.79      0.0677879       0.106733
            668           1255          52.45      0.0401163       0.106733
            669            899          60.21      0.0627704       0.106733
            670            143        1419.97       0.908508       0.867928
            671            836         280.44       0.251191       0.106733
            672            949         172.71        0.15397       0.106733
            673           1142          62.18      0.0516368       0.106733
            674           1049         190.71       0.153834       0.106733
            675           1011         -19.31     -0.0194718       0.106733
            676           1165          25.35      0.0212963       0.106733
            677            833         122.07       0.127813       0.106733
            678           1064          84.56      0.0736226       0.106733
            679            667         454.93       0.405489       0.106733
            680            142        1161.18       0.891036       0.867928
            681            171        1246.09        0.87933       0.867928
            682            593         623.47       0.512524       0.867928
            683            920          179.8       0.163484       0.106733
            684            819         152.01       0.156548       0.106733
            685            944         -14.24     -0.0153158       0.106733
            686            959         -14.39     -0.0152338       0.106733
            687            976         169.04       0.147628       0.106733
            688            959         -33.39     -0.0360735       0.106733
            689           1081          -8.01    -0.00746512       0.106733
            690            745          48.55      0.0611808       0.106733
            691           1073           0.67    0.000624028       0.106733
            692            942         -31.82     -0.0349601       0.106733
            693           1151         146.29       0.112766       0.106733
            694            920          102.8       0.100508       0.106733
            695            859          64.61      0.0699538       0.106733
            696            146        1238.34       0.894535       0.867928
            697            174        1306.46       0.882469       0.867928
            698            108        1104.32       0.910915       0.867928
            699            206        1123.74       0.845082       0.867928
            700            814         505.06       0.382894       0.106733
            701           1123         -70.83      -0.067318       0.106733
            702            990          105.1       0.095973       0.106733
            703           1210           18.9      0.0153796       0.106733
            704           1072         142.88       0.117608       0.106733
            705           1112         125.48         0.1014       0.106733
            706           1047          22.13      0.0206991       0.106733
            707           1056          77.24      0.0681586       0.106733
            708            884         172.36       0.163164       0.106733
            709           1047          72.13      0.0644519       0.106733
            710           1044          98.76      0.0864223       0.106733
            711            971           2.09      0.0021478       0.106733
            712            912         -34.52     -0.0393399       0.106733
            713           1075          18.25      0.0166933       0.106733
            714            935          44.65      0.0455775       0.106733
            715           1128         160.12       0.124305       0.106733
            716           1124         161.96       0.125945       0.106733
            717           1056          50.24      0.0454151       0.106733
            718           1126          78.54      0.0652033       0.106733
            719           1093          92.47      0.0780028       0.106733
            720            981          -9.01    -0.00926964       0.106733
            721           1035          55.65      0.0510246       0.106733
            722            906          95.74      0.0955737       0.106733
            723            953          68.87       0.067396       0.106733
            724           1066          36.14      0.0327908       0.106733
            725            817         152.43       0.157237       0.106733
            726            956          67.24      0.0657128       0.106733
            727           1005         177.95       0.150429       0.106733
            728            947          92.13      0.0886607       0.106733
            729            493         871.47       0.638688       0.867928
            730            305        1156.95       0.791375       0.867928
            731            947         -14.87     -0.0159527       0.106733
            732            858         -92.18      -0.120368       0.106733
            733            829         110.91       0.118001       0.106733
            734           1023         165.17       0.139012       0.106733
            735            933          63.07      0.0633188       0.106733
            736            260         1241.4       0.826828       0.867928
            737            153        1228.87        0.88928       0.867928
            738            948          46.92      0.0471596       0.106733
            739            979          58.41      0.0563037       0.106733
            740            922         -40.62     -0.0460868       0.106733
            741            904         104.16       0.103317       0.106733
            742            959         -14.39     -0.0152338       0.106733
            743           1263          50.77      0.0386445       0.106733
            744           1065           8.35     0.00777938       0.106733
            745            898         198.42       0.180971       0.106733
            746           1166         102.14      0.0805432       0.106733
            747            630          703.7        0.52763       0.867928
            748            160         1266.4        0.88783       0.867928
            749            117        1401.43       0.922947       0.867928
            750            550          779.5       0.586311       0.867928
            751            856          80.24      0.0857045       0.106733
            752           1065         -27.65     -0.0266545       0.106733
            753            970            2.3     0.00236553       0.106733
            754            787         287.73       0.267723       0.106733
            755           1128           2.12     0.00187591       0.106733
            756            910          201.9       0.181581       0.106733
            757           1031         219.49       0.175523       0.106733
            758            768         368.72       0.324372       0.106733
            759            868         284.72       0.246998       0.106733
            760            726         260.54       0.264095       0.106733
            761            155        1171.45       0.883147       0.867928
            762            157        1079.03        0.87298       0.867928
            763            141        1396.39       0.908286       0.867928
            764            406         683.74       0.627434       0.867928
            765           1048          41.92      0.0384615       0.106733
            766            230         1189.7       0.837994       0.867928
            767             72        1506.88       0.954398       0.867928
            768            107        1976.53       0.948645       0.867928
            769            135        1065.65       0.887561       0.867928
            770            186        1493.94       0.889282       0.867928
            771            221        1241.59       0.848898       0.867928
            772            123        1427.17       0.920654       0.867928
            773            135        1422.65       0.913331       0.867928
            774            564         766.56       0.576118       0.867928
            775           1270           44.3      0.0337062       0.106733
            776           1054          31.66       0.029162       0.106733
            777           1126          52.54      0.0445806       0.106733
            778            903         532.37       0.370894       0.106733
            779            142        1398.18       0.907803       0.867928
            780             -5        1254.05          1.004       0.867928
            781            401        1347.79       0.770699       0.867928
            782           1000            -35     -0.0362694       0.106733
            783           1086         141.94       0.115592       0.106733
            784           1066         170.14       0.137638       0.106733
            785           1044          80.76       0.071802       0.106733
            786           1076         195.04       0.153449       0.106733
            787            567         781.93       0.579667       0.867928
            788            181        1346.99       0.881544       0.867928
            789             90         1608.1          0.947       0.867928
            790            230         1796.7       0.886515       0.867928
            791            132        1335.28       0.910038       0.867928
            792            826         459.54       0.357468       0.106733
            793            974         142.46         0.1276       0.106733
            794            919          60.01      0.0612966       0.106733
            795           1206         156.74       0.115018       0.106733
            796           1001         154.79       0.133926       0.106733
            797           1385         169.15       0.108838       0.106733
            798           1180           73.2      0.0584105       0.106733
            799           1090          -33.9     -0.0320992       0.106733
            800           1131          48.49       0.041111       0.106733
            801            632        1056.28       0.625655       0.867928
            802            657         681.03        0.50898       0.867928
            803           1069         137.51       0.113973       0.106733
            804            895         413.05       0.315775       0.106733
            805            106        1791.74       0.944144       0.867928
            806            174        1687.46       0.906525       0.867928
            807            105        1672.95       0.940943       0.867928
            808            134        1634.86       0.924245       0.867928
            809            114        1237.06       0.915622       0.867928
            810            106        1498.74       0.933946       0.867928
            811            108        1743.32       0.941663       0.867928
            812            227        1298.33        0.85118       0.867928
            813             53         975.87       0.948487       0.867928
            814            148        2127.92       0.934971       0.867928
            815             34        1367.86       0.975747       0.867928
            816            109        1554.11        0.93446       0.867928
            817            107        1728.53       0.941706       0.867928
            818            677         489.83       0.419796       0.106733
            819            663         757.77       0.533352       0.867928
            820             66        1176.14       0.946866       0.867928
            821            284        1504.36       0.841195       0.867928
            822            108        1332.32       0.925017       0.867928
            823            436         962.44       0.688224       0.867928
            824            931         141.49       0.131927       0.106733
            825           1059        -112.39      -0.118729       0.106733
            826           1046          42.34      0.0389033       0.106733
            827            959         218.61       0.185639       0.106733
            828            803         377.37       0.319705       0.106733
            829           1144         100.76      0.0809473       0.106733
            830            991         106.89      0.0973595       0.106733
            831           1039          27.81      0.0260684       0.106733
            832           1154         245.66       0.175514       0.106733
            833           1276          14.04      0.0108834       0.106733
            834           1090            0.1   9.17347e-005       0.106733
            835           1210          121.9      0.0915234       0.106733
            836            891         234.89       0.208626       0.106733
            837           1197         -71.37     -0.0634045       0.106733
            838           1586          46.94      0.0287457       0.106733
            839           1585         -68.85     -0.0454111       0.106733
            840           1015          93.85      0.0846372       0.106733
            841           1284         161.36        0.11164       0.106733
            842           1404         -98.84     -0.0757302       0.106733
            843           1112          44.48      0.0384615       0.106733
            844           1047         126.13       0.107516       0.106733
            845           1053          20.87      0.0194344       0.106733
            846           1106         114.74      0.0939922       0.106733
            847            951         -97.71       -0.11451       0.106733
            848            825         606.75       0.423782       0.106733
            849            117        1385.43       0.922126       0.867928
            850            140         1193.6       0.895021       0.867928
            851            172        1669.88       0.906617       0.867928
            852            160         1279.4       0.888843       0.867928
            853             56        1282.24       0.958154       0.867928
            854            136        1374.44        0.90996       0.867928
            855            129        1387.91       0.914959       0.867928
            856            332        2306.28        0.87416       0.867928
            857            497         727.63       0.594163       0.867928
            858           1055         127.45       0.107785       0.106733
            859           1078         -37.38     -0.0359209       0.106733
            860           1079          70.41      0.0612575       0.106733
            861           1018         168.22       0.141812       0.106733
            862           1235          15.65      0.0125135       0.106733
            863           1126           8.54     0.00752728       0.106733
            864           1122          52.38      0.0446023       0.106733
            865            792         142.68       0.152651       0.106733
            866           1066          20.14      0.0185427       0.106733
            867           1367          64.93      0.0453444       0.106733
            868           1275          73.25      0.0543297       0.106733
            869            832         340.28       0.290272       0.106733
            870           1042          81.18      0.0722769       0.106733
            871            856         400.24       0.318602       0.106733
            872            898         354.42       0.282988       0.106733
            873           1157          49.03       0.040654       0.106733
            874           1077          77.83      0.0673952       0.106733
            875            998         173.42       0.148043       0.106733
            876           1027         564.33       0.354628       0.106733
            877            160         1825.4       0.919412       0.867928
            878             68        1777.72       0.963158       0.867928
            879            196        1264.84       0.865831       0.867928
            880             90         1055.1       0.921404       0.867928
            881            652         636.08        0.49382       0.867928
            882            913          58.27      0.0599936       0.106733
            883           1006          46.74      0.0443984       0.106733
            884           1103         -63.63     -0.0612198       0.106733
            885            928         -22.88     -0.0252784       0.106733
            886           1006          29.74      0.0287138       0.106733
            887            906         289.74        0.24231       0.106733
            888           1145          60.55       0.050226       0.106733
            889            996          48.84       0.046744       0.106733
            890           1045         139.55       0.117808       0.106733
            891           1022         -49.62     -0.0510294       0.106733
            892            853         -70.13     -0.0895806       0.106733
            893            998         127.42        0.11322       0.106733
            894            997          10.63      0.0105495       0.106733
            895           1094          18.26       0.016417       0.106733
            896           1190           64.1      0.0511124       0.106733
            897           1054         106.66       0.091896       0.106733
            898            996         106.84      0.0968772       0.106733
            899           1176         -23.96     -0.0207979       0.106733
            900            948         258.92        0.21453       0.106733
            901           1197          42.63      0.0343893       0.106733
            902            842         434.18       0.340218       0.106733
            903           1026         -21.46      -0.021363       0.106733
            904            385         830.15       0.683167       0.867928
            905            126        1369.54       0.915749       0.867928
            906            682         580.78       0.459922       0.106733
            907            973          27.67      0.0276515       0.106733
            908           1128         228.12       0.168215       0.106733
            909           1288         -23.48     -0.0185683       0.106733
            910           1209         126.11      0.0944566       0.106733
            911            997         303.63       0.233448       0.106733
            912           1021         410.59       0.286807       0.106733
            913           1154         247.66        0.17669       0.106733
            914            865         478.35       0.356087       0.106733
            915           1294          38.26      0.0287181       0.106733
            916           1301          75.79      0.0550483       0.106733
            917            557         912.03       0.620838       0.867928
            918            685         665.15       0.492649       0.867928
            919            964         120.56        0.11116       0.106733
            920           1186         368.94        0.23727       0.106733
            921           1169          81.51      0.0651814       0.106733
            922            946         556.34       0.370316       0.106733
            923            874         445.46       0.337608       0.106733
            924            903         251.37       0.217755       0.106733
            925           1094          68.26      0.0587304       0.106733
            926           1054          44.66      0.0406495       0.106733
            927           1186          90.94      0.0712171       0.106733
            928           1150           88.5      0.0714574       0.106733
            929           1096           3.84     0.00349142       0.106733
            930           1272         165.88       0.115364       0.106733
            931           1049         359.71       0.255347       0.106733
            932            210         1564.9       0.881683       0.867928
            933             79        1270.41       0.941456       0.867928
            934            196        1563.84       0.888626       0.867928
            935            328        1621.12       0.831719       0.867928
            936            112        1512.48       0.931055       0.867928
            937            160         2049.4       0.927582       0.867928
            938            176        1859.04       0.913515       0.867928
            939            106        1623.74       0.938719       0.867928
            940            410         1577.9       0.793752       0.867928
            941           1107         -17.47     -0.0160344       0.106733
            942           1274         218.46       0.146376       0.106733
            943           1170          182.3       0.134807       0.106733
            944            481        1072.99       0.690474       0.867928
            945            172        1883.88       0.916338       0.867928
            946            170         2276.3       0.930507       0.867928
            947            107        1470.53       0.932172       0.867928
            948            185        2374.15        0.92771       0.867928
            949            103        1614.37       0.940025       0.867928
            950            223        1580.17       0.876329       0.867928
            951            185        1741.15       0.903953       0.867928
            952            208        1767.32       0.894701       0.867928
            953            206        1891.74       0.901799       0.867928
            954            543         820.97       0.601897       0.867928
            955           1109         106.11      0.0873254       0.106733
            956            966          94.14      0.0887996       0.106733
            957           1038         162.02       0.135014       0.106733
            958           1021         126.59       0.110309       0.106733
            959            945         267.55       0.220651       0.106733
            960           1222         220.38       0.152789       0.106733
            961           1283         136.57      0.0962052       0.106733
            962           1304          42.16      0.0313187       0.106733
            963           1106          25.74      0.0227437       0.106733
            964           1044         243.76        0.18929       0.106733
            965           1062         -66.02     -0.0662865       0.106733
            966            854         475.66       0.357731       0.106733
            967           1295         137.05       0.095702       0.106733
            968           1087          69.73       0.060282       0.106733
            969           1186          86.94      0.0682986       0.106733
            970           1977         194.83      0.0897078       0.106733
            971           1147          84.13      0.0683356       0.106733
            972           1190           66.1      0.0526232       0.106733
            973           1250           68.5       0.051953       0.106733
            974           1383         -56.43     -0.0425383       0.106733
            975            969         100.51      0.0939776       0.106733
            976           1400            381       0.213925       0.106733
            977           1151         208.29       0.153234       0.106733
            978           1077         239.83       0.182127       0.106733
            979           1110          182.9       0.141465       0.106733
            980            993         171.47       0.147252       0.106733
            981           1244         117.76      0.0864763       0.106733
            982           1065         205.35       0.161648       0.106733
            983           1291         -16.11     -0.0126364       0.106733
            984            561        1153.19       0.672732       0.867928
            985            124        1301.96       0.913041       0.867928
            986             88        1653.52       0.949469       0.867928
            987            165        1686.35       0.910876       0.867928
            988            292        1729.68       0.855566       0.867928
            989            416        1522.64       0.785417       0.867928
            990            366        1473.14       0.800994       0.867928
            991            169        1526.51       0.900325       0.867928
            992             60          981.4       0.942385       0.867928
            993            156        1420.24        0.90103       0.867928
            994            120         1798.8       0.937461       0.867928
            995            216        1585.64       0.880109       0.867928
            996             96        1633.84       0.944504       0.867928
            997            129        2024.91       0.940109       0.867928
            998            127        1884.33       0.936858       0.867928
            999             36        1475.44       0.976182       0.867928
           1000             49        1389.71       0.965942       0.867928
           1001            123        2011.17       0.942366       0.867928
           1002             54        1744.66       0.969978       0.867928
           1003             79        1347.41       0.944616       0.867928
           1004            139        2049.81       0.936495       0.867928
           1005            124        1888.96       0.938399       0.867928
           1006             78        2053.62       0.963408       0.867928
           1007            120         1859.8       0.939388       0.867928
           1008            134        1759.86       0.929245       0.867928
           1009              1        1255.79       0.999204       0.867928
           1010            156        1951.24        0.92597       0.867928
           1011             82        1965.78       0.959957       0.867928
           1012            158        1319.82       0.893086       0.867928
           1013             66        1110.14       0.943884       0.867928
           1014             81        1718.99          0.955       0.867928
           1015             75        1176.25        0.94006       0.867928
           1016             94        1793.26       0.950192       0.867928
           1017            165        2270.35       0.932248       0.867928
           1018            -26        1232.46        1.02155       0.867928
           1019             56        1776.24       0.969436       0.867928
           1020            116        2005.64       0.945325       0.867928
           1021            148        1432.92       0.906384       0.867928
           1022             87        1980.73       0.957925       0.867928
           1023            124        1512.96        0.92425       0.867928
           1024             86        1394.94       0.941929       0.867928
           1025            129        1422.91       0.916877       0.867928
           1026            206        1550.74       0.882737       0.867928
           1027             58        1418.82       0.960726       0.867928
           1028            132        1766.28       0.930463       0.867928
           1029             59        2022.61       0.971657       0.867928
           1030            116        1214.64       0.912824       0.867928
           1031             26        1526.54       0.983253       0.867928
           1032            197        1164.63        0.85532       0.867928
           1033            130         1621.7       0.925786       0.867928
           1034             89        1271.31       0.934574       0.867928
           1035             30         1628.7       0.981914       0.867928
           1036             64        1620.56       0.962008       0.867928
           1037            153        1916.87       0.926082       0.867928
           1038            120         2020.8       0.943946       0.867928
           1039             76        1307.04       0.945049       0.867928
           1040            116        1283.64       0.917122       0.867928
           1041            129        1627.91       0.926576       0.867928
           1042            173        2157.67       0.925772       0.867928
           1043            142        1973.18       0.932866       0.867928
           1044            217        1773.43       0.890978       0.867928
           1045            147        1727.13       0.921564       0.867928
           1046              8        1617.32       0.995078       0.867928
           1047            124        2102.96       0.944319       0.867928
           1048            200           1947       0.906847       0.867928
           1049            174        1711.46       0.907715       0.867928
           1050            100           1427       0.934512       0.867928
           1051             75        1678.25       0.957222       0.867928
           1052             69        1190.51       0.945217       0.867928
           1053             98        1527.42       0.939708       0.867928
           1054            125        1783.75       0.934512       0.867928
           1055            171        1921.09       0.918264       0.867928
           1056            106        2150.74        0.95303       0.867928
           1057            126        2258.54        0.94716       0.867928
           1058            165        1745.35       0.913628       0.867928
           1059            195        1319.05       0.871206       0.867928
           1060            119        2342.01       0.951646       0.867928
           1061            301        1469.79       0.830019       0.867928
           1062           1111         247.69       0.182301       0.106733
           1063           1224         -66.04     -0.0570313       0.106733
           1064           1121         182.59       0.140067       0.106733
           1065           1038         125.02       0.107496       0.106733
           1066            985          30.15         0.0297       0.106733
           1067           1063          14.77      0.0137042       0.106733
           1068           1053          22.87      0.0212572       0.106733
           1069           1005          97.95      0.0888073       0.106733
           1070           1394           5.26     0.00375913       0.106733
           1071           1449          54.71      0.0363833       0.106733
           1072           1209         -23.89     -0.0201585       0.106733
           1073           1197          92.63      0.0718268       0.106733
           1074           1224         174.96       0.125064       0.106733
           1075           1343         -96.03     -0.0770107       0.106733
           1076           1364         -57.44     -0.0439628       0.106733
           1077           1028         201.12       0.163629       0.106733
           1078           1121          76.59      0.0639534       0.106733
           1079           1281          40.99      0.0310063       0.106733
           1080           1200            235       0.163763       0.106733
           1081           1186          38.94      0.0317893       0.106733
           1082           1152         103.08      0.0821302       0.106733
           1083           1127          61.33      0.0516102       0.106733
           1084           1148           7.92     0.00685169       0.106733
           1085           1540           98.6      0.0601733       0.106733
           1086           1179         195.41       0.142177       0.106733
           1087           1197           0.63    0.000526039       0.106733
           1088           1163          76.77      0.0619228       0.106733
           1089            924         475.96       0.339981       0.106733
           1090            113        1421.27       0.926349       0.867928
           1091            202        1337.58       0.868795       0.867928
           1092           1092         594.68       0.352574       0.106733
           1093           1361           8.19     0.00598164       0.106733
           1094           1128         127.12       0.101281       0.106733
           1095           1049          12.71      0.0119713       0.106733
           1096           1177         -40.17     -0.0353351       0.106733
           1097            999         123.21       0.109792       0.106733
           1098           1481          58.99      0.0383054       0.106733
           1099            993         280.47       0.220241       0.106733
           1100            730         1083.7       0.597508       0.867928
           1101           1143         202.97       0.150798       0.106733
           1102           1179         247.41       0.173449       0.106733
           1103           1349         191.71        0.12443       0.106733
           1104           1421         176.59       0.110535       0.106733
           1105           1287          -6.27    -0.00489565       0.106733
           1106           1670          212.3       0.112788       0.106733
           1107           2042          -9.82    -0.00483225       0.106733
           1108           1477         104.83      0.0662713       0.106733
           1109           1325           9.75     0.00730474       0.106733
           1110           1015         153.85       0.131625       0.106733
           1111           1345         134.55      0.0909398       0.106733
           1112           1142         -57.82     -0.0533306       0.106733
           1113           1184         101.36      0.0788573       0.106733
           1114           1265          74.35       0.055512       0.106733
           1115           1210          -11.1    -0.00925849       0.106733
           1116           1148         483.92       0.296534       0.106733
           1117            113        2433.27       0.955621       0.867928
           1118            274        1523.46       0.847563       0.867928
           1119             50         1918.5         0.9746       0.867928
           1120            150         1826.5       0.924108       0.867928
           1121            130         1513.7        0.92091       0.867928
           1122            213        1722.27       0.889938       0.867928
           1123            126        1870.54       0.936891       0.867928
           1124             92        1778.68        0.95082       0.867928
           1125            140         2130.6       0.938342       0.867928
           1126             26        1853.54       0.986167       0.867928
           1127             94        1291.26       0.932143       0.867928
           1128            148        1720.92        0.92081       0.867928
           1129            161        1661.19       0.911645       0.867928
           1130            149        1586.71       0.914156       0.867928
           1131            140         2191.6       0.939955       0.867928
           1132            207        2339.53       0.918713       0.867928
           1133             14        1922.06       0.992769       0.867928
           1134             47        1854.13       0.975278       0.867928
           1135           1223         344.17       0.219612       0.106733
           1136           1212         140.48       0.103868       0.106733
           1137           1111         -25.31     -0.0233124       0.106733
           1138            986         302.94        0.23503       0.106733
           1139           1238          89.02      0.0670826       0.106733
           1140           1140           28.6      0.0244737       0.106733
           1141           1365          51.35      0.0362552       0.106733
           1142           1146         114.34      0.0907216       0.106733
           1143           1056         218.24       0.171271       0.106733
           1144           1311          82.69      0.0593317       0.106733
           1145           1040          126.6        0.10852       0.106733
           1146           1221          21.59       0.017375       0.106733
           1147           1312         123.48        0.08602       0.106733
           1148           1083         198.57       0.154943       0.106733
           1149           1147         372.13       0.244963       0.106733
           1150           1206         131.74      0.0984795       0.106733
           1151           1188          82.52      0.0649498       0.106733
           1152           1286           4.94     0.00382667       0.106733
           1153            955         437.45       0.314158       0.106733
