              0             70          387.3       0.846928       0.847846
              1             61         444.19       0.879253       0.847846
              2            108         388.32       0.782398       0.847846
              3             75         282.25       0.790063       0.847846
              4            106         477.74       0.818412       0.847846
              5             26         455.54       0.946007       0.847846
              6            160          341.4       0.680893       0.847846
              7             16         349.64       0.956241       0.847846
              8             -1         468.21        1.00214       0.847846
              9             93         487.47       0.839785       0.847846
             10            128         515.12        0.80097       0.847846
             11             74         362.46       0.830454       0.847846
             12             87         423.73       0.829656       0.847846
             13             27         385.33       0.934518       0.847846
             14            124         265.96       0.682019       0.847846
             15            229         112.91       0.330233       0.131374
             16             11         363.69       0.970642       0.847846
             17             -6         454.26        1.01339       0.847846
             18            117         414.43       0.779839       0.847846
             19             39         348.81       0.899435       0.847846
             20             20          528.8       0.963557       0.847846
             21            125         182.75       0.593826       0.847846
             22             68         450.72       0.868908       0.847846
             23             82         416.78       0.835599       0.847846
             24             43         448.97       0.912596       0.847846
             25            145         -27.45      -0.233518       0.131374
             26             93         290.47       0.757478       0.847846
             27             83         343.57       0.805425       0.847846
             28            108         434.32       0.800856       0.847846
             29            110          454.9       0.805275       0.847846
             30             14         320.06       0.958091       0.847846
             31             89         398.31       0.817365       0.847846
             32             93         369.47       0.798906       0.847846
             33             57         400.03       0.875282       0.847846
             34             35         339.65       0.906579       0.847846
             35              9         371.11       0.976323       0.847846
             36             80          368.2       0.821508       0.847846
             37             47         466.13       0.908405       0.847846
             38             79         382.41       0.828786       0.847846
             39             31         511.49       0.942856       0.847846
             40             18         442.22       0.960888       0.847846
             41             15         545.85       0.973255       0.847846
             42             68         366.72       0.843577       0.847846
             43             63         333.77       0.841218       0.847846
             44            236         189.44        0.44528       0.131374
             45            295         247.05        0.45577       0.131374
             46            243         115.97       0.323063       0.131374
             47            277          49.83       0.152465       0.131374
             48            236         180.44       0.433292       0.131374
             49            145         130.55        0.47378       0.131374
             50            175         316.25       0.643766       0.847846
             51            211         125.69       0.373311       0.131374
             52            109         130.11       0.544143       0.131374
             53            272         119.88        0.30591       0.131374
             54            257          62.03       0.194433       0.131374
             55            242         152.18       0.386067       0.131374
             56            247         200.13       0.447588       0.131374
             57            201         -24.21      -0.136942       0.131374
             58            143          50.97       0.262773       0.131374
             59             84          76.36       0.476179       0.131374
             60             64         -64.44              1       0.847846
             61            397         149.63       0.273732       0.131374
             62            409         177.11       0.302179       0.131374
             63            256          48.24       0.158559       0.131374
             64            104         193.16        0.65002       0.847846
             65             30          430.7       0.934882       0.847846
             66             -5         346.05        1.01466       0.847846
             67             66         410.14       0.861385       0.847846
             68              7         486.53       0.985816       0.847846
             69             70          439.3       0.862556       0.847846
             70             72         368.88        0.83669       0.847846
             71             66         274.14       0.805962       0.847846
             72             10          460.9       0.978764       0.847846
             73             28         308.12       0.916696       0.847846
             74             66         426.14       0.865892       0.847846
             75             20          291.8       0.935856       0.847846
             76              5         382.95       0.987112       0.847846
             77            119         427.01       0.782055       0.847846
             78             17         422.43       0.961314       0.847846
             79            -22         563.62        1.04062       0.847846
             80             32         372.28       0.920847       0.847846
             81             88         359.52       0.803361       0.847846
             82             97         332.63       0.774224       0.847846
             83            648         -37.08     -0.0606953       0.131374
             84            697          42.63      0.0576369       0.131374
             85            445         153.55       0.256537       0.131374
             86             72         255.88       0.780407       0.847846
             87            371          15.09      0.0390842       0.131374
             88            287         262.73       0.477926       0.131374
             89             97          86.63       0.471764       0.131374
             90             74         141.46       0.656549       0.847846
             91            138         436.02        0.75959       0.847846
             92            205          35.95       0.149201       0.131374
             93            274          23.46      0.0788677       0.131374
             94            259          83.61       0.244038       0.131374
             95            420           66.8       0.137223       0.131374
             96            301         166.79       0.356549       0.131374
             97             64         437.56       0.872398       0.847846
             98            258         184.82        0.41737       0.131374
             99            243         130.97       0.350215       0.131374
            100            298          35.42       0.106232       0.131374
            101            235         226.65       0.490956       0.131374
            102            382           9.78       0.024963       0.131374
            103            435          97.65       0.183329       0.131374
            104            344         112.76       0.246869       0.131374
            105            607         217.53       0.263823       0.131374
            106            296         166.84        0.36047       0.131374
            107            344         227.76       0.398349       0.131374
            108            488          49.52      0.0921268       0.131374
            109            460          170.4       0.270305       0.131374
            110            462         159.98       0.257211       0.131374
            111            526         104.54       0.165794       0.131374
            112            535         232.65       0.303068       0.131374
            113            433          49.07        0.10179       0.131374
            114             70          461.3       0.868248       0.847846
            115             55         418.45       0.883831       0.847846
            116             20          534.8       0.963951       0.847846
            117             86         456.94       0.841603       0.847846
            118             28         267.12       0.905123       0.847846
            119             45         494.55       0.916597       0.847846
            120            -32         283.72        1.12713       0.847846
            121             80          394.2       0.831295       0.847846
            122             28         397.12       0.934136       0.847846
            123             21         476.59       0.957797       0.847846
            124             12         374.48       0.968951       0.847846
            125            -10          496.1        1.02057       0.847846
            126            123         351.17       0.740599       0.847846
            127             65         491.35       0.883167       0.847846
            128            266         107.14       0.287131       0.131374
            129            360          190.4        0.34593       0.131374
            130            144         296.76       0.673292       0.847846
            131            384          33.36       0.079931       0.131374
            132            336          81.44       0.195094       0.131374
            133            509         111.11       0.179178       0.131374
            134            500            121       0.194847       0.131374
            135             71         476.09       0.870222       0.847846
            136            145         212.55       0.594462       0.847846
            137            302         242.58       0.445444       0.847846
            138            176         335.04       0.655604       0.847846
            139            235          47.65       0.168583       0.131374
            140             41         450.39       0.916563       0.847846
            141             15         364.85       0.960511       0.847846
            142            -13         506.73        1.02633       0.847846
            143             62         388.98       0.862522       0.847846
            144             35         414.65       0.922162       0.847846
            145             19         431.01       0.957779       0.847846
            146            210          354.9       0.628253       0.847846
            147            189          36.31       0.161156       0.131374
            148            238          91.02        0.27664       0.131374
            149            407         155.53       0.276483       0.131374
            150            354         170.66       0.325277       0.131374
            151            397         127.63       0.243276       0.131374
            152            400            119       0.229287       0.131374
            153            336          73.44       0.179367       0.131374
            154             81         371.99       0.821188       0.847846
            155             17         368.43       0.955893       0.847846
            156            100            299       0.749373       0.847846
            157             16         229.64       0.934864       0.847846
            158             82         266.78       0.764895       0.847846
            159             77         345.83       0.817894       0.847846
            160            292          93.68       0.242896       0.131374
            161            354          77.66        0.17991       0.131374
            162             59         249.61        0.80882       0.847846
            163            150          235.5       0.610895       0.847846
            164            341         115.39       0.252832       0.131374
            165            167         290.93       0.635315       0.131374
            166            402         -16.42     -0.0425852       0.131374
            167            323         223.17       0.408609       0.131374
            168            323           3.17     0.00971886       0.131374
            169            220          376.8       0.631367       0.847846
            170            -10          413.1        1.02481       0.847846
            171             41         424.39       0.911902       0.847846
            172             78         361.62       0.822574       0.847846
            173             67         320.93       0.827288       0.847846
            174             59         424.61       0.878001       0.847846
            175             39         504.81       0.928284       0.847846
            176             -6         422.26        1.01441       0.847846
            177             37         341.23       0.902176       0.847846
            178             28         533.12         0.9501       0.847846
            179             93         458.47        0.83136       0.847846
            180             61         364.19       0.856535       0.847846
            181            234         100.86       0.301201       0.131374
            182            275          52.25       0.159664       0.131374
            183            157         399.03       0.717641       0.847846
            184            569         201.51       0.261528       0.131374
            185            651          61.29      0.0860464       0.131374
            186             50          328.5         0.8679       0.847846
            187             61         508.19        0.89283       0.847846
            188             83         362.57       0.813722       0.847846
            189            145         277.55       0.656845       0.847846
            190             64         370.56       0.852725       0.847846
            191            -69         319.49        1.27546       0.847846
            192            125         212.75       0.629904       0.847846
            193            380           94.2        0.19865       0.131374
            194            352          33.08      0.0859042       0.131374
            195            368         -30.28     -0.0896601       0.131374
            196             68         420.72       0.860861       0.847846
            197             38         395.02       0.912244       0.847846
            198             91         440.89       0.828912       0.847846
            199             14         313.06       0.957194       0.847846
            200              2         336.58       0.994093       0.847846
            201            115         225.85       0.662608       0.847846
            202            264         277.56       0.512519       0.847846
            203            437         121.23       0.217169       0.131374
            204            360           19.4      0.0511334       0.131374
            205            512         -49.52      -0.107075       0.131374
            206            468          11.72      0.0244309       0.131374
            207            433          32.07      0.0689574       0.131374
            208            514         113.06       0.180302       0.131374
            209            231          76.49       0.248756       0.131374
            210            401          58.79       0.127863       0.131374
            211            311          14.69      0.0451042       0.131374
            212            294         113.26       0.278102       0.131374
            213            568          52.72      0.0849336       0.131374
            214            815          59.85      0.0684117       0.131374
            215            309         147.11       0.322532       0.131374
            216            154         497.66        0.76368       0.847846
            217            -41         380.61        1.12073       0.847846
            218             89         330.31       0.787747       0.847846
            219             75         393.25       0.839829       0.847846
            220            234         150.86       0.391987       0.131374
            221            451         119.29       0.209174       0.131374
            222            223         124.17       0.357663       0.131374
            223            458          54.82       0.106899       0.131374
            224            362          51.98       0.125562       0.131374
            225            507         -24.47     -0.0507119       0.131374
            226            655        -103.55      -0.187778       0.131374
            227            333         131.07       0.282436       0.131374
            228            501          81.79       0.140342       0.131374
            229            314         -19.94     -0.0678093       0.131374
            230            538          44.02      0.0756331       0.131374
            231            417          65.43       0.135626       0.131374
            232            279          31.41       0.101189       0.131374
            233            561         131.19       0.189529       0.131374
            234            697          36.63      0.0499298       0.131374
            235            505         173.95       0.256204       0.131374
            236            409          11.11      0.0264455       0.131374
            237            432          92.28       0.176013       0.131374
            238            433          51.07       0.105501       0.131374
            239            488          79.52       0.140118       0.131374
            240            263         136.77       0.342122       0.131374
            241            316          65.64       0.171995       0.131374
            242            377          22.83      0.0570993       0.131374
            243            314         229.06       0.421795       0.131374
            244            172          88.88       0.340693       0.131374
            245            455          31.45      0.0646521       0.131374
            246            454         152.66        0.25164       0.131374
            247            464          -0.44   -0.000949176       0.131374
            248            304         -81.84      -0.368383       0.131374
            249            330          164.7       0.332929       0.131374
            250            409          79.11       0.162074       0.131374
            251             72         358.88         0.8329       0.847846
            252             33         442.07       0.930537       0.847846
            253             27         387.33       0.934835       0.847846
            254             96         458.84       0.826977       0.847846
            255             41         422.39       0.911522       0.847846
            256             33         322.07       0.907061       0.847846
            257             94         357.26       0.791694       0.847846
            258            -11         380.31        1.02979       0.847846
            259            -31         208.51        1.17464       0.847846
            260            154         254.66       0.623159       0.847846
            261             -5         444.05        1.01139       0.847846
            262              6         166.74       0.965266       0.847846
            263            117         374.43       0.761919       0.847846
            264             12         394.48       0.970478       0.847846
            265             26         365.54       0.933596       0.847846
            266            125         213.75       0.630996       0.847846
            267            594         -34.74     -0.0621178       0.131374
            268            396         -78.16       -0.24591       0.131374
            269            170          171.3       0.501904       0.847846
            270             93         316.47       0.772877       0.847846
            271             59         472.61       0.889016       0.847846
            272             62         463.98       0.882125       0.847846
            273             59         297.61       0.834553       0.847846
            274             75         266.25        0.78022       0.847846
            275            171         303.09       0.639309       0.847846
            276            -22         386.62        1.06034       0.847846
            277             62         331.98       0.842632       0.847846
            278             56         317.24       0.849962       0.847846
            279            206         137.74        0.40071       0.847846
            280            128         210.12       0.621436       0.847846
            281             12         222.48       0.948823       0.847846
            282             85         459.15       0.843793       0.847846
            283             76         358.04       0.824901       0.847846
            284            354          40.66       0.103025       0.131374
            285            240          133.6       0.357602       0.131374
            286            320           47.8       0.129962       0.131374
            287            529          97.91       0.156179       0.131374
            288            430           36.7      0.0786372       0.131374
            289            415         -38.15      -0.101234       0.131374
            290            208         204.32       0.495537       0.131374
            291            543          82.97       0.132546       0.131374
            292             92         270.68       0.746333       0.847846
            293            100            204       0.671053       0.847846
            294             -1         437.21        1.00229       0.847846
            295            115         426.85       0.787764       0.847846
            296            387          41.73       0.097334       0.131374
            297            375          56.25       0.130435       0.131374
            298            294          95.26       0.244721       0.131374
            299            456           5.24      0.0113607       0.131374
            300            215         -25.15      -0.132473       0.131374
            301            300             86       0.222798       0.131374
            302            251          37.29       0.129349       0.131374
            303            155         417.45       0.729234       0.847846
            304            153         258.87       0.628524       0.847846
            305            -24         416.04        1.06122       0.847846
            306             27         468.33       0.945491       0.847846
            307            113         296.27       0.723899       0.847846
            308            177         336.83       0.655528       0.847846
            309            402          42.58      0.0957758       0.131374
            310            304         125.16       0.291639       0.131374
            311            214          37.06       0.147614       0.131374
            312             52         487.08       0.903539       0.847846
            313             25         250.75       0.909338       0.847846
            314            214         -31.94      -0.175437       0.131374
            315            315         116.85        0.27058       0.131374
            316            400            127       0.240987       0.131374
            317            459         174.61        0.27558       0.131374
            318            285         109.15       0.276925       0.131374
            319            263         406.77       0.607328       0.131374
            320            271         107.09       0.283239       0.131374
            321            384         273.36       0.415845       0.131374
            322            402          61.58       0.132836       0.131374
            323            431          -9.51     -0.0225628       0.131374
            324             -7         411.47        1.01731       0.847846
            325              9         429.11       0.979457       0.847846
            326             75         287.25       0.792961       0.847846
            327             39         331.81       0.894825       0.847846
            328             74         255.46        0.77539       0.847846
            329            -38         385.98         1.1092       0.847846
            330              4         392.16       0.989903       0.847846
            331             22         446.38        0.95303       0.847846
            332            121         436.59       0.782995       0.847846
            333             88         425.52       0.828634       0.847846
            334            295         154.05       0.343058       0.131374
            335            381         -66.01      -0.209562       0.131374
            336            407          45.53       0.100612       0.131374
            337            624          30.96      0.0472701       0.131374
            338            315          13.85      0.0421165       0.131374
            339            428         156.12       0.267274       0.131374
            340            567          80.93       0.124905       0.131374
            341            373          33.67      0.0827944       0.131374
            342            273          97.67       0.263496       0.131374
            343            369          88.51        0.19346       0.131374
            344            421         -21.41     -0.0535799       0.131374
            345            494           8.26      0.0164457       0.131374
            346            242         187.18       0.436134       0.131374
            347             54         423.66       0.886949       0.847846
            348             13         431.27       0.970739       0.847846
            349            120          323.8       0.729608       0.847846
            350             71         385.09       0.844329       0.847846
            351             86         270.94       0.759063       0.847846
            352            322          64.38       0.166624       0.131374
            353            270           86.3       0.242212       0.131374
            354            354          56.66       0.137973       0.131374
            355            492          35.68      0.0676167       0.131374
            356            261           9.19      0.0340131       0.131374
            357             60          406.4       0.871355       0.847846
            358             82         272.78       0.768871       0.847846
            359             63         245.77       0.795965       0.847846
            360             49         225.71        0.82163       0.847846
            361              8         162.32        0.95303       0.847846
            362             10          407.9       0.976071       0.847846
            363             25         368.75       0.936508       0.847846
            364            220          138.8       0.386845       0.131374
            365            234         -28.14      -0.136695       0.131374
            366             85         263.15       0.755852       0.847846
            367            154         243.66       0.612734       0.847846
            368            126         307.54       0.709369       0.847846
            369             46         294.34       0.864841       0.847846
            370             36         552.44       0.938821       0.847846
            371             46         300.34       0.867183       0.847846
            372            196         232.84       0.542953       0.847846
            373            419          93.01       0.181657       0.131374
            374            305          13.95      0.0437373       0.131374
            375            427          31.33      0.0683569       0.131374
            376            199         238.21       0.544841       0.847846
            377            106         272.74       0.720125       0.847846
            378            347         120.13       0.257166       0.131374
            379             51         293.29       0.851869       0.847846
            380              8         394.32       0.980115       0.847846
            381              3         359.37       0.991721       0.847846
            382             96         491.84        0.83669       0.847846
            383            130          344.7       0.726143       0.847846
            384            150          321.5       0.681866       0.847846
            385            116         208.64       0.642681       0.847846
            386            403          97.37       0.194596       0.131374
            387            312          31.48      0.0916502       0.131374
            388            407         168.53       0.292826       0.131374
            389            449          29.71      0.0620626       0.131374
            390            422          67.38       0.137684       0.131374
            391            576        -107.96      -0.230664       0.131374
            392            242          55.18       0.185679       0.131374
            393             37         409.23       0.917083       0.847846
            394            170          352.3       0.674517       0.847846
            395            337         111.23       0.248154       0.131374
            396            163         289.77       0.639994       0.847846
            397            144         365.76       0.717514       0.847846
            398            111         544.69       0.830713       0.847846
            399             74         356.46       0.828091       0.847846
            400             18         400.22        0.95696       0.847846
            401             85         445.15       0.839668       0.847846
            402             99         268.21       0.730399       0.847846
            403             59         434.61       0.880472       0.847846
            404            100            284       0.739583       0.847846
            405             51         382.29       0.882296       0.847846
            406             50          251.5       0.834163       0.847846
            407            243         384.97       0.613039       0.847846
            408            283          27.57      0.0887723       0.131374
            409            386          26.94      0.0652395       0.131374
            410            270           63.3       0.189919       0.131374
            411            445          53.55       0.107411       0.131374
            412            440           51.6       0.104963       0.131374
            413            368          49.72       0.119027       0.131374
            414            550           41.5      0.0701606       0.131374
            415            326         -59.46      -0.223081       0.131374
            416            360          140.4       0.280576       0.131374
            417            345          51.55       0.129996       0.131374
            418            419          86.01       0.170313       0.131374
            419            259         156.61        0.37682       0.131374
            420            349         -26.29     -0.0814663       0.131374
            421            313          74.27       0.191778       0.131374
            422            537         165.23       0.235293       0.131374
            423            382          70.78       0.156323       0.131374
            424            410          -28.1     -0.0735795       0.131374
            425            213         246.27       0.536221       0.847846
            426             87         340.73       0.796601       0.847846
            427            349         -77.29      -0.284458       0.131374
            428            367          49.93       0.119756       0.131374
            429            227         113.33          0.333       0.131374
            430             93         454.47       0.830128       0.847846
            431             71         437.09       0.860261       0.847846
            432             10          262.9       0.963357       0.847846
            433             65         349.35       0.843128       0.847846
            434             51         295.29       0.852725       0.847846
            435             73         447.67       0.859796       0.847846
            436            -32         295.72        1.12134       0.847846
            437             52         421.08       0.890082       0.847846
            438             34         280.86       0.892015       0.847846
            439            306         139.74       0.313501       0.131374
            440            338         117.02       0.257176       0.131374
            441            396         139.84       0.260973       0.131374
            442             84          82.36       0.495071       0.847846
            443            109         427.11       0.796684       0.847846
            444            168         317.72       0.654122       0.847846
            445            140          299.6       0.681529       0.847846
            446             49         362.71       0.880984       0.847846
            447             33         343.07        0.91225       0.847846
            448             -4         356.84        1.01134       0.847846
            449             -8         490.68        1.01657       0.847846
            450             53         301.87        0.85065       0.847846
            451             51         234.29       0.821235       0.847846
            452             94         240.26       0.718782       0.847846
            453            563           7.77      0.0136132       0.131374
            454            364         315.56       0.464359       0.131374
            455             61         187.19       0.754221       0.847846
            456             59         210.61       0.781165       0.847846
            457             29         375.91       0.928379       0.847846
            458             10          281.9       0.965742       0.847846
            459             57         301.03       0.840795       0.847846
            460             12         233.48       0.951116       0.847846
            461             26         472.54       0.947848       0.847846
            462             33         344.07       0.912483       0.847846
            463             77         245.83       0.761484       0.847846
            464             65         324.35       0.833055       0.847846
            465            174         356.46       0.671983       0.847846
            466            335          85.65       0.203613       0.131374
            467            491         152.89       0.237447       0.131374
            468            193         272.47       0.585365       0.131374
            469            210          173.9       0.452983       0.847846
            470             12         436.48       0.973243       0.847846
            471             39         100.81        0.72105       0.847846
            472            138         -19.98      -0.169293       0.131374
            473            447         131.13       0.226817       0.131374
            474            383          56.57       0.128694       0.131374
            475            191          80.89        0.29751       0.131374
            476            123         443.17       0.782751       0.847846
            477             34         332.86       0.907322       0.847846
            478             66         127.14       0.658279       0.847846
            479             51         370.29       0.878943       0.847846
            480            159         260.61       0.621077       0.847846
            481            328          26.12      0.0737603       0.131374
            482            437          -0.77    -0.00176512       0.131374
            483            297          18.63      0.0590248       0.131374
            484            355           0.45       0.001266       0.131374
            485            305          97.95       0.243082       0.131374
            486            292         230.68       0.441341       0.131374
            487            403         101.37       0.200983       0.131374
            488            -46         363.66        1.14481       0.847846
            489             -5         377.05        1.01344       0.847846
            490             24         443.96       0.948714       0.847846
            491            123         367.17       0.749067       0.847846
            492            100            263       0.724518       0.847846
            493            222         192.38        0.46426       0.131374
            494            347         -56.87      -0.196016       0.131374
            495            169          -3.49     -0.0210863       0.131374
            496            246         144.34        0.36978       0.131374
            497             -2          94.42        1.02164       0.847846
            498              2         427.58       0.995344       0.847846
            499            100            227        0.69419       0.847846
            500            288          20.52      0.0665111       0.131374
            501            415         137.85       0.249344       0.131374
            502            209          79.11       0.274583       0.131374
            503            377          83.83       0.181911       0.131374
            504            469          29.51      0.0591964       0.131374
            505            318         -80.78      -0.340528       0.131374
            506            436         -12.56     -0.0296618       0.131374
            507            325         -22.25      -0.073493       0.131374
            508            585          73.15       0.111145       0.131374
            509            286          23.94      0.0772408       0.131374
            510             26         305.54       0.921578       0.847846
            511             13         379.27        0.96686       0.847846
            512            -23         244.83        1.10368       0.847846
            513             64         290.56       0.819495       0.847846
            514             79         302.41       0.792874       0.847846
            515            100            385       0.793814       0.847846
            516             35         392.65       0.918157       0.847846
            517              0            344              1       0.847846
            518             -5         406.05        1.01247       0.847846
            519            128         214.12       0.625862       0.847846
            520            144         326.76       0.694112       0.847846
            521             29         313.91        0.91543       0.847846
            522            128         239.12        0.65134       0.847846
            523             -8         399.68        1.02042       0.847846
            524             54         347.66       0.865558       0.847846
            525             18         338.22       0.949469       0.847846
            526             46         400.34        0.89694       0.847846
            527             -5         307.05        1.01655       0.847846
            528            108         200.32       0.649715       0.847846
            529              1          87.79       0.988737       0.847846
            530            115         167.85       0.593424       0.847846
            531            451          -5.71     -0.0128231       0.131374
            532            110           41.9       0.275839       0.131374
            533             -5          -1.95       0.280576       0.131374
            534            279          95.41       0.254828       0.131374
            535             35         238.65       0.872099       0.847846
            536            101         397.79        0.79751       0.847846
            537            144         128.76       0.472063       0.131374
            538            313          -8.73     -0.0286916       0.131374
            539            220          167.8       0.432697       0.131374
            540            380            8.2      0.0211231       0.131374
            541            502          32.58       0.060945       0.131374
            542            301         107.79       0.263681       0.131374
            543            390           86.1       0.180844       0.131374
            544            296          28.84      0.0887822       0.131374
            545            338          53.02       0.135594       0.131374
            546            433           0.07    0.000161637       0.131374
            547            354          45.66       0.114247       0.131374
            548            406           1.74     0.00426743       0.131374
            549            411          32.69      0.0736776       0.131374
            550            313          -6.73     -0.0219741       0.131374
            551            303          49.37       0.140108       0.131374
            552            375         -80.75      -0.274427       0.131374
            553            352         139.08       0.283213       0.131374
            554            316         -42.36      -0.154802       0.131374
            555            392           8.68      0.0216632       0.131374
            556            448         -25.08      -0.059302       0.131374
            557            464         -34.44     -0.0801751       0.131374
            558            452         -40.92     -0.0995427       0.131374
            559            749         -65.29     -0.0954937       0.131374
            560            473         111.67       0.190997       0.131374
            561            521         -27.41     -0.0555319       0.131374
            562            483         -50.43      -0.116582       0.131374
            563            200             38       0.159664       0.131374
            564            267          83.93       0.239165       0.131374
            565            413         -26.73     -0.0692003       0.131374
            566            188         -67.48      -0.559907       0.131374
            567            548         128.92       0.190451       0.131374
            568            353         -11.13     -0.0325562       0.131374
            569            324          62.96       0.162704       0.131374
            570            501          23.79      0.0453324       0.131374
            571            374          49.46         0.1168       0.131374
            572            402          12.58       0.030344       0.131374
            573            590           14.1      0.0233405       0.131374
            574            337          76.23       0.184474       0.131374
            575            143          91.97       0.391412       0.131374
            576            -23         393.83        1.06202       0.847846
            577             35         301.65       0.896034       0.847846
            578             41         354.39       0.896305       0.847846
            579             21         265.59       0.926725       0.847846
            580            102         294.58       0.742801       0.847846
            581             43         366.97       0.895114       0.847846
            582            -11         369.31         1.0307       0.847846
            583             31         443.49       0.934667       0.847846
            584             -3         264.63        1.01147       0.847846
            585             77         252.83       0.766546       0.847846
            586            -49         245.29        1.24963       0.847846
            587             79         180.41       0.695463       0.847846
            588            583         124.57       0.176053       0.131374
            589            350           98.5       0.219621       0.131374
            590            346         127.34       0.269024       0.131374
            591             -9         367.89        1.02508       0.847846
            592             15         448.85       0.967662       0.847846
            593             63         369.77       0.854426       0.847846
            594             28         433.12       0.939278       0.847846
            595             52         225.08       0.812329       0.847846
            596             55         198.45       0.782995       0.847846
            597            -48         379.08        1.14498       0.847846
            598             45         241.55       0.842959       0.847846
            599            448         204.92       0.313852       0.131374
            600            403         125.37       0.237277       0.131374
            601             90          395.1       0.814471       0.847846
            602             30          344.7       0.919936       0.847846
            603             60          246.4       0.804178       0.847846
            604            116         486.64       0.807514       0.847846
            605            158         159.82       0.502863       0.847846
            606            615        -101.15      -0.196847       0.131374
            607            427          40.33      0.0862988       0.131374
            608            304         -30.84      -0.112901       0.131374
            609            570         -128.7      -0.291638       0.131374
            610            191         277.89       0.592655       0.847846
            611            157         345.03        0.68727       0.847846
            612            443          45.97      0.0940139       0.131374
            613            481          13.99      0.0282632       0.131374
            614            337         -26.77     -0.0862908       0.131374
            615            380          -16.8     -0.0462555       0.131374
            616            531          11.49      0.0211801       0.131374
            617            604          17.16      0.0276257       0.131374
            618            382          99.78       0.207107       0.131374
            619            432          78.28       0.153406       0.131374
            620            295         -12.95     -0.0459138       0.131374
            621            224          24.96       0.100257       0.131374
            622            360          -54.6      -0.178782       0.131374
            623            353         -43.13      -0.139187       0.131374
            624            383         -65.43      -0.206033       0.131374
            625            604          47.16      0.0724246       0.131374
            626            396         -49.16      -0.141737       0.131374
            627            176         -81.96      -0.871544       0.131374
            628            332          85.28       0.204371       0.131374
            629            422         -13.62     -0.0333513       0.131374
            630            181          18.99      0.0949547       0.131374
            631            271         233.09       0.462398       0.131374
            632             25         360.75       0.935191       0.847846
            633             58         143.82       0.712615       0.847846
            634             68         167.72       0.711522       0.847846
            635             74         259.46       0.778084       0.847846
            636            291          42.89       0.128455       0.131374
            637            358          24.82      0.0648346       0.131374
            638             27         291.33       0.915182       0.847846
            639             17         314.43       0.948707       0.847846
            640             88         159.52       0.644473       0.847846
            641             22         260.38       0.922091       0.847846
            642             70          280.3       0.800171       0.847846
            643            -20          295.2        1.07267       0.847846
            644             -4         183.84        1.02224       0.847846
            645            366          15.14      0.0397229       0.131374
            646            442          77.18       0.148657       0.131374
            647            284         104.36        0.26872       0.131374
            648            427         -20.67       -0.05087       0.131374
            649            457         108.03       0.191193       0.131374
            650            368          30.72      0.0770465       0.131374
            651            387          -9.27     -0.0245413       0.131374
            652            195          94.05       0.325376       0.131374
            653            309         -29.89       -0.10709       0.131374
            654            340           44.6       0.115965       0.131374
            655            445          34.55      0.0720467       0.131374
            656            181         280.99       0.608217       0.847846
            657             33         511.07       0.939346       0.847846
            658             44         258.76        0.85467       0.847846
            659            177         158.83       0.472948       0.131374
            660            113         103.27       0.477505       0.131374
            661            377         -88.17      -0.305266       0.131374
            662            275         167.25        0.37818       0.131374
            663             67         447.93       0.869885       0.847846
            664             64         355.56       0.847459       0.847846
            665            144          20.76       0.126001       0.131374
            666            -29         355.09        1.08893       0.847846
            667             38         335.02       0.898129       0.847846
            668             17         314.43       0.948707       0.847846
            669            178         341.62       0.657442       0.847846
            670             66         289.14       0.814158       0.847846
            671             52         312.08       0.857174       0.847846
            672             14         268.06       0.950365       0.847846
            673             26         419.54       0.941644       0.847846
            674            112         307.48       0.733003       0.847846
            675             32         229.28       0.877526       0.847846
            676             74          50.46       0.405431       0.131374
            677            160          130.4       0.449036       0.131374
            678            300            140       0.318182       0.131374
            679            507         164.53       0.245008       0.131374
            680            383         -46.43      -0.137951       0.131374
            681            551         -84.71      -0.181668       0.131374
            682            260          133.4       0.339095       0.131374
            683            321         105.59       0.247521       0.131374
            684            395         100.05       0.202101       0.131374
            685            327          17.33      0.0503296       0.131374
            686            467          -8.07     -0.0175844       0.131374
            687            490          -48.9      -0.110859       0.131374
            688            297          42.63       0.125519       0.131374
            689              6         350.74       0.983181       0.847846
            690            135         385.65       0.740709       0.847846
            691             77         212.83       0.734327       0.847846
            692             50          433.5       0.896587       0.847846
            693             58         392.82       0.871346       0.847846
            694             19         274.01       0.935156       0.847846
            695            204         106.16       0.342275       0.131374
            696            310          107.9       0.258196       0.131374
            697            268         134.72       0.334525       0.131374
            698            362          34.98      0.0881153       0.131374
            699            408          21.32      0.0496599       0.131374
            700            451          77.29       0.146302       0.131374
            701            445         -64.45       -0.16936       0.131374
            702            486         -10.06     -0.0211371       0.131374
            703            434          30.86      0.0663856       0.131374
            704            585          40.15      0.0642246       0.131374
            705            402         -30.42     -0.0818666       0.131374
            706            382          32.78      0.0790298       0.131374
            707            616         -72.36      -0.133103       0.131374
            708            678        -100.38      -0.173782       0.131374
            709            335          19.65      0.0554067       0.131374
            710            394          53.26       0.119081       0.131374
            711            308         -70.68      -0.297826       0.131374
            712            335          -1.35    -0.00404616       0.131374
            713            421          23.59      0.0530601       0.131374
            714            390           19.1      0.0466879       0.131374
            715            426          14.54      0.0330049       0.131374
            716            480           83.2       0.147727       0.131374
            717            471        -107.91      -0.297199       0.131374
            718            450          -50.5      -0.126408       0.131374
            719            447         -15.87     -0.0368102       0.131374
            720            362         -52.02      -0.167817       0.131374
            721            606         -70.26      -0.131146       0.131374
            722            380           64.2       0.144529       0.131374
            723            404         135.16       0.250686       0.131374
            724             33         389.07       0.921814       0.847846
            725             25         416.75       0.943407       0.847846
            726             30          473.7       0.940441       0.847846
            727            181         291.99       0.617328       0.847846
            728            387          11.73      0.0294184       0.131374
            729            316          77.64       0.197236       0.131374
            730            576         146.04        0.20226       0.131374
            731            307         148.53        0.32606       0.131374
            732            315        -119.15      -0.608374       0.131374
            733            539          21.81      0.0388902       0.131374
            734            537         -22.77     -0.0442798       0.131374
            735            265          92.35        0.25843       0.131374
            736            337          81.23       0.194223       0.131374
            737            250          198.5       0.442586       0.131374
            738              1         281.79       0.996464       0.847846
            739             14         288.06       0.953652       0.847846
            740            105         364.95       0.776572       0.847846
            741             92         425.68       0.822284       0.847846
            742            223         235.17       0.513281       0.847846
            743            449         -14.29     -0.0328725       0.131374
            744            644          -1.24    -0.00192918       0.131374
            745            379          53.41       0.123517       0.131374
            746            329         -55.09      -0.201124       0.131374
            747            526          19.54      0.0358177       0.131374
            748            432          27.28      0.0593973       0.131374
            749            397          30.63      0.0716273       0.131374
            750            305         -42.05      -0.159916       0.131374
            751            443          39.97      0.0827588       0.131374
            752            533          16.07      0.0292677       0.131374
            753            503         -74.63      -0.174219       0.131374
            754            504         -22.84     -0.0474686       0.131374
            755            588          14.52      0.0240988       0.131374
            756            528          50.12      0.0866948       0.131374
            757            542         -61.82      -0.128743       0.131374
            758            340           78.6       0.187769       0.131374
            759             23         377.17       0.942524       0.847846
            760             47         261.13       0.847467       0.847846
            761              8         242.32       0.968041       0.847846
            762             42         222.18       0.841017       0.847846
            763            121         405.59        0.77022       0.847846
            764             -8         292.68         1.0281       0.847846
            765             34         342.86       0.909781       0.847846
            766             55         306.45       0.847835       0.847846
            767            319         115.01       0.264994       0.131374
            768            436         -12.56     -0.0296618       0.131374
            769            297           5.63      0.0186036       0.131374
            770            290          -11.9     -0.0427904       0.131374
            771            135          59.65       0.306447       0.131374
            772             87         223.73       0.720014       0.847846
            773             -8         497.68        1.01634       0.847846
            774             38         408.02       0.914802       0.847846
            775            134         310.86       0.698782       0.847846
            776            176         -60.96      -0.529903       0.131374
            777            421          57.59       0.120333       0.131374
            778            340          -34.4      -0.112565       0.131374
            779            221          72.59        0.24725       0.131374
            780            316          15.64      0.0471596       0.131374
            781            227         205.33       0.474938       0.131374
            782            341          -3.61     -0.0106998       0.131374
            783            372          47.88       0.114033       0.131374
            784            120          159.8       0.571122       0.847846
            785             99         376.21       0.791671       0.847846
            786            187         158.73       0.459115       0.847846
            787             35         313.65       0.899613       0.847846
            788             11         355.69       0.970002       0.847846
            789             53         276.87       0.839331       0.847846
            790             -7         256.47        1.02806       0.847846
            791            102         256.58       0.715545       0.847846
            792             71         349.09       0.830989       0.847846
            793             52         399.08       0.884721       0.847846
            794            102         373.58       0.785525       0.847846
            795             34         112.86       0.768487       0.847846
            796             37         376.23       0.910461       0.847846
            797             34         242.86       0.877194       0.847846
            798            282         121.78         0.3016       0.131374
            799            369          70.51       0.160429       0.131374
            800            377          13.83      0.0353862       0.131374
            801            352         143.08       0.289004       0.131374
            802            179         119.41       0.400154       0.131374
            803            301          43.79       0.127005       0.131374
            804            212         -64.52      -0.437483       0.131374
            805            381           5.99      0.0154784       0.131374
            806            119          26.01       0.179367       0.131374
            807             26         365.54       0.933596       0.847846
            808             -5         242.05        1.02109       0.847846
            809             44         420.76       0.905327       0.847846
            810              1         200.79       0.995044       0.847846
            811             96         372.84       0.795239       0.847846
            812             73         333.67       0.820493       0.847846
            813            165         351.35       0.680449       0.847846
            814             93         269.47       0.743427       0.847846
            815            389          67.31       0.147509       0.131374
            816            548           2.92     0.00530023       0.131374
            817            309         -62.89      -0.255536       0.131374
            818             88         357.52       0.802478       0.847846
            819             37         351.23       0.904696       0.847846
            820            359          80.61       0.183367       0.131374
            821            314         117.06       0.271563       0.131374
            822            -10          264.1        1.03935       0.847846
            823             49         304.71       0.861468       0.847846
            824             17         333.43       0.951488       0.847846
            825             20          475.8       0.959661       0.847846
            826             40          246.6       0.860433       0.847846
            827             33         484.07       0.936179       0.847846
            828             57         333.03       0.853857       0.847846
            829            -17         340.57        1.05254       0.847846
            830             35         268.65       0.884736       0.847846
            831            -20          330.2        1.06447       0.847846
            832            -44         346.24        1.14558       0.847846
            833            317         128.43       0.288328       0.131374
            834            374         253.46       0.403946       0.131374
            835            528          42.12      0.0738792       0.131374
            836            444         -68.24      -0.181605       0.131374
            837            319          34.01      0.0963429       0.131374
            838            114         275.06       0.706986       0.847846
            839            139         305.81       0.687507       0.847846
            840            414          97.06       0.189919       0.131374
            841            201         319.79       0.614048       0.847846
            842             21         359.59       0.944823       0.847846
            843             67         274.93       0.804053       0.847846
            844              0            353              1       0.847846
            845             28         473.12       0.944125       0.847846
            846             73         319.67       0.814093       0.847846
            847             29         299.91        0.91183       0.847846
            848             39         257.81       0.868603       0.847846
            849            209         254.11       0.548703       0.847846
            850            277          46.83       0.144613       0.131374
            851            227          60.33       0.209968       0.131374
            852            220          275.8       0.556273       0.847846
            853             62         474.98       0.884539       0.847846
            854             15         264.85         0.9464       0.847846
            855             33         221.07       0.870115       0.847846
            856            115         308.85       0.728678       0.847846
            857             39         382.81       0.907541       0.847846
            858             53         321.87       0.858618       0.847846
            859             58         407.82       0.875488       0.847846
            860             67         370.93       0.847008       0.847846
            861             41         425.39       0.912091       0.847846
            862            -34         401.14        1.09261       0.847846
            863             16         390.64       0.960653       0.847846
            864             25         334.75       0.930507       0.847846
            865             64         332.56       0.838612       0.847846
            866            374         -41.54      -0.124947       0.131374
            867            119         205.01       0.632727       0.131374
            868            226           4.54      0.0196929       0.131374
            869            165         146.35        0.47005       0.131374
            870             23         265.17       0.920186       0.847846
            871            108         243.32       0.692588       0.847846
            872            225         124.75       0.356683       0.847846
            873            114         349.06       0.753812       0.847846
            874             21         368.59       0.946097       0.847846
            875             -7          38.47        1.22243       0.847846
            876             72          40.88       0.362155       0.847846
            877             21         219.59       0.912715       0.847846
            878             26         330.54       0.927077       0.847846
            879            -30          302.3        1.11017       0.847846
            880             33         313.07       0.904644       0.847846
            881             24         295.96       0.924991       0.847846
            882             49         297.71       0.858672       0.847846
            883             98         221.42       0.693194       0.847846
            884             19         163.01        0.89561       0.847846
            885             43         500.97       0.920952       0.847846
            886             86         334.94       0.795695       0.847846
            887              1         308.79       0.996772       0.847846
            888             23         366.17         0.9409       0.847846
            889            175         146.25       0.455253       0.847846
            890            211         273.69        0.56467       0.847846
            891            342           2.18      0.0063339       0.131374
            892            427          30.33      0.0663197       0.131374
            893             94         447.26       0.826331       0.847846
            894             57         429.03       0.882723       0.847846
            895             56         448.24       0.888942       0.847846
            896            -17         510.57        1.03444       0.847846
            897             29         406.91       0.933473       0.847846
            898             76         320.04         0.8081       0.847846
            899             31         348.49       0.918311       0.847846
            900             45         241.55       0.842959       0.847846
            901             14         188.06       0.930714       0.847846
            902            381         211.99       0.357493       0.131374
            903            208         244.32       0.540149       0.131374
            904            426          97.54       0.186309       0.131374
            905            278         141.62       0.337496       0.131374
            906            285         213.15       0.427883       0.131374
            907            306         122.74       0.286281       0.131374
            908            326          82.54       0.202037       0.131374
            909            474          21.46      0.0433133       0.131374
            910            273          65.67       0.193906       0.131374
            911            159          90.61       0.363006       0.131374
            912            207          37.53       0.153478       0.131374
            913            329         -50.09      -0.179592       0.131374
            914            230          110.7       0.324919       0.131374
            915             94         278.26       0.747488       0.847846
            916            354         186.66       0.345245       0.131374
            917            275         141.25       0.339339       0.131374
            918             81         101.99       0.557353       0.847846
            919             -1         532.21        1.00188       0.847846
            920             16         513.64       0.969791       0.847846
            921             90          418.1        0.82287       0.847846
            922             73         225.67       0.755583       0.847846
            923            -10          231.1        1.04523       0.847846
            924             35         420.65       0.923187       0.847846
            925             48         428.92       0.899354       0.847846
            926             31         203.49       0.867798       0.847846
            927             41         312.39       0.883981       0.847846
            928             66         358.14       0.844391       0.847846
            929              0            302              1       0.847846
            930             55         520.45       0.904423       0.847846
            931             25         449.75       0.947341       0.847846
            932            -16         424.36        1.03918       0.847846
            933             37         366.23       0.908241       0.847846
            934            128         132.12       0.507919       0.847846
            935            172         143.88       0.455489       0.131374
            936            117          43.43        0.27071       0.131374
            937            224          46.96        0.17331       0.131374
            938            254           1.66       0.006493       0.131374
            939             14         232.06       0.943103       0.847846
            940             10          342.9       0.971663       0.847846
            941             29         379.91        0.92908       0.847846
            942            243          95.97       0.283122       0.131374
            943            387          -5.27     -0.0138056       0.131374
            944             62         218.98       0.779344       0.847846
            945             23         273.17       0.922342       0.847846
            946             82         318.78       0.795399       0.847846
            947            378          82.62       0.179367       0.131374
            948            352          18.08      0.0488543       0.131374
            949            154         105.66       0.406917       0.131374
            950            315         180.85       0.364727       0.131374
            951            154          87.66       0.362741       0.131374
            952            319          96.01       0.231344       0.131374
            953            243          20.97      0.0794408       0.131374
            954            270          123.3       0.313501       0.131374
            955            285           6.15      0.0211231       0.131374
            956            260           59.4       0.185974       0.131374
            957            199         209.21       0.512506       0.847846
            958             46         186.34       0.802014       0.847846
            959             62         333.98       0.843426       0.847846
            960             12         387.48       0.969961       0.847846
            961             42         323.18       0.884988       0.847846
            962            124         412.96        0.76907       0.847846
            963            135         390.65       0.743175       0.847846
            964             83         471.57       0.850334       0.847846
            965             18         297.22       0.942897       0.847846
            966             32         412.28       0.927973       0.847846
            967             41         269.39       0.867908       0.847846
            968             86         364.94       0.809287       0.847846
            969            125         186.75       0.599038       0.847846
            970            277          42.83       0.133915       0.131374
            971            288        -157.48       -1.20656       0.131374
            972            358          35.82      0.0909553       0.131374
            973            263         130.77       0.332097       0.131374
            974            122         443.38       0.784216       0.847846
            975             71         262.09       0.786844       0.847846
            976            105         287.95        0.73279       0.847846
            977            153         409.87       0.728179       0.847846
            978            341          88.39        0.20585       0.131374
            979            515          19.85      0.0371132       0.131374
            980            338          25.02      0.0689218       0.131374
            981            228         181.12       0.442706       0.131374
            982            361          22.19      0.0579086       0.131374
            983            324         -50.04      -0.182654       0.131374
            984            548          96.92       0.150282       0.131374
            985            681         149.99       0.180496       0.131374
            986            341         109.39       0.242878       0.131374
            987            336          70.44        0.17331       0.131374
            988            311         -27.31     -0.0962671       0.131374
            989            311         -35.31      -0.128079       0.131374
            990            263         116.77       0.307476       0.131374
            991            320          112.8       0.260628       0.131374
            992            443          40.97       0.084654       0.131374
            993            413          -5.73     -0.0140693       0.131374
            994            446         114.34       0.204055       0.131374
            995            339          38.81       0.102724       0.131374
            996            300             89       0.228792       0.131374
            997            137         162.23       0.542158       0.847846
            998             92         275.68       0.749782       0.847846
            999             45         322.55       0.877568       0.847846
           1000             16         334.64       0.954369       0.847846
           1001             34         481.86       0.934091       0.847846
           1002            252         133.08       0.345591       0.847846
           1003             83         341.57       0.804508       0.847846
           1004              4         430.16       0.990787       0.847846
           1005             66         321.14       0.829519       0.847846
           1006             62         315.98        0.83597       0.847846
           1007             78         308.62       0.798252       0.847846
           1008            -49         441.29        1.12491       0.847846
           1009              9         417.11       0.978879       0.847846
           1010             49         220.71       0.818323       0.847846
           1011             97         253.63       0.723355       0.847846
           1012             81         321.99       0.799002       0.847846
           1013             63         173.77       0.733919       0.847846
           1014             92         337.68       0.785887       0.847846
           1015            238          80.02       0.251619       0.131374
           1016            256         164.24       0.390824       0.131374
           1017            325         194.75       0.374699       0.131374
           1018            334          46.86       0.123037       0.131374
           1019            386           5.94      0.0151554       0.131374
           1020            519          18.01      0.0335376       0.131374
           1021            426           6.54        0.01512       0.131374
           1022            292          84.68       0.224806       0.131374
           1023            121         381.59       0.759247       0.847846
           1024            -16         435.36        1.03815       0.847846
           1025             76         422.04       0.847402       0.847846
           1026             46         281.34       0.859473       0.847846
           1027             46         335.34       0.879373       0.847846
           1028             26         326.54        0.92625       0.847846
           1029            175         134.25       0.434115       0.131374
           1030            233          26.07       0.100629       0.131374
           1031             59         393.61       0.869645       0.847846
           1032             31         353.49       0.919374       0.847846
           1033             75         472.25       0.862951       0.847846
           1034            113         218.27       0.658889       0.847846
           1035            -24         383.04        1.06684       0.847846
           1036            -25         424.25        1.06262       0.847846
           1037             38         350.02       0.902067       0.847846
           1038            177         279.83       0.612547       0.847846
           1039            299          63.21       0.174512       0.131374
           1040            322          19.38      0.0567696       0.131374
           1041            410           79.9       0.163095       0.131374
           1042            229          27.91       0.108637       0.131374
           1043            210           27.9       0.117276       0.131374
           1044            269           2.51      0.0092446       0.131374
           1045            188          96.52       0.339238       0.131374
           1046            398          80.42       0.168095       0.131374
           1047            322         141.38       0.305106       0.131374
           1048            227          78.33       0.256542       0.131374
           1049            104         427.16       0.804202       0.847846
