              0           1368         471.72       0.256409       0.208779
              1            925         498.75       0.350307       0.208779
              2           1136         509.44       0.309607       0.208779
              3           1074         303.46       0.220304       0.208779
              4           1204         448.16       0.271257       0.208779
              5            968         301.72       0.237627       0.208779
              6           1310          853.9       0.394612       0.208779
              7            349        1888.71       0.844037       0.867659
              8            254        1820.66        0.87757       0.867659
              9            256        1664.24       0.866683       0.867659
             10            276        1923.04       0.874491       0.867659
             11            303        1635.37       0.843683       0.867659
             12           1018         455.22       0.308997       0.208779
             13           1238         338.02       0.214477       0.208779
             14            963         409.77       0.298499       0.208779
             15           1699         475.21       0.218567       0.208779
             16           1666         329.14       0.164971       0.208779
             17            809         342.11         0.2972       0.208779
             18           1142         465.18       0.289439       0.208779
             19            924         465.96       0.335233       0.208779
             20           1142         356.18       0.237742       0.208779
             21           1337         256.23       0.160824       0.208779
             22           1367         313.93        0.18676       0.208779
             23           1467         347.93       0.191704       0.208779
             24           1306         428.74       0.247149       0.208779
             25           1318         361.22       0.215112       0.208779
             26           1454         197.66       0.119674       0.208779
             27           1212         541.48       0.308803       0.208779
             28           1132         406.28       0.264113       0.208779
             29           1320          781.8       0.371967       0.208779
             30            273        1870.67       0.872648       0.867659
             31            247        1687.13       0.872294       0.867659
             32           1060          646.4       0.378809       0.208779
             33           1230          576.7       0.319201       0.208779
             34           1375         349.25       0.202552       0.208779
             35            856         366.24       0.299647       0.208779
             36           1264         470.56       0.271285       0.208779
             37           1168         381.72       0.246315       0.208779
             38           1001         433.79       0.302337       0.208779
             39           1011         430.69        0.29874       0.208779
             40            900            394       0.304482       0.208779
             41           1352         238.08       0.149728       0.208779
             42           1561          89.19      0.0540483       0.208779
             43           1138         313.02       0.215724       0.208779
             44           1099         334.21        0.23319       0.208779
             45           1038         422.02       0.289051       0.208779
             46           1187         375.73       0.240432       0.208779
             47           1231         331.49       0.212155       0.208779
             48           1608         384.32       0.192901       0.208779
             49           1631         290.49        0.15118       0.208779
             50           1465         481.35       0.247309       0.208779
             51           1093         405.47       0.270589       0.208779
             52            950          330.5       0.258102       0.208779
             53           1836         385.44       0.173509       0.208779
             54            906         578.74       0.389792       0.208779
             55            332        1604.28       0.828537       0.867659
             56            242        1926.18       0.888386       0.867659
             57            214        1862.06        0.89692       0.867659
             58            195        1877.05        0.90589       0.867659
             59            273        1423.67       0.839097       0.867659
             60            167        1801.93       0.915182       0.867659
             61            137        1669.23       0.924151       0.867659
             62            173        1832.67       0.913745       0.867659
             63            276        1729.04       0.862347       0.867659
             64            167        1584.93       0.904677       0.867659
             65            189        1698.31       0.899857       0.867659
             66            150         1676.5       0.917876       0.867659
             67            143        1679.97       0.921557       0.867659
             68            267        1984.93       0.881435       0.867659
             69            431        1383.49       0.762468       0.867659
             70           1162         552.98       0.322441       0.208779
             71           1155         457.45       0.283699       0.208779
             72           1277         333.83       0.207241       0.208779
             73           1134         210.86        0.15679       0.208779
             74            982         258.78       0.208562       0.208779
             75            507        1423.53       0.737378       0.867659
             76            195        2097.05       0.914923       0.867659
             77            204        1937.16       0.904725       0.867659
             78            893         692.47        0.43676       0.208779
             79            941         530.39       0.360469       0.208779
             80           1042         425.18       0.289794       0.208779
             81           1412         359.48       0.202926       0.208779
             82           1106         244.74        0.18119       0.208779
             83           1292         316.68       0.196857       0.208779
             84           1151         399.29       0.257558       0.208779
             85           1217         511.43       0.295893       0.208779
             86           1404         330.16       0.190386       0.208779
             87           1046         476.34         0.3129       0.208779
             88           1217         463.43       0.275781       0.208779
             89           1456         424.24       0.225631       0.208779
             90           1008         326.32       0.244559       0.208779
             91           1138         478.02       0.295801       0.208779
             92           1330          319.7       0.193793       0.208779
             93           1416         256.64       0.153434       0.208779
             94           1176         597.04       0.336732       0.208779
             95           1541         383.39       0.199227       0.208779
             96            164        1664.56       0.910312       0.867659
             97            207        1525.53       0.880522       0.867659
             98            147        1711.13       0.920888       0.867659
             99            326        1434.54        0.81483       0.867659
            100           1308         162.32       0.110398       0.208779
            101           1073         280.67        0.20734       0.208779
            102           1277         348.83       0.214555       0.208779
            103           1130          281.7       0.199547       0.208779
            104           1087         460.73       0.297681       0.208779
            105           1248         422.92       0.253106       0.208779
            106           1015         395.85       0.280576       0.208779
            107           1035         201.65       0.163061       0.208779
            108           1272         406.88       0.242352       0.208779
            109           1324         316.96       0.193155       0.208779
            110           1116         256.64       0.186968       0.208779
            111           1161         146.19       0.111835       0.208779
            112           1158         390.82       0.252334       0.208779
            113           1658         490.82       0.228414       0.208779
            114           1642         361.18       0.180303       0.208779
            115           1219         260.01         0.1758       0.208779
            116           1897         324.63       0.146122       0.208779
            117           1528         291.12       0.160033       0.208779
            118           1527         261.33       0.146131       0.208779
            119           1642         315.18       0.161038       0.208779
            120           1302         278.58       0.176252       0.208779
            121            643         989.97       0.606239       0.867659
            122            264        1198.56       0.819495       0.867659
            123            792         769.68       0.492854       0.208779
            124           1172         433.88       0.270182       0.208779
            125            985         423.15       0.300501       0.208779
            126            127        1771.33       0.933099       0.867659
            127            219        1832.01       0.893223       0.867659
            128            216        1879.64       0.896929       0.867659
            129           1418         352.22        0.19897       0.208779
            130           1166         213.14       0.154546       0.208779
            131           1435         414.65       0.224178       0.208779
            132           1451         370.29       0.203312       0.208779
            133           1670          336.3       0.167622       0.208779
            134           1195         411.05       0.255938       0.208779
            135            537        1742.23       0.764394       0.867659
            136            232        1852.28       0.888691       0.867659
            137            130         1943.7        0.93731       0.867659
            138            150         1943.5        0.92835       0.867659
            139            776         741.04       0.488478       0.208779
            140           1105         365.95       0.248785       0.208779
            141           1176         277.04       0.190662       0.208779
            142           1075         454.25       0.297041       0.208779
            143            350         1499.5        0.81076       0.867659
            144           1740          174.6       0.091194       0.208779
            145           1067         286.93       0.211924       0.208779
            146           1353         155.87       0.103302       0.208779
            147           1616         176.64      0.0985362       0.208779
            148           1831         252.49       0.121186       0.208779
            149           1633         343.07       0.173612       0.208779
            150           1863         308.77       0.142174       0.208779
            151           1325         352.75       0.210252       0.208779
            152           1534         264.86       0.147238       0.208779
            153           1362         500.98       0.268913       0.208779
            154            988         498.52        0.33536       0.208779
            155            831        1173.49       0.585431       0.867659
            156            172        1652.88       0.905747       0.867659
            157           1298         433.42       0.250326       0.208779
            158           1061         308.19       0.225089       0.208779
            159           1217         415.43       0.254486       0.208779
            160           1187         410.73       0.257071       0.208779
            161           1474         501.46       0.253845       0.208779
            162           1470          276.3        0.15822       0.208779
            163           1744         307.76       0.149998       0.208779
            164           1342         416.18       0.236711       0.208779
            165           1617         388.43       0.193689       0.208779
            166           1143         289.97       0.202356       0.208779
            167           1523         426.17       0.218642       0.208779
            168           1138         474.02       0.294053       0.208779
            169           1169         391.51       0.250886       0.208779
            170           1430          274.7       0.161143       0.208779
            171           1563         323.77         0.1716       0.208779
            172           1246         359.34        0.22384       0.208779
            173           1240          422.6        0.25418       0.208779
            174           1269         302.51       0.192496       0.208779
            175           1118         461.22       0.292056       0.208779
            176           1197         427.63       0.263217       0.208779
            177           1152         317.08       0.215836       0.208779
            178           1199         463.21       0.278671       0.208779
            179            561         872.19       0.608566       0.867659
            180           1057         918.03       0.464818       0.208779
            181           1334         340.86       0.203516       0.208779
            182           1031         412.49       0.285759       0.208779
            183           1206         356.74       0.228279       0.208779
            184            919         344.01       0.272373       0.208779
            185           1046         514.34       0.329633       0.208779
            186           1190          250.1       0.173668       0.208779
            187           1202         509.58       0.297725       0.208779
            188           1330          507.7       0.276269       0.208779
            189           1073         206.67       0.161503       0.208779
            190            232        1989.28       0.895556       0.867659
            191            250         1929.5       0.885295       0.867659
            192            156        1679.24       0.914997       0.867659
            193            214        1742.06       0.890596       0.867659
            194            195        1778.05       0.901168       0.867659
            195            183        1629.57       0.899038       0.867659
            196            126        1890.54       0.937517       0.867659
            197            132        1858.28       0.933678       0.867659
            198            185        2039.15       0.916822       0.867659
            199            195        1740.05       0.899227       0.867659
            200           1281         458.99       0.263789       0.208779
            201           1347         372.13       0.216464       0.208779
            202           1592         468.68       0.227439       0.208779
            203           1386         432.94       0.238018       0.208779
            204           1071         296.09       0.216584       0.208779
            205           1286         215.94       0.143774       0.208779
            206           1698         284.42       0.143471       0.208779
            207           1315         383.85       0.225947       0.208779
            208            918         358.22       0.280688       0.208779
            209           1421         424.59       0.230057       0.208779
            210           1114         404.06       0.266169       0.208779
            211           1589         359.31       0.184421       0.208779
            212           1142         308.18       0.212512       0.208779
            213           1565         402.35       0.204514       0.208779
            214           1317         354.43       0.212052       0.208779
            215           1093         382.47       0.259219       0.208779
            216           1337         340.23       0.202852       0.208779
            217            960          363.4       0.274596       0.208779
            218           1212         349.48       0.223813       0.208779
            219           1309         389.11       0.229143       0.208779
            220           1047         392.13       0.272477       0.208779
            221           1231         489.49       0.284506       0.208779
            222           1315         394.85       0.230927       0.208779
            223            976         306.04       0.238713       0.208779
            224           1029         346.91       0.252131       0.208779
            225           1274         347.46       0.214288       0.208779
            226           1912         378.48        0.16524       0.208779
            227           1494         370.26        0.19861       0.208779
            228           1209         399.11       0.248186       0.208779
            229           1632         536.28        0.24733       0.208779
            230           1198         413.42       0.256556       0.208779
            231            772         622.88       0.446547       0.208779
            232            159        1827.61       0.919964       0.867659
            233            112        1575.48       0.933629       0.867659
            234           1191         589.89       0.331233       0.208779
            235           1152         399.08       0.257292       0.208779
            236           1350          469.5       0.258038       0.208779
            237           1502         457.58       0.233509       0.208779
            238           1424         163.96       0.103252       0.208779
            239           1230          397.7       0.244332       0.208779
            240           1570          316.3       0.167683       0.208779
            241           1595         442.05       0.217005       0.208779
            242           1380          331.2       0.193548       0.208779
            243           1552         604.08       0.280175       0.208779
            244           1222         262.38       0.176761       0.208779
            245           1242         296.18       0.192552       0.208779
            246           1304         421.16       0.244128       0.208779
            247           1183         212.57       0.152318       0.208779
            248           1238         426.02       0.256019       0.208779
            249           1195         402.05       0.251745       0.208779
            250           1104         423.16       0.277089       0.208779
            251           1061         320.19       0.231822       0.208779
            252           2619         293.01       0.100621       0.208779
            253           1200            499       0.293702       0.208779
            254           1012         211.48       0.172851       0.208779
            255           1308         321.32       0.197211       0.208779
            256           1191         432.89       0.266576       0.208779
            257           1661         358.19       0.177393       0.208779
            258           1284         329.36       0.204145       0.208779
            259           1193         477.47        0.28583       0.208779
            260           2029         285.91       0.123508       0.208779
            261           1528         198.12       0.114778       0.208779
            262           1243         665.97       0.348864       0.208779
            263           1275         357.25        0.21887       0.208779
            264            871         675.09       0.436643       0.208779
            265            829         667.91       0.446192       0.208779
            266           1193         268.47       0.183699       0.208779
            267           1102         255.58       0.188261       0.208779
            268           1112         197.48       0.150808       0.208779
            269           1116         309.64       0.217194       0.208779
            270           1251         266.29       0.175504       0.208779
            271           1227         275.33       0.183269       0.208779
            272           1159         306.61       0.209203       0.208779
            273            709        1068.11       0.601038       0.867659
            274            148        2101.92        0.93422       0.867659
            275            214        1860.06       0.896821       0.867659
            276           1460          336.4       0.187263       0.208779
            277           1393         497.47       0.263146       0.208779
            278           1343         267.97       0.166341       0.208779
            279           1287         330.73       0.204441       0.208779
            280           1159         347.61       0.230723       0.208779
            281           1081         323.99         0.2306       0.208779
            282           1446         231.34       0.137921       0.208779
            283           1314         348.06       0.209415       0.208779
            284           1417         455.43       0.243229       0.208779
            285           1602         308.58       0.161511       0.208779
            286           1285         379.15       0.227834       0.208779
            287           1334         276.86       0.171871       0.208779
            288           1431         460.49       0.243454       0.208779
            289           1299         366.21       0.219918       0.208779
            290            729        1338.91        0.64747       0.867659
            291           1053         342.87       0.245632       0.208779
            292           1413         431.27       0.233843       0.208779
            293           1239         348.81        0.21968       0.208779
            294           1238         419.02       0.252876       0.208779
            295           1188         490.52       0.292234       0.208779
            296           1452         269.08       0.156344       0.208779
            297           1147         369.13       0.243469       0.208779
            298           1137         405.23       0.262756       0.208779
            299           1148         469.92       0.290447       0.208779
            300           1265         332.35       0.208063       0.208779
            301           1117         238.43       0.175907       0.208779
            302           1415         253.85       0.152111       0.208779
            303           1107         427.53       0.278606       0.208779
            304           1282         248.78       0.162518       0.208779
            305           1465         496.35       0.253065       0.208779
            306           1147         388.13       0.252832       0.208779
            307           1487         352.73       0.191729       0.208779
            308           1219         279.01       0.186254       0.208779
            309           1112         354.48       0.241722       0.208779
            310           1369         378.51         0.2166       0.208779
            311           1524         442.96         0.2252       0.208779
            312           1230          355.7       0.224317       0.208779
            313            742        1655.18        0.69047       0.867659
            314            777         800.83       0.507552       0.208779
            315           1350          266.5       0.164862       0.208779
            316           1215         257.85       0.175069       0.208779
            317           1778         418.62       0.190575       0.208779
            318           1331         450.49       0.252873       0.208779
            319           1048         377.92       0.265036       0.208779
            320           1228         296.12       0.194289       0.208779
            321           1022         420.38       0.291449       0.208779
            322           1197         255.63       0.175977       0.208779
            323           1276         348.04       0.214305       0.208779
            324           1011         408.69       0.287873       0.208779
            325           1382         449.78       0.245543       0.208779
            326           1398         320.42       0.186462       0.208779
            327           1345         324.55       0.194394       0.208779
            328           1117         401.43       0.264372       0.208779
            329            910          653.9       0.418121       0.208779
            330           1254         432.66       0.256519       0.208779
            331           1090          455.1       0.294544       0.208779
            332            914         298.06       0.245912       0.208779
            333           1242         586.18       0.320636       0.208779
            334           1076         650.04       0.376608       0.208779
            335            146        2163.34       0.936778       0.867659
            336            246        2179.34       0.898571       0.867659
            337            271        1859.09       0.872775       0.867659
            338            299        1448.21        0.82887       0.867659
            339           1303         391.37       0.230983       0.208779
            340            570         1777.3       0.757168       0.867659
            341            302        1586.58       0.840091       0.867659
            342            304        2183.16       0.877772       0.867659
            343           1280          692.2       0.350979       0.208779
            344           1792         266.68       0.129539       0.208779
            345            850          335.5       0.283003       0.208779
            346           2185         341.15       0.135047       0.208779
            347           1431         390.49       0.214379       0.208779
            348           1621         273.59       0.144406       0.208779
            349           1806         287.74       0.137429       0.208779
            350           1882         467.78       0.199074       0.208779
            351           1502         543.58       0.265734       0.208779
            352           2449         507.71       0.171715       0.208779
            353           1877         336.83       0.152148       0.208779
            354           1556         367.24       0.190949       0.208779
            355           1187         582.73       0.329276       0.208779
            356           1312         525.48       0.285979       0.208779
            357           1159         522.61        0.31078       0.208779
            358           1014         631.06       0.383609       0.208779
            359           1524         293.96       0.161698       0.208779
            360            414        1577.06       0.792071       0.867659
            361            127        2159.33       0.944452       0.867659
            362            142        2056.18       0.935401       0.867659
            363            571        1299.09       0.694667       0.867659
            364            756         551.24       0.421682       0.208779
            365           1244         391.76       0.239497       0.208779
            366           1285         395.15       0.235187       0.208779
            367           1069         592.51       0.356609       0.208779
            368           1137         459.23       0.287697       0.208779
            369           1072         275.88       0.204677       0.208779
            370           1058         532.82       0.334934       0.208779
            371           1266         371.14         0.2267       0.208779
            372           1070          311.3       0.225367       0.208779
            373           1051         581.29       0.356119       0.208779
            374           1084         344.36       0.241088       0.208779
            375           1124         355.96        0.24052       0.208779
            376           1078         242.62       0.183717       0.208779
            377           1243         379.97        0.23412       0.208779
            378           1271         269.09       0.174724       0.208779
            379           1214         376.06       0.236507       0.208779
            380           1077         328.83       0.233905       0.208779
            381           1091         351.89       0.243879       0.208779
            382            668        1361.72       0.670891       0.867659
            383            163        1994.77       0.924459       0.867659
            384            138        1931.02       0.933302       0.867659
            385            251        1841.29       0.880036       0.867659
            386           1364         384.56        0.21993       0.208779
            387           1591         500.89       0.239444       0.208779
            388           1033         459.07       0.307673       0.208779
            389           1180          527.2        0.30881       0.208779
            390           1359         520.61       0.276978       0.208779
            391           1773         343.67       0.162364       0.208779
            392           1492         381.68       0.203706       0.208779
            393           1684         374.36       0.181873       0.208779
            394           1161         415.19       0.263414       0.208779
            395            279        1427.41       0.836499       0.867659
            396            203        2078.37       0.911018       0.867659
            397           1054         399.66       0.274934       0.208779
            398            198        2026.42       0.910988       0.867659
            399             73        1783.67       0.960682       0.867659
            400           1323         510.17       0.278299       0.208779
            401           1155         364.45       0.239857       0.208779
            402           1227         331.33       0.212619       0.208779
            403           1093         288.47       0.208814       0.208779
            404           1138         227.02       0.166313       0.208779
            405           1136         371.44       0.246405       0.208779
            406            288        1917.52       0.869419       0.867659
            407            319        2137.01       0.870115       0.867659
            408            153        1793.87       0.921412       0.867659
            409            173        2014.67        0.92092       0.867659
            410           1079         761.41       0.413718       0.208779
            411           1800            471       0.207398       0.208779
            412           1307         378.53       0.224576       0.208779
            413           1381         292.99       0.175025       0.208779
            414           1278         597.62       0.318625       0.208779
            415           1418         584.22       0.291786       0.208779
            416           1567         355.93       0.185098       0.208779
            417           1265         449.35       0.262111       0.208779
            418           1643         589.97       0.264209       0.208779
            419           1617         355.43       0.180199       0.208779
            420           1133         376.07       0.249206       0.208779
            421           1355         400.45       0.228118       0.208779
            422           1403         271.37       0.162073       0.208779
            423           1608         459.32       0.222181       0.208779
            424           1730          466.7       0.212455       0.208779
            425           1340          240.6       0.152221       0.208779
            426           1144         149.76       0.115756       0.208779
            427           1309         537.11       0.290941       0.208779
            428           1108         381.32       0.256036       0.208779
            429           1447         405.13       0.218737       0.208779
            430           1497         344.63       0.187133       0.208779
            431           1425         355.75       0.199775       0.208779
            432           1600            250       0.135135       0.208779
            433           1137         219.23       0.161647       0.208779
            434           1078         508.62       0.320568       0.208779
            435           1698         488.42       0.223388       0.208779
            436           1436         259.44       0.153022       0.208779
            437           1531         375.49       0.196954       0.208779
            438           1323         379.17       0.222757       0.208779
            439           1565         332.35       0.175165       0.208779
            440           1313         324.27       0.198055       0.208779
            441           1406         475.74       0.252819       0.208779
            442           1375         334.25       0.195554       0.208779
            443           1181         296.99       0.200942       0.208779
            444           1611         465.69       0.224246       0.208779
            445           1406         294.74       0.173301       0.208779
            446           1588         437.52       0.216004       0.208779
            447           1213         274.27       0.184412       0.208779
            448           1503         175.37       0.104488       0.208779
            449           1574         277.46        0.14986       0.208779
            450           1841         183.39      0.0905903       0.208779
            451           1829         318.91       0.148475       0.208779
            452           2099         204.21      0.0886632       0.208779
            453           2023         388.17       0.160988       0.208779
            454           2546         253.34      0.0904999       0.208779
            455           2623         390.17       0.129488       0.208779
            456           2413         200.27      0.0766358       0.208779
            457           2383         342.57       0.125687       0.208779
            458           2218         357.22       0.138714       0.208779
            459           2363         442.77       0.157807       0.208779
            460           2203         214.37       0.088679       0.208779
            461           2502         363.58       0.126878       0.208779
            462           2624         296.96       0.101665       0.208779
            463           2471         264.09      0.0965562       0.208779
            464           2856         372.24       0.115307       0.208779
            465           1697         442.63       0.206872       0.208779
            466           2762         310.98       0.101198       0.208779
            467           2682         305.78       0.102344       0.208779
            468           3064         356.56        0.10424       0.208779
            469           2682         362.78       0.119148       0.208779
            470           2315         502.85       0.178452       0.208779
            471           1954         347.66       0.151048       0.208779
            472           2335         285.65          0.109       0.208779
            473           2542         312.18       0.109376       0.208779
            474           2410          332.9       0.121368       0.208779
            475           2089         383.31       0.155041       0.208779
            476           2115         299.85       0.124169       0.208779
            477           2348         300.92       0.113601       0.208779
            478           2261         397.19       0.149421       0.208779
            479           1746         222.34       0.112958       0.208779
            480           2068         547.72       0.209396       0.208779
            481           2384         233.36      0.0891585       0.208779
            482           1916         313.64       0.140668       0.208779
            483           2391         277.89       0.104122       0.208779
            484           1906         332.74       0.148628       0.208779
            485           1493         623.47        0.29458       0.208779
            486           2327         388.33       0.143014       0.208779
            487           2124         312.96       0.128422       0.208779
            488           1727         304.33       0.149818       0.208779
            489           2595         189.05      0.0679047       0.208779
            490           1416         326.64        0.18744       0.208779
            491           1326         388.54       0.226615       0.208779
            492           1632         452.28       0.216996       0.208779
            493           1304         326.16       0.200079       0.208779
            494           1378         359.62       0.206961       0.208779
            495           1534         374.86       0.196379       0.208779
            496           1177         411.83       0.259203       0.208779
            497           1554         278.66       0.152052       0.208779
            498           1141         348.39       0.233915       0.208779
            499           1421         423.59       0.229639       0.208779
            500           1412         248.48       0.149643       0.208779
            501           1351         391.29       0.224584       0.208779
            502           1397         358.63       0.204274       0.208779
            503            959        1042.61       0.520886       0.208779
            504            175        1952.25       0.917734       0.867659
            505            237        1807.23       0.884064       0.867659
            506            137        2117.23       0.939225       0.867659
            507            485        1494.15       0.754945       0.867659
            508           1078         176.62       0.140776       0.208779
            509           1227         371.33       0.232324       0.208779
            510           1576         411.04        0.20686       0.208779
            511           1573         368.67       0.189873       0.208779
            512           1284         292.36       0.185465       0.208779
            513           1552         291.08       0.157931       0.208779
            514           1663         313.77       0.158729       0.208779
            515           1443         353.97       0.196982       0.208779
            516           1399         233.21        0.14288       0.208779
            517           1208         295.32       0.196445       0.208779
            518           1340          255.6       0.160191       0.208779
            519           1410          246.9       0.149013       0.208779
            520           1270          369.3       0.225279       0.208779
            521           1511         339.69       0.183548       0.208779
            522           1541         202.39        0.11609       0.208779
            523           1070          167.3       0.135214       0.208779
            524           1056         361.24        0.25489       0.208779
            525           1316         237.64       0.152957       0.208779
            526           1056         204.24       0.162064       0.208779
            527           1088         483.52       0.307677       0.208779
            528           1407         209.53       0.129617       0.208779
            529           1367         258.93        0.15925       0.208779
            530           1435         202.65       0.123744       0.208779
            531           1243         256.97       0.171317       0.208779
            532           1193         210.47       0.149964       0.208779
            533           1099         195.21       0.150833       0.208779
            534           1024         299.96       0.226563       0.208779
            535           1062         172.98       0.140067       0.208779
            536           1101         385.79       0.259478       0.208779
            537            867         729.93       0.457083       0.208779
            538            148        2040.92       0.932387       0.867659
            539            372        1470.88       0.798142       0.867659
            540            973         243.67       0.200276       0.208779
            541            985         289.15       0.226936       0.208779
            542            562         969.98       0.633154       0.867659
            543             89        1902.31       0.955306       0.867659
            544             69        1870.51       0.964424       0.867659
            545            132        1830.28       0.932731       0.867659
            546            103        1699.37       0.942853       0.867659
            547            143        1876.97       0.929207       0.867659
            548            140         1931.6       0.932419       0.867659
            549            112        1959.48       0.945932       0.867659
            550             18        1940.22       0.990808       0.867659
            551            173        1949.67       0.918499       0.867659
            552            104        1753.16       0.944001       0.867659
            553            186        1984.94       0.914323       0.867659
            554           1124         819.96       0.421799       0.208779
            555           1306         280.74       0.176929       0.208779
            556           1115         492.85       0.306527       0.208779
            557           1464         144.56      0.0898692       0.208779
            558           1482         215.78       0.127095       0.208779
            559           1663         382.77       0.187103       0.208779
            560           1427         357.33        0.20026       0.208779
            561           1900            296       0.134791       0.208779
            562           2809         213.11       0.070517       0.208779
            563           2291         390.89       0.145752       0.208779
            564           1923         404.17       0.173674       0.208779
            565           1465         509.35       0.257984       0.208779
            566           1778         375.62       0.174413       0.208779
            567           1474         463.46        0.23921       0.208779
            568           1736         432.44       0.199424       0.208779
            569           1345         342.55       0.202987       0.208779
            570           1055         364.45       0.256754       0.208779
            571           1122         327.38       0.225876       0.208779
            572            990          431.1       0.303357       0.208779
            573           1176         337.04       0.222757       0.208779
            574            927         410.33       0.306828       0.208779
            575           1001         354.79       0.261685       0.208779
            576           1230          267.7       0.178741       0.208779
            577            974         555.46       0.363174       0.208779
            578           1165         322.35       0.216728       0.208779
            579           1002         322.58       0.243534       0.208779
            580           1080          351.2       0.245388       0.208779
            581            865        1015.35       0.539979       0.208779
            582            524        1347.96       0.720079       0.867659
            583           1133         188.07       0.142362       0.208779
            584            737         391.23       0.346764       0.208779
            585             44        2048.76       0.978975       0.867659
            586            178        1999.62       0.918259       0.867659
            587             85        1885.15       0.956856       0.867659
            588            274        1549.46       0.849736       0.867659
            589           1014         371.06       0.267902       0.208779
            590           1198         174.42       0.127089       0.208779
            591           1100            256       0.188791       0.208779
            592           1055         206.45       0.163661       0.208779
            593           1125         251.75       0.182858       0.208779
            594           1028         397.12       0.278657       0.208779
            595           1039         403.81       0.279877       0.208779
            596            199        2139.21       0.914892       0.867659
            597            896         541.84       0.376843       0.208779
            598           1252         181.08       0.126357       0.208779
            599           1227         317.33       0.205481       0.208779
            600           1081         477.99       0.306602       0.208779
            601            890          379.1       0.298716       0.208779
            602           1018         367.22       0.265099       0.208779
            603            671         910.09       0.575609       0.208779
            604           1198         349.42       0.225808       0.208779
            605           1190          517.1       0.302911       0.208779
            606           1102         234.58       0.175508       0.208779
            607           1070          322.3       0.231487       0.208779
            608           1020          380.8       0.271845       0.208779
            609           1121         160.59       0.125305       0.208779
            610           1385         557.15       0.286873       0.208779
            611             30         1775.7       0.983386       0.867659
            612             70         1855.3       0.963642       0.867659
            613            366        1349.14       0.786606       0.867659
            614           1084         230.36       0.175264       0.208779
            615            913         297.27       0.245623       0.208779
            616           1367         514.93       0.273618       0.208779
            617           1193         439.47       0.269206       0.208779
            618           1128         270.12       0.193202       0.208779
            619           1149         292.71        0.20303       0.208779
            620            203        1902.37        0.90358       0.867659
            621            959         469.61       0.328718       0.208779
            622           1059         298.61       0.219953       0.208779
            623            786        1037.94       0.569065       0.867659
            624            656        1048.24       0.615078       0.867659
            625           1165         142.35       0.108884       0.208779
            626           1263         207.77       0.141266       0.208779
            627           1398          89.42      0.0601175       0.208779
            628           1182         274.78       0.188621       0.208779
            629           1087         377.73       0.257884       0.208779
            630           1114         313.06       0.219374       0.208779
            631           1020          227.8       0.182561       0.208779
            632           1023         411.17       0.286695       0.208779
            633           1064         392.56       0.269512       0.208779
            634           1076         221.04       0.170419       0.208779
            635           1419         315.01       0.181666       0.208779
            636           1147         390.13       0.253804       0.208779
            637            572        1300.88       0.694588       0.867659
            638           1011         296.69       0.226881       0.208779
            639            385        1564.15       0.802478       0.867659
            640            181        1582.99       0.897392       0.867659
            641            313        1139.27       0.784475       0.867659
            642            991         302.89       0.234093       0.208779
            643           1287         247.73       0.161416       0.208779
            644             71        1723.09       0.960426       0.867659
            645            939         427.81       0.312999       0.208779
            646            874         338.46       0.279151       0.208779
            647            961         366.19       0.275914       0.208779
            648            757         750.03       0.497688       0.208779
            649            184        2186.36       0.922375       0.867659
            650            154        1676.66       0.915877       0.867659
            651            704         868.16       0.552208       0.867659
            652           1141         200.39        0.14939       0.208779
            653           1221         393.59       0.243771       0.208779
            654           1101         149.79       0.119756       0.208779
            655           1147         139.13       0.108177       0.208779
            656           1180          276.2       0.189672       0.208779
            657           1267         341.93        0.21252       0.208779
            658           1102         305.58       0.217096       0.208779
            659           1113         366.27       0.247602       0.208779
            660           1279         324.41       0.202325       0.208779
            661           1371         194.09       0.124012       0.208779
            662           1312         175.48       0.117971       0.208779
            663           1088         354.52       0.245764       0.208779
            664           1156         205.24       0.150774       0.208779
            665           1047         191.13        0.15437       0.208779
            666           1148         217.92       0.159541       0.208779
            667           1330          290.7       0.179367       0.208779
            668           1206         169.74       0.123381       0.208779
            669            993         346.47       0.258662       0.208779
            670           1140          288.6       0.202016       0.208779
            671            994         215.26        0.17801       0.208779
            672           1100            195       0.150579       0.208779
            673           1259         213.61       0.145055       0.208779
            674           1229         255.91        0.17234       0.208779
            675           1109         512.11       0.315901       0.208779
            676           1139         172.81       0.131734       0.208779
            677            895         486.05       0.351942       0.208779
            678           1093         153.47       0.123124       0.208779
            679           1393         252.47       0.153433       0.208779
            680           1174         448.46       0.276407       0.208779
            681           1020          172.8       0.144869       0.208779
            682           1070          253.3       0.191415       0.208779
            683           1094         375.26       0.255407       0.208779
            684           1264         354.56       0.219059       0.208779
            685           1119          99.01      0.0812883       0.208779
            686           1214         202.06       0.142692       0.208779
            687           1134         186.86       0.141468       0.208779
            688           1094         134.26       0.109309       0.208779
            689           1180          271.2        0.18688       0.208779
            690           1186         224.94       0.159426       0.208779
            691           1312         259.48       0.165118       0.208779
            692           1378         256.62       0.156991       0.208779
            693           1296         236.84       0.154511       0.208779
            694           1195         260.05       0.178722       0.208779
            695           1073         301.67       0.219449       0.208779
            696           1173         392.67         0.2508       0.208779
            697           1206         290.74       0.194249       0.208779
            698           1321         299.59       0.184865       0.208779
            699           1106         170.74       0.133731       0.208779
            700           1117         395.43       0.261453       0.208779
            701            440         1427.6       0.764404       0.867659
            702            167        1420.93       0.894832       0.867659
            703            225        1323.75       0.854722       0.867659
            704            430         1095.7       0.718162       0.867659
            705             65        1698.35       0.963138       0.867659
            706            137        1832.23        0.93043       0.867659
            707            168        1778.72       0.913701       0.867659
            708           1265         342.35        0.21299       0.208779
            709           1142         345.18       0.232104       0.208779
            710           1097         351.63       0.242733       0.208779
            711            935         361.65       0.278911       0.208779
            712           1124         368.96       0.247133       0.208779
            713           1042         343.18       0.247751       0.208779
            714           1164         232.56       0.166523       0.208779
            715           1177         365.83       0.237116       0.208779
            716           1020          279.8       0.215264       0.208779
            717           1277         241.83       0.159221       0.208779
            718           1600            382       0.192735       0.208779
            719            170         1551.3       0.901237       0.867659
            720            138        1869.02       0.931241       0.867659
            721            166        1717.14       0.911849       0.867659
            722            788         785.52       0.499212       0.208779
            723           1148         255.92        0.18229       0.208779
            724           1208         189.32       0.135488       0.208779
            725            938         456.02       0.327126       0.208779
            726           1064         224.56       0.174272       0.208779
            727            994         308.26       0.236712       0.208779
            728           1114         198.06       0.150953       0.208779
            729            191        1538.89       0.889588       0.867659
            730            578         802.62       0.581348       0.867659
            731           1156         369.24       0.242086       0.208779
            732            988         466.52       0.320738       0.208779
            733           1222         133.38      0.0984078       0.208779
            734           1127         379.33       0.251824       0.208779
            735           1098         396.42       0.265267       0.208779
            736           1032         463.28       0.309828       0.208779
            737           1125         286.75       0.203117       0.208779
            738            401        1203.79       0.750123       0.867659
            739            101        1748.79       0.945399       0.867659
            740            110         1433.9       0.928752       0.867659
            741            129        1714.91        0.93004       0.867659
            742            213        1754.27       0.891728       0.867659
            743            356        1118.24        0.75852       0.867659
            744           1176         356.04       0.232396       0.208779
            745            735         721.65       0.495418       0.208779
            746           1052         448.08       0.298704       0.208779
            747           1113         330.27       0.228835       0.208779
            748           1100            406       0.269588       0.208779
            749           1151         417.29        0.26608       0.208779
            750            985         348.15       0.261148       0.208779
            751           1165         232.35       0.166279       0.208779
            752           1010          444.9       0.305794       0.208779
            753            314        1560.06       0.832449       0.867659
            754           1570          358.3       0.185811       0.208779
            755           2704         190.16      0.0657047       0.208779
            756           1985         398.15       0.167069       0.208779
            757           1977         270.83       0.120485       0.208779
            758           1834         210.86       0.103117       0.208779
            759           2509         181.11      0.0673244       0.208779
            760           1329         172.91       0.115127       0.208779
            761           1464         163.56       0.100494       0.208779
            762           1127         268.33       0.192306       0.208779
            763           1260          399.4       0.240689       0.208779
            764            932         297.28       0.241833       0.208779
            765           1166         302.14       0.205798       0.208779
            766           1046         428.34        0.29053       0.208779
            767           1149         233.71       0.169023       0.208779
            768            920          367.8       0.285603       0.208779
            769            900            919       0.505223       0.208779
            770            544        1378.76       0.717073       0.867659
            771           1534         226.86       0.128835       0.208779
            772           1288         390.52       0.232657       0.208779
            773           1110          359.9       0.244847       0.208779
            774           1553         228.87       0.128444       0.208779
            775           1060          232.4        0.17982       0.208779
            776            985         335.15       0.253873       0.208779
            777           1141         308.39       0.212772       0.208779
            778           1544         502.76       0.245637       0.208779
            779           1948         273.92       0.123281       0.208779
            780           1559         424.61       0.214059       0.208779
            781           1551         389.29       0.200635       0.208779
            782           1341         245.39       0.154685       0.208779
            783           1764         308.56       0.148879       0.208779
            784           1836         292.44       0.137396       0.208779
            785           1223         210.17       0.146647       0.208779
            786           1954         367.66       0.158361       0.208779
            787           1469         319.51       0.178646       0.208779
            788           1372         279.88       0.169431       0.208779
            789           1263         314.77       0.199503       0.208779
            790           1794         327.26       0.154276       0.208779
            791           1161         383.19        0.24815       0.208779
            792           1750          309.5       0.150279       0.208779
            793           1564         369.56       0.191129       0.208779
            794           1518         340.22       0.183089       0.208779
            795           1640          380.6        0.18836       0.208779
            796           1642         221.18       0.118711       0.208779
            797           2070          351.3       0.145087       0.208779
            798           1352         207.08       0.132822       0.208779
            799           1749         264.71       0.131454       0.208779
            800           1405         288.95       0.170578       0.208779
            801           1493         295.47       0.165208       0.208779
            802           1423         370.17       0.206433       0.208779
            803            161        1653.19       0.911255       0.867659
            804            480         1622.2       0.771668       0.867659
            805           1378         295.62       0.176635       0.208779
            806           1349         213.71       0.136756       0.208779
            807           1267         237.93         0.1581       0.208779
            808           1066         377.14       0.261333       0.208779
            809           1673         366.67       0.179769       0.208779
            810           1513         284.27       0.158168       0.208779
            811           1287         276.73       0.176968       0.208779
            812           1727         229.33       0.117225       0.208779
            813           1986         362.94       0.154512       0.208779
            814           1387         156.73       0.101527       0.208779
            815           1279         200.41       0.135466       0.208779
            816           1615         427.85       0.209438       0.208779
            817           1385         359.15       0.205917       0.208779
            818           1760          378.4       0.176955       0.208779
            819           2059         520.61       0.201817       0.208779
            820           1483         287.57       0.162417       0.208779
            821           1089         289.31       0.209902       0.208779
            822           1509         122.11      0.0748631       0.208779
            823           1140          211.6       0.156555       0.208779
            824            870         1344.3       0.607099       0.867659
            825           1678         510.62       0.233307       0.208779
            826           1434         287.86        0.16718       0.208779
            827            886         252.94       0.222084       0.208779
            828           1015         343.85       0.253045       0.208779
            829           1142         175.18       0.132996       0.208779
            830            916         101.64      0.0998781       0.208779
            831           1099         322.21       0.226715       0.208779
            832           1076         294.04       0.214621       0.208779
            833            908         469.32       0.340749       0.208779
            834           1043         266.97       0.203799       0.208779
            835           1126         151.54       0.118619       0.208779
            836           1013         230.27       0.185213       0.208779
            837           1038         380.02       0.267993       0.208779
            838           1010          776.9       0.434775       0.208779
            839           1175         233.25       0.165631       0.208779
            840            575        1019.25       0.639329       0.867659
            841            176        1841.04       0.912743       0.867659
            842             80         1717.2       0.955486       0.867659
            843            112        1867.48       0.943419       0.867659
            844             38        1665.02       0.977687       0.867659
            845             38        1846.02        0.97983       0.867659
            846            817         845.43       0.508551       0.208779
            847           1081         279.99       0.205725       0.208779
            848           1080          233.2       0.177581       0.208779
            849           1388         313.52       0.184259       0.208779
            850           1286         201.94       0.135718       0.208779
            851           2136         454.44        0.17543       0.208779
            852           1197         410.63       0.255426       0.208779
            853           1013         247.27       0.196204       0.208779
            854           1059         368.61       0.258201       0.208779
            855            647        1265.13       0.661634       0.867659
            856            119        1666.01       0.933334       0.867659
            857            158        1888.82       0.922807       0.867659
            858           1013         417.27       0.291742       0.208779
            859           1306         406.74       0.237479       0.208779
            860           1593         358.47       0.183692       0.208779
            861           1328         357.12       0.211926       0.208779
            862           1136         329.44       0.224806       0.208779
            863            552        1050.08       0.655448       0.867659
            864           1197         978.63       0.449815       0.208779
            865            720          189.8       0.208617       0.208779
            866           1810          376.9       0.172344       0.208779
            867           1333         181.07       0.119592       0.208779
            868           1957         525.03       0.211532       0.208779
            869           1735         365.65       0.174065       0.208779
            870           1622         323.38        0.16623       0.208779
            871           2199         287.21       0.115521       0.208779
            872           1206         376.74        0.23803       0.208779
            873            246        1627.34       0.868684       0.867659
            874           1508         247.32       0.140897       0.208779
            875           2258         344.82       0.132479       0.208779
            876           1640          281.6       0.146545       0.208779
            877           1378         164.62       0.106715       0.208779
            878           1580          269.2       0.145576       0.208779
            879           2191         369.89       0.144438       0.208779
            880           1263         234.77       0.156746       0.208779
            881           1792         479.68       0.211157       0.208779
            882           2204         330.16       0.130284       0.208779
            883           1430          286.7       0.167006       0.208779
            884           1466         277.14       0.158989       0.208779
            885           1742         307.18       0.149904       0.208779
            886           2348         313.92        0.11793       0.208779
            887           2127         391.33       0.155393       0.208779
            888           2179         513.41       0.190688       0.208779
            889           1158         314.82       0.213753       0.208779
            890           1392         200.68       0.126001       0.208779
            891           1641         513.39       0.238299       0.208779
            892           2119         313.01       0.128704       0.208779
            893           1195         325.05       0.213842       0.208779
            894            141        1524.39       0.915335       0.867659
            895             66        1782.14       0.964288       0.867659
            896            135        1738.65       0.927948       0.867659
            897            250         1881.5       0.882712       0.867659
            898            277        1753.83       0.863603       0.867659
            899            214        1873.06       0.897463       0.867659
            900            195        1831.05       0.903754       0.867659
            901            253        1568.87       0.861132       0.867659
            902            653        1112.87       0.630211       0.867659
            903           1751         227.29       0.114892       0.208779
            904           1942         309.18       0.137341       0.208779
            905           1864         418.56       0.183373       0.208779
            906           2128         138.12        0.06095       0.208779
            907           1507         315.53       0.173127       0.208779
            908           1857         258.03       0.121998       0.208779
            909           1532          69.28      0.0432654       0.208779
            910           1077         226.83       0.173972       0.208779
            911           1892         698.68        0.26969       0.208779
            912           2615         627.85       0.193611       0.208779
            913           1469         193.51       0.116396       0.208779
            914           1331         110.49      0.0766499       0.208779
            915            867         212.93        0.19717       0.208779
            916           1120          233.8       0.172699       0.208779
            917           1270          336.3       0.209363       0.208779
            918           2916         722.64       0.198602       0.208779
            919           1956         550.24       0.219548       0.208779
            920            677         830.83        0.55101       0.867659
            921             59        1642.61       0.965327       0.867659
            922            236        1477.44       0.862265       0.867659
            923           2117         326.43       0.133595       0.208779
            924           1227         377.33       0.235195       0.208779
            925           1119         353.01       0.239815       0.208779
            926           1232         284.28       0.187485       0.208779
            927           1723         197.17       0.102684       0.208779
            928           1166         181.14       0.134463       0.208779
            929           1044         263.76       0.201688       0.208779
            930           1098         318.42       0.224806       0.208779
            931           1297         246.63       0.159773       0.208779
            932           1074         234.46       0.179188       0.208779
            933            225        1775.75       0.887542       0.867659
            934             81        1621.99       0.952437       0.867659
            935             39        1735.81       0.978026       0.867659
            936             88        1825.52       0.954011       0.867659
            937            106        1458.74       0.932257       0.867659
            938             81        1503.99       0.948896       0.867659
            939            168        1648.72       0.907526       0.867659
            940            171        1869.09        0.91618       0.867659
            941             16        1924.64       0.991755       0.867659
            942             88        1752.52       0.952187       0.867659
            943             64        1810.56       0.965859       0.867659
            944            195        1741.05       0.899279       0.867659
            945             71        1768.09       0.961394       0.867659
            946            209        1919.11       0.901791       0.867659
            947            781         374.99       0.324389       0.208779
            948           2173         604.67        0.21769       0.208779
            949           1646         508.34       0.235961       0.208779
            950           1354         330.66       0.196277       0.208779
            951            252        1631.08       0.866177       0.867659
            952            110         1933.9       0.946181       0.867659
            953            115        1782.85       0.939405       0.867659
            954            779        1277.41       0.621184       0.867659
            955           1217         105.43      0.0797244       0.208779
            956           2332         160.28      0.0643106       0.208779
            957           1187         359.73       0.232575       0.208779
            958           1052         494.08       0.319569       0.208779
            959           1531         148.49      0.0884137       0.208779
            960           1488         127.52      0.0789343       0.208779
            961           1133         373.07       0.247711       0.208779
            962           1762          61.98      0.0339806       0.208779
            963           1496         134.84      0.0826813       0.208779
            964           1455         120.45      0.0764543       0.208779
            965           1432         326.28       0.185568       0.208779
            966           1029         397.91       0.278861       0.208779
            967            837         636.23       0.431861       0.208779
            968           1177         338.83       0.223528       0.208779
            969           1402         257.58       0.155208       0.208779
            970           1148         311.92       0.213656       0.208779
            971           1403         155.37      0.0997003       0.208779
            972           1597         242.63       0.131891       0.208779
            973           1135         159.65       0.123315       0.208779
            974           1912         331.48       0.147753       0.208779
            975           1156         392.24       0.253346       0.208779
            976            922         287.38       0.237626       0.208779
            977            548        1046.92       0.656409       0.867659
            978             78        1988.62       0.962257       0.867659
            979            204        1587.16       0.886107       0.867659
            980             44        1720.76       0.975067       0.867659
            981             87        1859.73        0.95531       0.867659
            982             69        1958.51       0.965968       0.867659
            983            204        1778.16       0.897082       0.867659
            984              8        1791.32       0.995554       0.867659
            985            723         996.17       0.579448       0.867659
            986           1131         298.49       0.208809       0.208779
            987           1212         328.48       0.213232       0.208779
            988           1519         111.01      0.0681039       0.208779
            989           1340          297.6       0.181729       0.208779
            990           1116         367.64       0.247796       0.208779
            991            713         953.27       0.572098       0.867659
            992            113        2037.27       0.947448       0.867659
            993            243        1857.97       0.884339       0.867659
            994            161        1771.19       0.916675       0.867659
            995             66        2032.14       0.968544       0.867659
            996             28        1929.12       0.985693       0.867659
            997            113        1538.27       0.931568       0.867659
            998            107        1679.53       0.940107       0.867659
            999            945         514.55        0.35254       0.208779
           1000           1449         181.71        0.11143       0.208779
           1001           1269         224.51       0.150324       0.208779
           1002            966         284.14       0.227287       0.208779
           1003           1395         191.05       0.120456       0.208779
           1004           1267         420.93       0.249376       0.208779
           1005           1149         364.71       0.240938       0.208779
           1006           1145         331.55       0.224544       0.208779
           1007           1067         268.93       0.201305       0.208779
           1008           1053         253.87       0.194258       0.208779
           1009           1205         213.95       0.150781       0.208779
           1010            970          397.3       0.290573       0.208779
           1011           1078         332.62       0.235797       0.208779
           1012           1159         322.61       0.217743       0.208779
           1013           1296         234.84       0.153406       0.208779
           1014           1234         345.86       0.218918       0.208779
           1015           1019         405.01       0.284415       0.208779
           1016           1324         223.96       0.144681       0.208779
           1017           1186         300.94       0.202389       0.208779
           1018           1025         203.75       0.165819       0.208779
           1019           1331         377.49       0.220949       0.208779
           1020           1152         473.08       0.291112       0.208779
           1021           1435         224.65        0.13536       0.208779
           1022           1215         181.85       0.130186       0.208779
           1023           2629         518.91       0.164843       0.208779
           1024           1755         116.45      0.0622245       0.208779
           1025           1911         877.69       0.314732       0.208779
           1026           2068         444.72       0.176987       0.208779
           1027           1579          69.41      0.0421072       0.208779
           1028           1235          31.65      0.0249872       0.208779
           1029           1358         304.82       0.183315       0.208779
           1030           1032         505.28       0.328684       0.208779
           1031           1870          688.3       0.269046       0.208779
           1032           1337         337.23       0.201424       0.208779
           1033           1283         272.57       0.175222       0.208779
           1034           1591         452.89       0.221582       0.208779
           1035           2318         477.22       0.170727       0.208779
           1036           1300            289       0.181875       0.208779
           1037           1569         302.51        0.16164       0.208779
           1038           1585         509.15        0.24313       0.208779
           1039           1480          345.2        0.18913       0.208779
           1040           1730          284.7       0.141311       0.208779
           1041           1294         124.26      0.0876144       0.208779
           1042           1296         443.84       0.255104       0.208779
           1043           1362         303.98       0.182463       0.208779
           1044            678        1288.62       0.655246       0.867659
           1045            285        1768.15       0.861189       0.867659
           1046            132        1767.28         0.9305       0.867659
           1047            220         1830.8       0.892725       0.867659
           1048            857         570.03       0.399452       0.208779
           1049           2345         832.55        0.26201       0.208779
           1050           2034         364.86       0.152097       0.208779
           1051           1925         243.75       0.112392       0.208779
           1052           2030          357.7       0.149809       0.208779
           1053           1113         382.27       0.255653       0.208779
           1054           1191         259.89       0.179125       0.208779
           1055           1821         409.59       0.183624       0.208779
           1056           1164         215.56       0.156253       0.208779
           1057           1209         332.11       0.215501       0.208779
           1058           1948         349.92       0.152277       0.208779
           1059           1444         311.76       0.177564       0.208779
           1060           1107          61.53      0.0526559       0.208779
           1061            897         204.63       0.185752       0.208779
           1062           1201         450.79        0.27291       0.208779
           1063           1362         182.98       0.118435       0.208779
           1064           2037         409.23        0.16729       0.208779
           1065            973         250.67       0.204851       0.208779
           1066            501        1247.79       0.713516       0.867659
           1067           1045         265.55       0.202625       0.208779
           1068           2037         529.23       0.206229       0.208779
           1069           2446         519.34       0.175137       0.208779
           1070            795        1435.05       0.643506       0.867659
           1071            353        1254.87       0.780455       0.867659
           1072           1391         188.89       0.119559       0.208779
           1073           2172         392.88       0.153177       0.208779
           1074           2021         300.59       0.129476       0.208779
           1075           2038         577.02       0.220656       0.208779
           1076           1356         356.24       0.208055       0.208779
           1077            657         911.03       0.581003       0.867659
           1078            613        1141.27       0.650567       0.867659
           1079           1191         282.89       0.191934       0.208779
           1080           1750          646.5       0.269768       0.208779
           1081           1686         325.94       0.162003       0.208779
           1082           1200            338       0.219766       0.208779
           1083           1224          19.96      0.0160455       0.208779
           1084           1299         134.21      0.0936429       0.208779
           1085           1315         229.85       0.148785       0.208779
           1086           1031         199.49       0.162122       0.208779
           1087            990          297.1       0.230829       0.208779
           1088            215        1498.85       0.874551       0.867659
           1089           1065         421.35        0.28348       0.208779
           1090           1124         185.96       0.141959       0.208779
           1091           1062         336.98       0.240875       0.208779
           1092           1105         286.95        0.20615       0.208779
           1093           1318         109.22      0.0765264       0.208779
           1094           1191         196.89       0.141863       0.208779
           1095            964         278.56       0.224182       0.208779
           1096            275        1099.25       0.799891       0.867659
           1097             95        1894.05       0.952239       0.867659
           1098             77        1675.83       0.956071       0.867659
           1099             52        1539.08       0.967318       0.867659
           1100            116        1654.64       0.934487       0.867659
           1101             99        1551.21       0.940008       0.867659
           1102            120         1616.8       0.930907       0.867659
           1103             70         1609.3       0.958316       0.867659
           1104             42        1777.18       0.976913       0.867659
           1105            107        1693.53       0.940573       0.867659
           1106            198        1421.42       0.877734       0.867659
           1107            172        1698.88       0.908065       0.867659
           1108            174        1780.46       0.910973       0.867659
           1109            179        1604.41        0.89963       0.867659
           1110             91        1769.89       0.951099       0.867659
           1111             80         1830.2        0.95812       0.867659
           1112             52        1414.08       0.964531       0.867659
           1113             97        1523.63       0.940147       0.867659
           1114             30         1632.7       0.981957       0.867659
           1115            146        1667.34       0.919486       0.867659
           1116            122        1770.38       0.935531       0.867659
           1117            191        1788.89        0.90353       0.867659
           1118           1230          475.7       0.278888       0.208779
           1119           1074         211.46       0.164501       0.208779
           1120           1055         225.45       0.176071       0.208779
           1121           1624         -73.04     -0.0470934       0.208779
           1122           1326         145.54      0.0989032       0.208779
           1123           1356         177.24       0.115598       0.208779
           1124            973         152.67       0.135626       0.208779
           1125           1432         196.28       0.120544       0.208779
           1126           1377         160.83       0.104582       0.208779
           1127           1403         215.37       0.133078       0.208779
           1128           1409         184.11       0.115566       0.208779
           1129           1085         353.15       0.245559       0.208779
           1130           1253         425.87       0.253665       0.208779
           1131           1237         282.23       0.185772       0.208779
           1132           1466         154.14      0.0951399       0.208779
           1133           1148         229.92        0.16686       0.208779
           1134           1330          142.7      0.0968969       0.208779
           1135           1233         398.07       0.244055       0.208779
           1136           1307         236.53        0.15324       0.208779
           1137           1095         237.05       0.177959       0.208779
           1138           1180          247.2       0.173206       0.208779
           1139             42         313.18        0.88175       0.867659
