              0             93          306.4       0.767151       0.806491
              1             84          473.2       0.849246       0.806491
              2            110            477       0.812606       0.806491
              3            123          346.4       0.737963       0.806491
              4             79          395.2       0.833404       0.806491
              5             81          387.8       0.827218       0.806491
              6             99          392.2       0.798453       0.806491
              7             48          452.4       0.904077       0.806491
              8            124          365.2       0.746525       0.806491
              9             26          405.8       0.939787       0.806491
             10             45            376       0.893112       0.806491
             11            195            150       0.434783       0.181622
             12            245             93       0.275148       0.181622
             13             89          422.2         0.8259       0.806491
             14             29          313.2       0.915254       0.806491
             15             88          269.4       0.753777       0.806491
             16             50            556       0.917492       0.806491
             17             50            370       0.880952       0.806491
             18             70            419       0.856851       0.806491
             19             80            381       0.826464       0.806491
             20             88          315.4       0.781854       0.806491
             21             -1          384.2        1.00261       0.806491
             22             32          397.6       0.925512       0.806491
             23             94          366.2       0.795741       0.806491
             24            137          306.6       0.691163       0.806491
             25             90            468        0.83871       0.806491
             26            142          227.6       0.615801       0.806491
             27            144          285.2       0.664492       0.806491
             28            110            388       0.779116       0.806491
             29             27          364.6       0.931052       0.806491
             30             93          462.4       0.832553       0.806491
             31             71          412.8       0.853245       0.806491
             32             88          178.4        0.66967       0.806491
             33            199          154.2        0.43658       0.806491
             34            216          346.8       0.616205       0.806491
             35            122           29.6       0.195251       0.181622
             36            258          143.4        0.35725       0.181622
             37            329          182.2       0.356416       0.181622
             38            245             18      0.0684411       0.181622
             39            222          -14.4     -0.0693642       0.181622
             40            172          152.6       0.470117       0.181622
             41            109          421.2       0.794417       0.806491
             42            105            359       0.773707       0.806491
             43            247           43.6       0.150034       0.181622
             44            222           55.6       0.200288       0.181622
             45            201           42.8       0.175554       0.181622
             46            238           21.4      0.0824981       0.181622
             47            262           95.6       0.267338       0.181622
             48            128          356.4       0.735756       0.806491
             49             45            376       0.893112       0.806491
             50            197          250.6       0.559875       0.806491
             51            290            -10     -0.0357143       0.181622
             52            175            120        0.40678       0.181622
             53            272           81.6       0.230769       0.181622
             54            246           11.8      0.0457719       0.181622
             55            166          252.8       0.603629       0.181622
             56            251          209.8       0.455295       0.181622
             57            243           10.4      0.0410418       0.181622
             58             74          344.2       0.823051       0.806491
             59             97          362.6       0.788947       0.806491
             60             79          391.2       0.831986       0.806491
             61            109          292.2       0.728315       0.806491
             62            280             24      0.0789474       0.181622
             63            279          -54.8      -0.244425       0.181622
             64            142          224.6       0.612657       0.806491
             65            114          340.2       0.749009       0.806491
             66             91          400.8       0.814965       0.806491
             67              3          234.4       0.987363       0.806491
             68            -16          365.2        1.04582       0.806491
             69             66          414.8       0.862729       0.806491
             70             65            329       0.835025       0.806491
             71             37          276.6       0.882015       0.806491
             72            -48          354.6        1.15656       0.806491
             73             83          383.4       0.822041       0.806491
             74             41          220.8       0.843392       0.806491
             75             71          280.8       0.798181       0.806491
             76            151          373.8       0.712271       0.806491
             77            302          171.6       0.362331       0.181622
             78            161          174.8       0.520548       0.806491
             79             74          401.2       0.844276       0.806491
             80             50            376       0.882629       0.806491
             81             98          333.4       0.772833       0.806491
             82             81          335.8       0.805662       0.806491
             83            160            301       0.652928       0.806491
             84              3          403.4       0.992618       0.806491
             85            165            259       0.610849       0.806491
             86            243          106.4       0.304522       0.181622
             87            180             54       0.230769       0.181622
             88            255             42       0.141414       0.181622
             89            147          162.6       0.525194       0.181622
             90            140             98       0.411765       0.181622
             91            283          162.4       0.364616       0.181622
             92            208           77.4       0.271198       0.181622
             93            201           70.8       0.260486       0.181622
             94            278          -46.6      -0.201383       0.181622
             95            245             48       0.163823       0.181622
             96            188            0.4     0.00212314       0.181622
             97            183          221.4       0.547478       0.181622
             98            253           80.4       0.241152       0.181622
             99            252           89.6       0.262295       0.181622
            100            270             99       0.268293       0.181622
            101            271          -22.2     -0.0892283       0.181622
            102            175            143       0.449686       0.181622
            103             96          335.8       0.777675       0.806491
            104             63          386.4       0.859813       0.806491
            105            134          341.2       0.718013       0.806491
            106            125            273        0.68593       0.806491
            107            222          185.6       0.455348       0.181622
            108            186          116.8       0.385733       0.181622
            109            215             76       0.261168       0.181622
            110            266           69.8       0.207862       0.181622
            111            207           53.6       0.205679       0.181622
            112            172           82.6        0.32443       0.181622
            113            221          112.8       0.337927       0.181622
            114            239          118.2       0.330907       0.181622
            115            185            236        0.56057       0.181622
            116            151           46.8       0.236603       0.181622
            117            273           44.4       0.139887       0.181622
            118            196          122.8       0.385194       0.181622
            119            327          108.6       0.249311       0.181622
            120            156           27.8       0.151251       0.181622
            121            208          156.4       0.429199       0.181622
            122            101          122.8       0.548704       0.806491
            123             72          367.6       0.836215       0.806491
            124            156          320.8       0.672819       0.806491
            125            273           99.4       0.266917       0.181622
            126            212          118.6       0.358742       0.181622
            127            251           40.8       0.139822       0.181622
            128            106           23.8       0.183359       0.181622
            129            144          257.2       0.641077       0.806491
            130             95            297       0.757653       0.806491
            131             38          292.4       0.884988       0.806491
            132            270            135       0.333333       0.806491
            133             98          239.4       0.709544       0.806491
            134             67          325.6       0.829343       0.806491
            135            146          236.8         0.6186       0.806491
            136            217          -23.4      -0.120868       0.181622
            137             85            150       0.638298       0.181622
            138            303            7.4      0.0238402       0.181622
            139            217           93.6       0.301352       0.181622
            140            246           64.8       0.208494       0.181622
            141            102          262.6       0.720241       0.806491
            142            164          -23.8      -0.169757       0.181622
            143            186          151.8       0.449378       0.181622
            144            132           16.6       0.111709       0.181622
            145            243           63.4       0.206919       0.181622
            146             83          239.4       0.742556       0.806491
            147             10            245       0.960784       0.806491
            148             85            269       0.759887       0.806491
            149             79          298.2       0.790562       0.806491
            150            114          322.2       0.738652       0.806491
            151            162          263.6       0.619361       0.806491
            152             52          413.6       0.888316       0.806491
            153             79          323.2        0.80358       0.806491
            154            -40            249        1.19139       0.806491
            155             48          300.4       0.862227       0.806491
            156             30            353       0.921671       0.806491
            157            178          171.4       0.490555       0.806491
            158             69          482.2       0.874819       0.806491
            159              3          298.4       0.990046       0.806491
            160            168          161.4       0.489982       0.806491
            161            141          180.8        0.56184       0.806491
            162            106          182.8       0.632964       0.806491
            163            279           70.2       0.201031       0.181622
            164            374           55.2       0.128611       0.181622
            165            299          215.2       0.418514       0.181622
            166            276          384.8       0.582324       0.181622
            167            286           -6.2     -0.0221587       0.181622
            168            171          144.8       0.458518       0.181622
            169            172          287.6       0.625762       0.806491
            170             98          208.4       0.680157       0.806491
            171            315             14      0.0425532       0.181622
            172            332           61.6       0.156504       0.181622
            173            274          133.2       0.327112       0.181622
            174            288           87.4       0.232818       0.181622
            175            231            6.8      0.0285955       0.181622
            176            225             59       0.207746       0.181622
            177            214           -2.8     -0.0132576       0.181622
            178            154           88.2       0.364162       0.181622
            179            273           65.4       0.193262       0.181622
            180            183          239.4       0.566761       0.806491
            181             99          446.2       0.818415       0.806491
            182             19          283.2       0.937128       0.806491
            183              7          313.6       0.978166       0.806491
            184             23          409.4       0.946809       0.806491
            185             79          362.2       0.820943       0.806491
            186            201          209.8       0.510711       0.806491
            187            222           92.6       0.294342       0.181622
            188            185            173        0.48324       0.181622
            189            318           53.4        0.14378       0.181622
            190             53          197.4       0.788339       0.806491
            191             53          336.4       0.863893       0.806491
            192            133          410.4       0.755245       0.806491
            193             70            304       0.812834       0.806491
            194             30            217       0.878543       0.806491
            195              1          355.8       0.997197       0.806491
            196            127          242.6       0.656385       0.806491
            197             66          455.8       0.873515       0.806491
            198             81          325.8       0.800885       0.806491
            199             82          369.6       0.818423       0.806491
            200            117          341.6       0.744876       0.806491
            201            148          326.4       0.688027       0.806491
            202             47          359.6       0.884407       0.806491
            203             58          338.4       0.853683       0.806491
            204            160            387       0.707495       0.806491
            205             47          359.6       0.884407       0.806491
            206             58          276.4       0.826555       0.806491
            207            261          145.8       0.358407       0.181622
            208            194           20.2      0.0943044       0.181622
            209            124          203.2       0.621027       0.806491
            210             17          280.6       0.942876       0.806491
            211             63          325.4       0.837796       0.806491
            212             26          286.8        0.91688       0.806491
            213             52          337.6        0.86653       0.806491
            214            256           18.8      0.0684134       0.181622
            215            242          148.6        0.38044       0.181622
            216             47          242.6       0.837707       0.806491
            217            227          101.6       0.309191       0.181622
            218            221          -16.2     -0.0791016       0.181622
            219            118          313.4       0.726472       0.806491
            220              5            461        0.98927       0.806491
            221            189          344.2       0.645536       0.806491
            222             92          198.6       0.683414       0.806491
            223             90            310          0.775       0.806491
            224            121          319.8       0.725499       0.806491
            225             97          266.6       0.733223       0.806491
            226            278          -20.6     -0.0800311       0.181622
            227            169           81.2        0.32454       0.181622
            228             41          299.8       0.879695       0.806491
            229            267          130.6       0.328471       0.806491
            230            137          287.6       0.677343       0.806491
            231             -5            391        1.01295       0.806491
            232            100            254       0.717514       0.806491
            233             38          270.4       0.876783       0.806491
            234             31          387.8       0.925979       0.806491
            235            119          325.2       0.732103       0.806491
            236            230             82       0.262821       0.181622
            237            205            145       0.414286       0.181622
            238            179          116.2       0.393631       0.181622
            239            222          -59.4      -0.365314       0.181622
            240            253           21.4      0.0779883       0.181622
            241            120            334       0.735683       0.806491
            242             45            267       0.855769       0.806491
            243             26          307.8       0.922109       0.806491
            244             75            354       0.825175       0.806491
            245             54          289.2       0.842657       0.806491
            246             30            328       0.916201       0.806491
            247             20            412       0.953704       0.806491
            248              2          393.6       0.994944       0.806491
            249             46          310.8       0.871076       0.806491
            250             89          290.2       0.765295       0.806491
            251             58          287.4       0.832079       0.806491
            252             88          353.4       0.800634       0.806491
            253             98          419.4       0.810591       0.806491
            254             53          303.4       0.851291       0.806491
            255            -53          386.6        1.15887       0.806491
            256              7          309.6        0.97789       0.806491
            257             89          375.2       0.808272       0.806491
            258             95            296       0.757033       0.806491
            259            248          189.4       0.433013       0.181622
            260            123          107.4       0.466146       0.181622
            261            261          105.8       0.288441       0.181622
            262            276           -8.2     -0.0306199       0.181622
            263            187          -39.4      -0.266938       0.181622
            264             70            293       0.807163       0.806491
            265             12          498.6       0.976498       0.806491
            266             48          357.4       0.881598       0.806491
            267             48          381.4       0.888216       0.806491
            268             96          347.8       0.783686       0.806491
            269             50            290       0.852941       0.806491
            270             -8          332.6        1.02465       0.806491
            271            152           70.6       0.317161       0.181622
            272            174          123.2       0.414536       0.181622
            273            191           76.8       0.286781       0.181622
            274            252           51.6        0.16996       0.181622
            275            235             72       0.234528       0.181622
            276             86          228.8       0.726811       0.806491
            277             35            461       0.929435       0.806491
            278             47          280.6       0.856532       0.806491
            279            192          238.6       0.554111       0.806491
            280            131          294.8       0.692344       0.806491
            281             23          336.4       0.936004       0.806491
            282             66          247.8       0.789675       0.806491
            283            132          205.6       0.609005       0.806491
            284            166           75.8       0.313482       0.181622
            285             91          144.8        0.61408       0.806491
            286            153          173.4        0.53125       0.806491
            287            179          116.2       0.393631       0.181622
            288            268           30.4       0.101877       0.181622
            289            160            -10     -0.0666667       0.181622
            290            138          280.4       0.670172       0.806491
            291            190            -34      -0.217949       0.181622
            292            308          107.4       0.258546       0.181622
            293            187          224.6       0.545675       0.806491
            294             37          275.6       0.881638       0.806491
            295              1          293.8       0.996608       0.806491
            296             43          365.4       0.894711       0.806491
            297             48          334.4       0.874477       0.806491
            298            120            104       0.464286       0.181622
            299            260             84       0.244186       0.181622
            300            186          127.8       0.407266       0.181622
            301            157          115.6       0.424065       0.181622
            302            219           83.2       0.275314       0.181622
            303             74          343.2       0.822627       0.806491
            304            126          182.8       0.591969       0.806491
            305              1          366.8       0.997281       0.806491
            306             57          300.6       0.840604       0.806491
            307             51          246.8       0.828744       0.806491
            308             91          325.8        0.78167       0.806491
            309             44          163.2       0.787645       0.806491
            310            106          183.8       0.634231       0.806491
            311            109          266.2       0.709488       0.806491
            312             20            403       0.952719       0.806491
            313             76          166.8       0.686985       0.806491
            314            133           96.4       0.420227       0.806491
            315            125            191        0.60443       0.806491
            316             65            320       0.831169       0.806491
            317             46          298.8       0.866589       0.806491
            318            105            293       0.736181       0.806491
            319             97          234.6       0.707479       0.806491
            320             45            374       0.892601       0.806491
            321             88          211.4       0.706079       0.806491
            322            -20            264        1.08197       0.806491
            323             50            288       0.852071       0.806491
            324            128          169.4       0.569603       0.806491
            325             50            173       0.775785       0.806491
            326             66          188.8       0.740973       0.806491
            327             70            270       0.794118       0.806491
            328             51          202.8       0.799054       0.806491
            329             73          236.4       0.764059       0.806491
            330            107          171.6       0.615937       0.806491
            331              6          201.8       0.971126       0.806491
            332            102          226.6       0.689592       0.806491
            333             52          271.6       0.839308       0.806491
            334             47          132.6       0.738307       0.806491
            335             79          141.2       0.641235       0.806491
            336             30            253       0.893993       0.806491
            337            122          234.6        0.65788       0.806491
            338             19          233.2       0.924663       0.806491
            339             22          474.6       0.955699       0.806491
            340            100            317       0.760192       0.806491
            341            111           87.8        0.44165       0.181622
            342            160            143       0.471947       0.806491
            343             28          291.4       0.912336       0.806491
            344             49          459.2       0.903581       0.806491
            345            184          302.2       0.621555       0.806491
            346            227          -12.4     -0.0577819       0.181622
            347            216          180.8       0.455645       0.181622
            348            136           97.8       0.418306       0.181622
            349            180            -37      -0.258741       0.181622
            350            261           78.8       0.231901       0.181622
            351            193           44.4       0.187026       0.181622
            352             16          273.8        0.94479       0.806491
            353            112          129.6       0.536424       0.806491
            354            262          166.6       0.388707       0.181622
            355            260            -10          -0.04       0.181622
            356            254          156.2        0.38079       0.181622
            357            235             71       0.232026       0.181622
            358            322           55.6       0.147246       0.181622
            359            261          -96.2      -0.583738       0.181622
            360            138           50.4       0.267516       0.181622
            361            217          225.6       0.509715       0.181622
            362            274           53.2       0.162592       0.181622
            363            195             30       0.133333       0.181622
            364            172          217.6       0.558522       0.806491
            365             22          413.6       0.949495       0.806491
            366             21          253.8       0.923581       0.806491
            367             35            369       0.913366       0.806491
            368             51          224.8       0.815083       0.806491
            369             31          250.8       0.889993       0.806491
            370             52          292.6         0.8491       0.806491
            371             37          344.6        0.90304       0.806491
            372            146          111.8        0.43367       0.806491
            373            132          322.6       0.709635       0.806491
            374             74          290.2       0.796815       0.806491
            375             57          181.6       0.761106       0.806491
            376            101          226.8       0.691885       0.806491
            377            188           38.4       0.169611       0.181622
            378            197          116.6       0.371811       0.181622
            379            122          155.6       0.560519       0.806491
            380              8          465.4       0.983101       0.806491
            381             15            199       0.929907       0.806491
            382            129          108.2       0.456155       0.806491
            383            129          204.2       0.612845       0.806491
            384            215             60       0.218182       0.181622
            385            235            -34      -0.169154       0.181622
            386            119          101.2       0.459582       0.181622
            387            264           18.2      0.0644933       0.181622
            388            245            123       0.334239       0.181622
            389             81          526.8       0.866732       0.806491
            390             73          337.4       0.822125       0.806491
            391             84          357.2        0.80961       0.806491
            392             47          297.6        0.86361       0.806491
            393            203           89.4       0.305746       0.181622
            394            188            1.4     0.00739176       0.181622
            395             46          367.8       0.888835       0.806491
            396             43          297.4       0.873678       0.806491
            397              8          215.4        0.96419       0.806491
            398             25            305       0.924242       0.806491
            399             98          225.4        0.69697       0.806491
            400             39          266.2       0.872215       0.806491
            401             45            383        0.89486       0.806491
            402            171           35.8       0.173114       0.181622
            403            231            5.8      0.0244932       0.181622
            404            210            112       0.347826       0.181622
            405             99          137.2       0.580864       0.806491
            406             91          380.8       0.807122       0.806491
            407             92          295.6       0.762642       0.806491
            408             74          356.2       0.827987       0.806491
            409            212          183.6       0.464105       0.181622
            410            182          -11.4      -0.066823       0.181622
            411             63           29.4       0.318182       0.181622
            412            222          107.6       0.326456       0.181622
            413            233          134.4       0.365814       0.181622
            414            211          212.8       0.502124       0.806491
            415             -5            307        1.01656       0.806491
            416             62          496.6       0.889008       0.806491
            417            146          147.8       0.503063       0.806491
            418             97          378.6       0.796047       0.806491
            419             36          305.8       0.894675       0.806491
            420             14          305.2        0.95614       0.806491
            421             68          381.4       0.848687       0.806491
            422             89          223.2       0.714926       0.806491
            423            -12          284.4        1.04405       0.806491
            424             42          506.6       0.923441       0.806491
            425             73          282.4       0.794598       0.806491
            426            118          359.4       0.752828       0.806491
            427            195            105           0.35       0.181622
            428            146          139.8       0.489153       0.806491
            429             48          197.4       0.804401       0.806491
            430            -24          337.8        1.07648       0.806491
            431             55            344       0.862155       0.806491
            432            127          293.6        0.69805       0.806491
            433             21          353.8        0.94397       0.806491
            434             20            272       0.931507       0.806491
            435             46          329.8       0.877594       0.806491
            436            122          451.6       0.787308       0.806491
            437            160            232       0.591837       0.806491
            438            160            139       0.464883       0.181622
            439            193           71.4       0.270045       0.181622
            440            145            216       0.598338       0.806491
            441             76          349.8       0.821512       0.806491
            442              7          272.6       0.974964       0.806491
            443             40            360            0.9       0.806491
            444             25            339       0.931319       0.806491
            445             80            315       0.797468       0.806491
            446             92          270.6       0.746277       0.806491
            447             49          413.2       0.893985       0.806491
            448             36          410.8       0.919427       0.806491
            449             67          290.6        0.81264       0.806491
            450             83          394.4       0.826142       0.806491
            451             56          438.8       0.886823       0.806491
            452            241           57.8        0.19344       0.181622
            453            225             85       0.274194       0.181622
            454             98          322.4       0.766889       0.806491
            455             44          346.2       0.887237       0.806491
            456             41          431.8       0.913283       0.806491
            457             14          278.2       0.952088       0.806491
            458             47          315.6       0.870381       0.806491
            459             27          221.6       0.891392       0.806491
            460            117          292.6       0.714355       0.806491
            461            100            104       0.509804       0.806491
            462             86          215.8       0.715043       0.806491
            463            164          117.2       0.416785       0.181622
            464            206          -70.2      -0.516937       0.181622
            465            172           38.6       0.183286       0.181622
            466            190             27       0.124424       0.181622
            467            203           35.4        0.14849       0.181622
            468            107          272.6       0.718124       0.806491
            469             23          329.4       0.934733       0.806491
            470            -36          352.2        1.11385       0.806491
            471             48          444.4       0.902518       0.806491
            472             46          424.8       0.902294       0.806491
            473              5            418        0.98818       0.806491
            474             66          434.8       0.868211       0.806491
            475              8          288.4       0.973009       0.806491
            476             76          312.8       0.804527       0.806491
            477             27          351.6       0.928685       0.806491
            478             89          430.2       0.828582       0.806491
            479             84          345.2       0.804287       0.806491
            480             43          276.4       0.865373       0.806491
            481            220             83       0.273927       0.181622
            482            240             90       0.272727       0.181622
            483            202           70.6       0.258988       0.181622
            484            135            354       0.723926       0.806491
            485             -3          368.6        1.00821       0.806491
            486             52          524.6       0.909816       0.806491
            487             80            261       0.765396       0.806491
            488             41          331.8       0.890021       0.806491
            489             61          303.8       0.832785       0.806491
            490             46          355.8       0.885515       0.806491
            491              7          280.6       0.975661       0.806491
            492             39          401.2       0.911404       0.806491
            493              9          278.2       0.968663       0.806491
            494             -1          243.2        1.00413       0.806491
            495             56          405.8       0.878735       0.806491
            496             36          386.8       0.914853       0.806491
            497            104          376.2       0.783424       0.806491
            498            155            121       0.438406       0.806491
            499            122          149.6        0.55081       0.806491
            500             71          337.8       0.826321       0.806491
            501            120            313       0.722864       0.806491
            502             27          262.6       0.906768       0.806491
            503            293           -2.6    -0.00895317       0.181622
            504            127          225.6       0.639818       0.806491
            505             86          305.8         0.7805       0.806491
            506             45            362       0.889435       0.806491
            507             57          310.6        0.84494       0.806491
            508             93          368.4        0.79844       0.806491
            509             22          273.6       0.925575       0.806491
            510             55            278       0.834835       0.806491
            511             62          319.6       0.837526       0.806491
            512            -11          538.2        1.02086       0.806491
            513             95            279       0.745989       0.806491
            514             27          383.6       0.934243       0.806491
            515             56          467.8       0.893089       0.806491
            516            142          386.6       0.731366       0.806491
            517             38          331.4        0.89713       0.806491
            518            141          399.8       0.739275       0.806491
            519             54          305.2       0.849666       0.806491
            520             64          243.2       0.791667       0.806491
            521            136          135.8       0.499632       0.806491
            522            127          174.6       0.578912       0.806491
            523            139          425.2       0.753633       0.806491
            524            105            307       0.745146       0.806491
            525              7          267.6       0.974508       0.806491
            526             32          309.6       0.906323       0.806491
            527             24          463.2       0.950739       0.806491
            528            -22          186.4        1.13382       0.806491
            529             14          301.2       0.955584       0.806491
            530             19          500.2       0.963405       0.806491
            531             62          523.6       0.894126       0.806491
            532             26          422.8       0.942068       0.806491
            533             64          258.2       0.801366       0.806491
            534            138          154.4       0.528044       0.806491
            535            195            219       0.528986       0.806491
            536             -5            383        1.01323       0.806491
            537            173          131.4       0.431669       0.806491
            538             52          315.6       0.858542       0.806491
            539             80            433       0.844055       0.806491
            540             68          337.4       0.832264       0.806491
            541             33          191.4       0.852941       0.806491
            542            131          196.8       0.600366       0.806491
            543             49          278.2       0.850244       0.806491
            544            250             68       0.213836       0.181622
            545            261           37.8       0.126506       0.181622
            546            124          161.2       0.565217       0.806491
            547             97          372.6       0.793441       0.806491
            548             48          374.4       0.886364       0.806491
            549            100            243       0.708455       0.806491
            550            174          104.2       0.374551       0.181622
            551            245            137       0.358639       0.181622
            552            278          121.4       0.303956       0.181622
            553            204          -74.8      -0.578947       0.181622
            554            265            234       0.468938       0.181622
            555            214            5.2      0.0237226       0.181622
            556             21          423.8       0.952788       0.806491
            557            142          393.6       0.734877       0.806491
            558             96          408.8       0.809826       0.806491
            559            141          269.8       0.656767       0.806491
            560             82          258.6       0.759248       0.806491
            561            239          -14.8     -0.0660125       0.181622
            562            180            139       0.435737       0.181622
            563             24          329.2        0.93205       0.806491
            564             60            391       0.866962       0.806491
            565             66          353.8       0.842782       0.806491
            566             13          475.4       0.973382       0.806491
            567            211          250.8       0.543092       0.806491
            568            214           80.2       0.272604       0.181622
            569            263            9.4      0.0345081       0.181622
            570            263          104.4       0.284159       0.181622
            571            256          -12.2      -0.050041       0.181622
            572            300             99        0.24812       0.181622
            573            278           78.4       0.219978       0.181622
            574            285             44       0.133739       0.181622
            575            235            -58      -0.327684       0.181622
            576            267          132.6       0.331832       0.181622
            577            229           20.2      0.0810594       0.181622
            578            140            179       0.561129       0.181622
            579            245            142       0.366925       0.181622
            580            275             75       0.214286       0.181622
            581            163          164.4       0.502138       0.181622
            582            190             48       0.201681       0.181622
            583            120            298       0.712919       0.806491
            584            140            307       0.686801       0.806491
            585             68          357.4        0.84015       0.806491
            586             55            292       0.841499       0.806491
            587            102          215.6       0.678841       0.806491
            588              7          312.6       0.978098       0.806491
            589            123          154.4       0.556597       0.806491
            590             68          357.4        0.84015       0.806491
            591             63          294.4       0.823727       0.806491
            592            103          281.4        0.73205       0.806491
            593             14          396.2        0.96587       0.806491
            594            154          336.2       0.685843       0.806491
            595            135            146       0.519573       0.806491
            596            354           60.2        0.14534       0.181622
            597            257         -112.4      -0.777317       0.181622
            598            371          -83.2       -0.28909       0.181622
            599            418           12.4      0.0288104       0.181622
            600            206           90.8        0.30593       0.181622
            601            204          220.2       0.519095       0.806491
            602             49          471.2       0.905805       0.806491
            603             52          236.6        0.81982       0.806491
            604            234          152.2       0.394096       0.181622
            605            255            212       0.453961       0.181622
            606            168          115.4       0.407198       0.181622
            607            218           36.4       0.143082       0.181622
            608            166          146.8       0.469309       0.181622
            609            239          107.2       0.309648       0.181622
            610            148           83.4       0.360415       0.181622
            611            172          105.6       0.380403       0.181622
            612            149           76.2       0.338366       0.181622
            613            304           58.2       0.160685       0.181622
            614            180             83       0.315589       0.181622
            615            188          176.4       0.484083       0.181622
            616             -9          424.8        1.02165       0.806491
            617             11          346.8       0.969257       0.806491
            618             95            293       0.755155       0.806491
            619             39          509.2       0.928858       0.806491
            620             27          324.6       0.923208       0.806491
            621             70            309       0.815303       0.806491
            622             37          287.6       0.886014       0.806491
            623            104          348.2       0.770013       0.806491
            624             76          469.8       0.860755       0.806491
            625             78          302.4       0.794953       0.806491
            626             20            220       0.916667       0.806491
            627            111          379.8       0.773839       0.806491
            628              5            330       0.985075       0.806491
            629             91          387.8       0.809942       0.806491
            630            271          289.8       0.516762       0.806491
            631             17          276.6       0.942098       0.806491
            632            107          360.6       0.771172       0.806491
            633             39          287.2       0.880441       0.806491
            634             52          458.6       0.898159       0.806491
            635            266           93.8         0.2607       0.181622
            636            194           21.2       0.098513       0.181622
            637            167           57.6       0.256456       0.181622
            638             79          206.2       0.723001       0.806491
            639             53          393.4       0.881272       0.806491
            640            177          -21.4      -0.137532       0.181622
            641            152          342.6       0.692681       0.806491
            642             36          314.8       0.897377       0.806491
            643            -12          256.4         1.0491       0.806491
            644             57          383.6       0.870631       0.806491
            645             -5            466        1.01085       0.806491
            646            115            174       0.602076       0.806491
            647             -7          337.4        1.02119       0.806491
            648            165            116       0.412811       0.181622
            649            158          109.4       0.409125       0.806491
            650             93          188.4        0.66951       0.806491
            651             64          408.2       0.864464       0.806491
            652            152          166.6       0.522913       0.806491
            653            165            132       0.444444       0.181622
            654            142          -20.4      -0.167763       0.181622
            655            146           75.8       0.341749       0.181622
            656             91          509.8       0.848535       0.806491
            657             68          238.4       0.778068       0.806491
            658            145            -11     -0.0820896       0.181622
            659            133           40.4       0.232987       0.181622
            660            200             86       0.300699       0.181622
            661            150            -12     -0.0869565       0.181622
            662            105            486       0.822335       0.806491
            663             70             88       0.556962       0.806491
            664            220             56       0.202899       0.181622
            665            164          132.2        0.44632       0.181622
            666            225            -51      -0.293103       0.181622
            667            220            -91      -0.705426       0.181622
            668            162           68.6       0.297485       0.181622
            669             18          348.4       0.950873       0.806491
            670             23          213.4       0.902707       0.806491
            671             74          277.2       0.789294       0.806491
            672             20            381       0.950125       0.806491
            673             44          359.2       0.890873       0.806491
            674             82          202.6       0.711876       0.806491
            675             -2          424.4        1.00473       0.806491
            676            145             55          0.275       0.181622
            677            188           72.4       0.278034       0.181622
            678            173          109.4       0.387394       0.181622
            679            103           90.4       0.467425       0.181622
            680             85            226       0.726688       0.806491
            681             94          257.2       0.732346       0.806491
            682             72          454.6       0.863274       0.806491
            683              4          345.2       0.988545       0.806491
            684             11          378.8        0.97178       0.806491
            685             74          300.2       0.802245       0.806491
            686             -2          392.4        1.00512       0.806491
            687             16          231.8       0.935432       0.806491
            688             93          282.4       0.752264       0.806491
            689             72          210.6       0.745223       0.806491
            690             97          328.6       0.772086       0.806491
            691             30            311       0.912023       0.806491
            692             63          303.4       0.828057       0.806491
            693             77          400.6       0.838777       0.806491
            694            104          421.2        0.80198       0.806491
            695             52          316.6       0.858926       0.806491
            696            131          346.8       0.725827       0.806491
            697             24          415.2       0.945355       0.806491
            698            -15            315           1.05       0.806491
            699             35            184       0.840183       0.806491
            700            117          351.6        0.75032       0.806491
            701            -64          317.8        1.25217       0.806491
            702             23          371.4       0.941684       0.806491
            703             84          373.2       0.816273       0.806491
            704            157           98.6       0.385759       0.181622
            705            218           33.4       0.132856       0.181622
            706            105            125       0.543478       0.806491
            707             55            245       0.816667       0.806491
            708            203          110.4       0.352265       0.181622
            709            139          -43.8      -0.460084       0.181622
            710             61          261.8       0.811029       0.806491
            711             97          308.6       0.760848       0.806491
            712             31          345.8       0.917728       0.806491
            713             75            431       0.851779       0.806491
            714             37          261.6       0.876088       0.806491
            715             21          490.8       0.958968       0.806491
            716             18          271.4       0.937802       0.806491
            717             18          379.4       0.954706       0.806491
            718             29          308.2       0.913998       0.806491
            719            -19          344.8        1.05832       0.806491
            720             60            313       0.839142       0.806491
            721             -7          316.4        1.02262       0.806491
            722             41          346.8       0.894275       0.806491
            723             69          358.2       0.838483       0.806491
            724             27          363.6       0.930876       0.806491
            725            104          256.2       0.711272       0.806491
            726            161          240.8       0.599303       0.806491
            727            300             65       0.178082       0.181622
            728            280             73       0.206799       0.181622
            729            265            122       0.315245       0.181622
            730            318           58.4       0.155154       0.181622
            731            137           33.6       0.196952       0.181622
            732              0            315              1       0.806491
            733             40            168       0.807692       0.806491
            734            206           21.8       0.095698       0.181622
            735            114          282.2       0.712267       0.806491
            736              7          442.6       0.984431       0.806491
            737             -4          323.8        1.01251       0.806491
            738             27          319.6         0.9221       0.806491
            739             39          294.2       0.882953       0.806491
            740             52          206.6       0.798917       0.806491
            741             43          329.4       0.884533       0.806491
            742            214          146.2       0.405886       0.181622
            743            188          -52.6      -0.388479       0.181622
            744            183          -36.6          -0.25       0.181622
            745            237           54.6       0.187243       0.181622
            746            207          163.6       0.441446       0.181622
            747             57          151.6        0.72675       0.806491
            748            155            212       0.577657       0.806491
            749             64          289.2         0.8188       0.806491
            750             47          246.6       0.839918       0.806491
            751             38          284.4       0.882134       0.806491
            752              1          274.8       0.996374       0.806491
            753            100            232       0.698795       0.806491
            754            128          247.4        0.65903       0.806491
            755             65            376       0.852608       0.806491
            756             28          318.4       0.919169       0.806491
            757             81          317.8       0.796891       0.806491
            758             15            332       0.956772       0.806491
            759             37          230.6       0.861734       0.806491
            760             90            439       0.829868       0.806491
            761             70            397       0.850107       0.806491
            762              6          248.8       0.976452       0.806491
            763             12          376.6        0.96912       0.806491
            764             26          312.8       0.923259       0.806491
            765            124          296.2       0.704902       0.806491
            766            223           26.4       0.105854       0.181622
            767            153           12.4      0.0749698       0.181622
            768            181           28.8       0.137274       0.181622
            769             14          463.2       0.970662       0.806491
            770            187           79.6       0.298575       0.181622
            771            179          174.2       0.493205       0.806491
            772            128          269.4       0.677906       0.806491
            773             41          352.8       0.895886       0.806491
            774             48          354.4       0.880716       0.806491
            775             18          298.4        0.94311       0.806491
            776              4          328.2       0.987959       0.806491
            777            201          195.8       0.493448       0.806491
            778            196          129.8       0.398404       0.181622
            779            240             58       0.194631       0.181622
            780             73          485.4       0.869269       0.806491
            781            -10            299         1.0346       0.806491
            782             42          520.6       0.925347       0.806491
            783             -6          391.2        1.01558       0.806491
            784             49          349.2       0.876946       0.806491
            785             49          263.2       0.843049       0.806491
            786              4          301.2       0.986894       0.806491
            787             56          293.8       0.839909       0.806491
            788             -4          479.8        1.00841       0.806491
            789             24          342.2       0.934462       0.806491
            790             45            496       0.916821       0.806491
            791            238          164.4       0.408549       0.806491
            792             74          408.2       0.846537       0.806491
            793            -18          371.6         1.0509       0.806491
            794             72          276.6        0.79346       0.806491
            795             30            254       0.894366       0.806491
            796            133          -58.6      -0.787634       0.181622
            797            146          184.8       0.558646       0.806491
            798             70            247        0.77918       0.806491
            799             17          300.6       0.946474       0.806491
            800             43          233.4       0.844428       0.806491
            801             10            423       0.976905       0.806491
            802              2          364.6       0.994544       0.806491
            803             14          391.2       0.965449       0.806491
            804             46          372.8       0.890162       0.806491
            805             44          365.2       0.892473       0.806491
            806            128          423.4       0.767864       0.806491
            807             98          142.4       0.592346       0.806491
            808            126          209.8       0.624777       0.806491
            809             26          395.8       0.938359       0.806491
            810             14          364.2       0.962983       0.806491
            811            -16          332.2         1.0506       0.806491
            812            116          368.8       0.760726       0.806491
            813            157          303.6        0.65914       0.806491
            814             71          245.8       0.775884       0.806491
            815             48          316.4       0.868277       0.806491
            816            163          139.4       0.460979       0.181622
            817            243          -59.6      -0.324973       0.181622
            818            180            102       0.361702       0.181622
            819             68          312.4       0.821241       0.806491
            820             32          370.6       0.920517       0.806491
            821             71          324.8       0.820616       0.806491
            822             67          336.6       0.833994       0.806491
            823             34          245.2       0.878223       0.806491
            824             11          188.8       0.944945       0.806491
            825            130            116       0.471545       0.806491
            826            130            153       0.540636       0.806491
            827            141          223.8       0.613487       0.806491
            828             18          425.4       0.959405       0.806491
            829             28          454.4       0.941957       0.806491
            830             51          347.8       0.872116       0.806491
            831            109          337.2       0.755715       0.806491
            832             35            264       0.882943       0.806491
            833             63          415.4       0.868311       0.806491
            834             64          444.2       0.874065       0.806491
            835            128          372.4       0.744205       0.806491
            836             48          213.4       0.816373       0.806491
            837            135            251       0.650259       0.806491
            838             89          276.2       0.756298       0.806491
            839            135            376       0.735812       0.806491
            840             27          458.6       0.944399       0.806491
            841             49          294.2       0.857226       0.806491
            842             81          283.8       0.777961       0.806491
            843            102          223.6       0.686732       0.806491
            844             31          392.8       0.926852       0.806491
            845             43          370.4       0.895985       0.806491
            846             77          212.6       0.734116       0.806491
            847             56          324.8       0.852941       0.806491
            848             14          422.2       0.967905       0.806491
            849             42          339.6       0.889937       0.806491
            850             46          400.8       0.897046       0.806491
            851             60            402        0.87013       0.806491
            852             44          331.2       0.882729       0.806491
            853             90            393       0.813665       0.806491
            854              4          443.2       0.991055       0.806491
            855             67          346.6       0.838008       0.806491
            856             34          131.2       0.794189       0.806491
            857             87          115.6       0.570582       0.806491
            858            249           20.2      0.0750371       0.181622
            859            235            -49      -0.263441       0.181622
            860            231           43.8       0.159389       0.181622
            861            195             27       0.121622       0.181622
            862            115            257        0.69086       0.806491
            863            209           83.2       0.284736       0.181622
            864            223           97.4       0.303995       0.181622
            865             82          238.6        0.74423       0.806491
            866             10            210       0.954545       0.806491
            867            107          516.6       0.828416       0.806491
            868            113          279.4       0.712029       0.806491
            869            136          119.8       0.468335       0.181622
            870            159           -8.8     -0.0585885       0.181622
            871            206          -83.2      -0.677524       0.181622
            872            145             34       0.189944       0.181622
            873            189          129.2       0.406034       0.181622
            874            113          239.4       0.679342       0.806491
            875             86          212.8       0.712182       0.806491
            876             12          195.6       0.942197       0.806491
            877             49          341.2       0.874423       0.806491
            878             15            424       0.965831       0.806491
            879             14          277.2       0.951923       0.806491
            880            150            136       0.475524       0.181622
            881            162          108.6        0.40133       0.181622
            882            131          127.8       0.493818       0.806491
            883             58          226.4       0.796062       0.806491
            884            208           75.4       0.266055       0.181622
            885            -19          288.8        1.07042       0.806491
            886             64          303.2       0.825708       0.806491
            887            103          326.4        0.76013       0.806491
            888            176           37.8       0.176801       0.181622
            889            216           31.8       0.128329       0.181622
            890            247          -23.4      -0.104651       0.181622
            891            213          -14.6     -0.0735887       0.181622
            892            154           91.2       0.371941       0.181622
            893            108          171.4       0.613457       0.181622
            894            117          119.6       0.505495       0.806491
            895            -46          210.2        1.28015       0.806491
            896             57          387.6       0.871795       0.806491
            897             92          316.6       0.774841       0.806491
            898            214          170.2       0.442998       0.181622
            899            297           98.6       0.249242       0.181622
            900             52          309.6       0.856195       0.806491
            901             95            279       0.745989       0.806491
            902             70            362       0.837963       0.806491
            903            172          126.6       0.423979       0.181622
            904            239           11.2      0.0447642       0.181622
            905            187           48.6       0.206282       0.181622
            906             84          199.2        0.70339       0.806491
            907            -13          380.6        1.03536       0.806491
            908             31          373.8       0.923419       0.806491
            909             97          347.6       0.781826       0.806491
            910            225            162       0.418605       0.181622
            911            238            4.4      0.0181518       0.181622
            912            242          -25.4      -0.117267       0.181622
            913            260             -3     -0.0116732       0.181622
            914            126          196.8       0.609665       0.806491
            915             36          324.8       0.900222       0.806491
            916             57          235.6       0.805195       0.806491
            917             26          389.8        0.93747       0.806491
            918             65            447       0.873047       0.806491
            919             71          227.8       0.762383       0.806491
            920              8          250.4        0.96904       0.806491
            921             83          261.4       0.759001       0.806491
            922             63          255.4       0.802136       0.806491
            923             48          230.4       0.827586       0.806491
            924            104           66.2       0.388954       0.181622
            925            202           31.6       0.135274       0.181622
            926            136          165.8        0.54937       0.181622
            927            272          165.6       0.378428       0.181622
            928              6          254.8       0.976994       0.806491
            929             75            378       0.834437       0.806491
            930             -3          325.6         1.0093       0.806491
            931            104          216.2       0.675203       0.806491
            932             99          148.2       0.599515       0.806491
            933             41          212.8       0.838455       0.806491
            934            152          176.6       0.537432       0.806491
            935            190             20      0.0952381       0.181622
            936            146           65.8        0.31067       0.181622
            937            108          142.4        0.56869       0.806491
            938            113          267.4       0.702944       0.806491
            939              8          363.4        0.97846       0.806491
            940            111          324.8       0.745296       0.806491
            941             81          118.8       0.594595       0.806491
            942             49          146.2       0.748975       0.806491
            943            156          294.8       0.653949       0.806491
            944            105            395           0.79       0.806491
            945             72          257.6       0.781553       0.806491
            946             51          362.8       0.876752       0.806491
            947             55            365       0.869048       0.806491
            948            312           -1.4    -0.00450741       0.181622
            949             92          155.6       0.628433       0.806491
            950             15            297       0.951923       0.806491
            951             40            286       0.877301       0.806491
            952            144           63.2       0.305019       0.181622
            953            177          -14.4     -0.0885609       0.181622
            954            109          256.2       0.701533       0.806491
            955             73          176.4       0.707298       0.806491
            956             64          263.2       0.804401       0.806491
            957             42          315.6        0.88255       0.806491
            958             29          227.2       0.886807       0.806491
            959             73          342.4       0.824266       0.806491
            960            299          -13.8     -0.0483871       0.181622
            961            185             84       0.312268       0.181622
            962            239           25.2      0.0953823       0.181622
            963            309           -3.8     -0.0124509       0.181622
            964            156          -60.2      -0.628392       0.181622
            965            236           58.8       0.199457       0.181622
            966            235            109        0.31686       0.181622
            967            183           45.4       0.198774       0.181622
            968            157          -18.4      -0.132756       0.181622
            969            206            8.8      0.0409683       0.181622
            970            351            7.8      0.0217391       0.181622
            971            125             39       0.237805       0.181622
            972             43          220.4        0.83675       0.806491
            973             83          312.4       0.790086       0.806491
            974             29          359.2       0.925296       0.806491
            975            178          146.4       0.451295       0.181622
            976            130              2      0.0151515       0.181622
            977             16          272.8       0.944598       0.806491
            978            112          114.6       0.505737       0.806491
            979            126          191.8       0.603524       0.806491
            980            145              0              0       0.181622
            981            128          153.4       0.545131       0.181622
            982            119           97.2       0.449584       0.806491
            983             13          282.4       0.955992       0.806491
            984             76          233.8        0.75468       0.806491
            985             62          280.6       0.819031       0.806491
            986            137            4.6      0.0324859       0.181622
            987            142          175.6       0.552897       0.806491
            988             60            309       0.837398       0.806491
            989            173          -10.6     -0.0652709       0.181622
            990            127          287.6       0.693681       0.806491
            991            186          249.8       0.573199       0.806491
            992             98          373.4       0.792109       0.806491
            993             32          207.6       0.866444       0.806491
            994             24          339.2       0.933921       0.806491
            995             49          434.2       0.898593       0.806491
            996             62          257.6       0.806008       0.806491
            997             48          219.4       0.820494       0.806491
            998             60            356       0.855769       0.806491
            999            126           60.8       0.325482       0.181622
           1000            207          -55.4      -0.365435       0.181622
           1001            246           28.8       0.104803       0.181622
           1002            120            204        0.62963       0.806491
           1003            178          246.4       0.580584       0.806491
           1004            190             72       0.274809       0.181622
           1005            157           55.6       0.261524       0.181622
           1006            261           26.8      0.0931202       0.181622
           1007            163          -20.6      -0.144663       0.181622
           1008            195            -41      -0.266234       0.181622
