              0            747          464.6        0.38346       0.303113
              1            727          112.6       0.134111       0.303113
              2            673          323.4       0.324568       0.303113
              3            389          813.2       0.676427       0.879365
              4            158         1165.4       0.880611       0.879365
              5            196         1119.8       0.851041       0.879365
              6             99          895.2       0.900422       0.879365
              7            141         1115.8        0.88781       0.879365
              8            156         1278.8       0.891274       0.879365
              9             91         1038.8       0.919455       0.879365
             10            642          127.6         0.1658       0.303113
             11            446          702.8       0.611769       0.879365
             12             85           1145       0.930894       0.879365
             13             29          948.2       0.970323       0.879365
             14            629          311.2       0.330993       0.303113
             15            578          421.4       0.421653       0.303113
             16            151         1035.8       0.872767       0.879365
             17            657          214.6       0.246214       0.303113
             18            677          382.6        0.36108       0.303113
             19             57         1137.6       0.952285       0.879365
             20            215           1271       0.855316       0.879365
             21             52         1084.6        0.95425       0.879365
             22            169          902.2       0.842233       0.879365
             23            261         1059.8       0.802392       0.879365
             24            514          350.2        0.40523       0.303113
             25            839          103.2       0.109531       0.303113
             26            565            545       0.490991       0.303113
             27            133         1021.4       0.884789       0.879365
             28            173         1138.4        0.86808       0.879365
             29             65           1079       0.943182       0.879365
             30            103         1064.4        0.91177       0.879365
             31            119         1113.2       0.903425       0.879365
             32            100            888       0.898785       0.879365
             33              6          917.8       0.993505       0.879365
             34             88         1073.4       0.924229       0.879365
             35            108          925.4       0.895491       0.879365
             36            116         1036.8       0.899375       0.879365
             37             99         1169.2       0.921937       0.879365
             38            374          593.2       0.613317       0.879365
             39            678          402.4       0.372455       0.303113
             40            651          206.8       0.241082       0.303113
             41            740            237       0.242579       0.303113
             42            785            215          0.215       0.303113
             43             48          889.4       0.948795       0.879365
             44            183          960.4       0.839951       0.879365
             45            767          213.6       0.217826       0.303113
             46            668          201.4       0.231654       0.303113
             47            743          190.4       0.203985       0.303113
             48            486          553.8       0.532602       0.303113
             49            794          121.2        0.13243       0.303113
             50            832          136.6       0.141028       0.303113
             51            367          925.6       0.716076       0.879365
             52            218         1052.4       0.828401       0.879365
             53            134         1001.2       0.881959       0.879365
             54             56          912.8       0.942197       0.879365
             55             68         1031.4       0.938148       0.879365
             56            348          795.4       0.695645       0.879365
             57             81         1343.8        0.94315       0.879365
             58             42         1201.6       0.966227       0.879365
             59            111         1495.8       0.930919       0.879365
             60            144          963.2       0.869942       0.879365
             61             46         1109.8       0.960201       0.879365
             62            126         1204.8        0.90532       0.879365
             63            100            973       0.906803       0.879365
             64             71          915.8        0.92805       0.879365
             65            117         1091.6       0.903194       0.879365
             66             76         1181.8       0.939577       0.879365
             67            125           1148       0.901807       0.879365
             68            174         1136.2       0.867196       0.879365
             69            143         1060.4        0.88117       0.879365
             70            407          560.6       0.579372       0.303113
             71            713          314.4       0.306015       0.303113
             72            667          310.6       0.317717       0.303113
             73            220           1149       0.839299       0.879365
             74             63          947.4       0.937648       0.879365
             75            364          799.2        0.68707       0.879365
             76            781          309.8       0.284012       0.303113
             77            830            249       0.230769       0.303113
             78            844          138.2       0.140705       0.303113
             79            637          178.6        0.21898       0.303113
             80            365            661        0.64425       0.879365
             81            531          455.8       0.461897       0.303113
             82             91          931.8       0.911029       0.879365
             83             73          849.4       0.920859       0.879365
             84            117         1087.6       0.902872       0.879365
             85            137          983.6       0.877744       0.879365
             86             60            974       0.941973       0.879365
             87            162          842.6       0.838742       0.879365
             88             46          938.8        0.95329       0.879365
             89             73         1105.4       0.938052       0.879365
             90            446          725.8       0.619389       0.879365
             91            739          201.2       0.213997       0.303113
             92            322          637.6       0.664444       0.879365
             93            138         1144.4       0.892389       0.879365
             94            545            357       0.395787       0.303113
             95            504          281.2       0.358125       0.303113
             96            727           23.6      0.0314415       0.303113
             97            777          316.6       0.289503       0.303113
             98            268          945.4       0.779133       0.879365
             99            531          627.8       0.541767       0.303113
            100            770            175       0.185185       0.303113
            101            917          153.6       0.143471       0.303113
            102            358          781.4         0.6858       0.879365
            103            113         1024.4       0.900651       0.879365
            104             89         1010.2       0.919032       0.879365
            105            161         1063.8        0.86855       0.879365
            106             82         1107.6       0.931069       0.879365
            107             81         1143.8       0.933867       0.879365
            108             99         1359.2       0.932108       0.879365
            109             73         1257.4       0.945129       0.879365
            110             75           1228       0.942441       0.879365
            111             81         1200.8       0.936808       0.879365
            112             75           1207       0.941498       0.879365
            113             23         1201.4       0.981215       0.879365
            114            419          648.2       0.607384       0.879365
            115            571          251.8       0.306028       0.303113
            116            483          551.4       0.533063       0.303113
            117            297          968.6       0.765329       0.879365
            118            743          309.4       0.293995       0.303113
            119            721          326.8       0.311892       0.303113
            120            301          913.8       0.752223       0.879365
            121            120           1048        0.89726       0.879365
            122            147         1098.6       0.881985       0.879365
            123            133         1039.4       0.886557       0.879365
            124            609          328.2       0.350192       0.303113
            125            647          332.6       0.339526       0.303113
            126            490            394       0.445701       0.303113
            127            428          521.4       0.549189       0.303113
            128             51         1107.8       0.955989       0.879365
            129            194          863.2       0.816496       0.879365
            130            344          859.2       0.714096       0.879365
            131             98         1195.4       0.924231       0.879365
            132            122         1106.6         0.9007       0.879365
            133             86         1060.8       0.925009       0.879365
            134            557          744.6       0.572065       0.303113
            135            959           23.2      0.0236204       0.303113
            136            691          218.8       0.240492       0.303113
            137            677          215.6       0.241542       0.303113
            138            287          728.6       0.717408       0.879365
            139            145           1002       0.873583       0.879365
            140            172         1013.6       0.854926       0.879365
            141            620            445        0.41784       0.303113
            142            491          593.8       0.547382       0.303113
            143             55           1029       0.949262       0.879365
            144            110           1022       0.902827       0.879365
            145            333          630.4       0.654349       0.879365
            146            729          101.2       0.121898       0.303113
            147            720            330       0.314286       0.303113
            148            898          187.4       0.172655       0.303113
            149            784          175.2       0.182652       0.303113
            150            565            264       0.318456       0.303113
            151            488          388.4       0.443177       0.303113
            152            144          731.2       0.835466       0.879365
            153            222          909.6       0.803818       0.879365
            154            483          376.4        0.43798       0.303113
            155            161         1141.8        0.87642       0.879365
            156            133         1048.4       0.887422       0.879365
            157            112         1127.6       0.909648       0.879365
            158            780            253       0.244918       0.303113
            159            826          236.8       0.222808       0.303113
            160            146         1167.8       0.888872       0.879365
            161            107          990.6       0.902515       0.879365
            162            734          385.2       0.344174       0.303113
            163            682          193.6       0.221106       0.303113
            164            888          147.4        0.14236       0.303113
            165            843          226.4       0.211707       0.303113
            166            833          215.4       0.205456       0.303113
            167            788          198.4       0.201135       0.303113
            168            870            179       0.170639       0.303113
            169            710            133        0.15777       0.303113
            170            804          338.2       0.296095       0.303113
            171            668          151.4       0.184769       0.303113
            172            122         1085.6       0.898973       0.879365
            173             86         1128.8       0.929206       0.879365
            174             95           1214       0.927426       0.879365
            175            130           1112        0.89533       0.879365
            176            103         1178.4       0.919619       0.879365
            177            148         1104.4       0.881827       0.879365
            178            137         1073.6       0.886833       0.879365
            179            124         1058.2       0.895111       0.879365
            180             43          905.4        0.95466       0.879365
            181             28         1288.4        0.97873       0.879365
            182            124          940.2       0.883481       0.879365
            183             91          884.8       0.906743       0.879365
            184            259          823.2       0.760673       0.879365
            185            711          213.8       0.231185       0.303113
            186            767          273.6       0.262925       0.303113
            187            514          308.2       0.374848       0.303113
            188            721          330.8       0.314508       0.303113
            189            140           1138       0.890454       0.879365
            190            127         1407.6       0.917242       0.879365
            191            226         1093.8       0.828762       0.879365
            192            120           1307       0.915907       0.879365
            193            495            555       0.528571       0.303113
            194            740            217        0.22675       0.303113
            195            714          262.2       0.268593       0.303113
            196            701          127.8       0.154199       0.303113
            197            664          203.2       0.234317       0.303113
            198            369          744.2       0.668523       0.879365
            199             63         1063.4        0.94407       0.879365
            200            107         1051.6       0.907647       0.879365
            201             91         1164.8       0.927536       0.879365
            202            147          972.6       0.868703       0.879365
            203             78         1186.4       0.938311       0.879365
            204            838          249.4       0.229354       0.303113
            205            903          243.4       0.212317       0.303113
            206            384          671.2       0.636088       0.879365
            207            439          737.2       0.626764       0.879365
            208            501          486.8       0.492812       0.303113
            209             67          916.6       0.931883       0.879365
            210            133         1232.4       0.902593       0.879365
            211            123         1351.4       0.916576       0.879365
            212            167         1041.6       0.861824       0.879365
            213            372         1121.6       0.750937       0.879365
            214             64         1279.2       0.952353       0.879365
            215             70           1225       0.945946       0.879365
            216             69         1273.2       0.948592       0.879365
            217            334          837.2       0.714822       0.879365
            218             63         1094.4       0.945568       0.879365
            219             58          952.4       0.942597       0.879365
            220            444          556.2       0.556089       0.879365
            221            470            837       0.640398       0.879365
            222            106         1212.8       0.919624       0.879365
            223            -13         1177.6        1.01116       0.879365
            224            483          618.4       0.561467       0.303113
            225            802          161.6       0.167704       0.303113
            226            635            437       0.407649       0.303113
            227            641          322.8       0.334924       0.303113
            228            717          330.6       0.315578       0.303113
            229            680            172       0.201878       0.303113
            230            970            343       0.261234       0.303113
            231            821          177.8       0.178014       0.303113
            232            495            541       0.522201       0.303113
            233            983          159.4       0.139531       0.303113
            234            484          777.2       0.616239       0.879365
            235            364          927.2       0.718092       0.879365
            236            821          331.8       0.287821       0.303113
            237            714          342.2       0.323992       0.303113
            238            631          307.8       0.327865       0.303113
            239            133         1055.4       0.888085       0.879365
            240             81         1057.8       0.928872       0.879365
            241             56         1207.8       0.955689       0.879365
            242            479          536.2       0.528172       0.303113
            243            659          251.2       0.275983       0.303113
            244            655            235       0.264045       0.303113
            245            895            152       0.145177       0.303113
            246            677          128.6       0.159633       0.303113
            247            598          851.4       0.587415       0.879365
            248            245           1100       0.817844       0.879365
            249            113         1120.4       0.908383       0.879365
            250             80           1181       0.936558       0.879365
            251            114         1202.2       0.913387       0.879365
            252             96         1200.8       0.925972       0.879365
            253            147         1061.6       0.878372       0.879365
            254            283          792.4       0.736842       0.879365
            255            804          152.2       0.159172       0.303113
            256            726          243.8       0.251392       0.303113
            257            737          245.6       0.249949       0.303113
            258            611          167.8        0.21546       0.303113
            259            796          274.8       0.256631       0.303113
            260            800            316       0.283154       0.303113
            261            398          685.4       0.632638       0.879365
            262            391          666.8       0.630365       0.879365
            263            351          725.8       0.674034       0.879365
            264            261          605.8       0.698892       0.879365
            265            767          362.6       0.320999       0.303113
            266            655            250       0.276243       0.303113
            267            518          547.4       0.513798       0.303113
            268             83         1164.4       0.933462       0.879365
            269            120           1075       0.899582       0.879365
            270             93          984.4       0.913681       0.879365
            271             94         1122.2        0.92271       0.879365
            272            950            185       0.162996       0.303113
            273            917          159.6       0.148244       0.303113
            274            694          380.2       0.353938       0.303113
            275             68          834.4       0.924645       0.879365
            276            112         1126.6       0.909575       0.879365
            277            103          941.4       0.901379       0.879365
            278            124         1004.2        0.89009       0.879365
            279            170           1042       0.859736       0.879365
            280             80           1082       0.931153       0.879365
            281            164         1002.2       0.859372       0.879365
            282             61         1047.8       0.944986       0.879365
            283             67         1122.6       0.943679       0.879365
            284             67         1157.6       0.945288       0.879365
            285            184         1087.2       0.855255       0.879365
            286            150           1083       0.878345       0.879365
            287             62         1111.6       0.947171       0.879365
            288            684          311.2       0.312701       0.303113
            289            144         1106.2       0.884818       0.879365
            290            150           1173       0.886621       0.879365
            291            743          228.4       0.235125       0.303113
            292            835            155       0.156566       0.303113
            293            981           53.8      0.0519907       0.303113
            294            771          186.8        0.19503       0.303113
            295            258         1113.4       0.811871       0.879365
            296             68         1163.4       0.944778       0.879365
            297            106         1010.8       0.905086       0.879365
            298            146         1259.8       0.896145       0.879365
            299            181         1015.8       0.848763       0.879365
            300             93         1212.4       0.928757       0.879365
            301             74         1003.2       0.931303       0.879365
            302            111         1091.8       0.907715       0.879365
            303             85           1010       0.922374       0.879365
            304            196         1158.8       0.855329       0.879365
            305             52         1169.6       0.957433       0.879365
            306            782          516.6       0.397813       0.303113
            307            677          515.6       0.432333       0.303113
            308             71         1164.8       0.942547       0.879365
            309            158         1076.4       0.872003       0.879365
            310            174         1007.2       0.852692       0.879365
            311            140           1050       0.882353       0.879365
            312            203         1295.4       0.864522       0.879365
            313            768          333.4       0.302706       0.303113
            314            824          445.2       0.350772       0.303113
            315            496          580.8       0.539376       0.303113
            316            235            875       0.788288       0.879365
            317            192         1076.6       0.848652       0.879365
            318            202         1099.6       0.844806       0.879365
            319            150           1123       0.882168       0.879365
            320            168         1046.4        0.86166       0.879365
            321            195            868       0.816557       0.879365
            322            263          928.4       0.779251       0.879365
            323            809          284.2       0.259971       0.303113
            324            511          365.8       0.417199       0.303113
            325            249          945.2       0.791492       0.879365
            326            609          682.2       0.528346       0.303113
            327            693          267.4       0.278426       0.303113
            328            695            134       0.161641       0.303113
            329            639          373.2       0.368702       0.303113
            330            297          664.6        0.69114       0.879365
            331            682          274.6       0.287058       0.303113
            332            644          275.2       0.299391       0.303113
            333            452          680.6       0.600918       0.303113
            334            672          249.6       0.270833       0.303113
            335            821          198.8        0.19494       0.303113
            336            354          103.2       0.225722       0.303113
            337            802          725.6       0.474993       0.303113
            338            172         1234.6       0.877719       0.879365
            339            148          993.4       0.870335       0.879365
            340             51         1078.8       0.954859       0.879365
            341             84         1194.2       0.934283       0.879365
            342            111         1193.8       0.914929       0.879365
            343            224          893.2       0.799499       0.879365
            344            500            647        0.56408       0.879365
            345            116         1025.8       0.898406       0.879365
            346             84         1038.2       0.925147       0.879365
            347            648          349.4       0.350311       0.303113
            348            274          874.2       0.761366       0.879365
            349             44         1310.2       0.967508       0.879365
            350            267         1230.6       0.821715       0.879365
            351            784          244.2       0.237502       0.303113
            352            779          212.2       0.214084       0.303113
            353            177         1671.6       0.904252       0.879365
            354            440            935           0.68       0.879365
            355            434          956.2       0.687815       0.879365
            356            521          316.8       0.378133       0.303113
            357            839          104.2       0.110475       0.303113
            358            673          348.4         0.3411       0.303113
            359            355            783       0.688049       0.879365
            360            227          856.6       0.790513       0.879365
            361            553          516.4       0.482888       0.303113
            362             91         1030.8        0.91888       0.879365
            363            158         1083.4       0.872724       0.879365
            364            113         1156.4       0.910982       0.879365
            365            329          700.2       0.680334       0.879365
            366            738          240.4       0.245707       0.303113
            367            570            456       0.444444       0.303113
            368             82         1125.6       0.932097       0.879365
            369             70           1400       0.952381       0.879365
            370             73         1234.4       0.944164       0.879365
            371            138         1304.4       0.904326       0.879365
            372            209         1227.2       0.854477       0.879365
            373            100           1340       0.930556       0.879365
            374             93         1106.4       0.922461       0.879365
            375            660            701       0.515062       0.303113
            376           1235            499       0.287774       0.303113
            377            680            195       0.222857       0.303113
            378            611          293.8       0.324713       0.303113
            379            574          185.2       0.243941       0.303113
            380            676          265.8       0.282226       0.303113
            381            849          139.2       0.140862       0.303113
            382            744          119.2       0.138091       0.303113
            383            672          140.6       0.173025       0.303113
            384            756          324.8       0.300518       0.303113
            385            277          872.6       0.759047       0.879365
            386            183         1334.4       0.879399       0.879365
            387            839          244.2       0.225443       0.303113
            388            860            208       0.194757       0.303113
            389            668          322.4       0.325525       0.303113
            390            479         1001.2       0.676395       0.879365
            391             38         1230.4       0.970041       0.879365
            392            734          205.2       0.218484       0.303113
            393            595            525        0.46875       0.303113
            394            110           1108       0.909688       0.879365
            395            494          779.2       0.612001       0.879365
            396            118         1443.4       0.924427       0.879365
            397            142         1443.6       0.910444       0.879365
            398             76         1458.8       0.950482       0.879365
            399             72         1098.6       0.938493       0.879365
            400            199         1077.2       0.844068       0.879365
            401             95           1279       0.930859       0.879365
            402             50           1196       0.959872       0.879365
            403             95           1253       0.929525       0.879365
            404            105           1130        0.91498       0.879365
            405             72         1189.6        0.94293       0.879365
            406            550            775       0.584906       0.303113
            407            931          121.8       0.115691       0.303113
            408             71         1031.8       0.935618       0.879365
            409             91         1084.8       0.922606       0.879365
            410             57         1229.6       0.955697       0.879365
            411             81         1170.8       0.935293       0.879365
            412              6         1143.8       0.994782       0.879365
            413             60           1132       0.949664       0.879365
            414            173         1323.4       0.884389       0.879365
            415             99         1153.2       0.920939       0.879365
            416            147         1193.6       0.890348       0.879365
            417             41         1325.8       0.970003       0.879365
            418            131         1172.8       0.899524       0.879365
            419             63         1384.4       0.956474       0.879365
            420             69         1209.2       0.946018       0.879365
            421            233         1089.4       0.823805       0.879365
            422            681          313.8        0.31544       0.303113
            423            187         1124.6       0.857426       0.879365
            424            119         1250.2       0.913088       0.879365
            425             78         1067.4       0.931902       0.879365
            426             99         1212.2       0.924497       0.879365
            427            119         1039.2       0.897254       0.879365
            428            942          223.6       0.191833       0.303113
            429            369          873.2       0.702946       0.879365
            430            145            998       0.873141       0.879365
            431             83         1310.4       0.940433       0.879365
            432              6         1288.8       0.995366       0.879365
            433            205           1430       0.874618       0.879365
            434            111         1305.8       0.921654       0.879365
            435             93         1164.4       0.926038       0.879365
            436             87         1190.6       0.931904       0.879365
            437            162         1226.6       0.883336       0.879365
            438             45           1320       0.967033       0.879365
            439             38         1201.4        0.96934       0.879365
            440            -13         1277.6        1.01028       0.879365
            441             75           1197       0.941038       0.879365
            442             48         1242.4       0.962802       0.879365
            443            110           1049       0.905091       0.879365
            444            181         1576.8        0.89703       0.879365
            445            199         1401.2       0.875641       0.879365
            446            527          484.6       0.479043       0.303113
            447            107         1247.6        0.92101       0.879365
            448            133         1067.4       0.889204       0.879365
            449            344          705.2       0.672131       0.879365
            450            111         1049.8       0.904376       0.879365
            451             44         1187.2       0.964263       0.879365
            452            608          463.4       0.432518       0.303113
            453            296          840.8        0.73962       0.879365
            454            423          571.4       0.574618       0.303113
            455            687          382.6       0.357704       0.303113
            456            280            883       0.759243       0.879365
            457            163         1080.4       0.868908       0.879365
            458             49         1051.2       0.955463       0.879365
            459             40           1160       0.966667       0.879365
            460             15           1298       0.988576       0.879365
            461             31         1101.8       0.972634       0.879365
            462             57         1045.6       0.948304       0.879365
            463             30           1096       0.973357       0.879365
            464             78         1174.4        0.93772       0.879365
            465             72         1012.6       0.933616       0.879365
            466             76         1175.8       0.939287       0.879365
            467            120           1355       0.918644       0.879365
            468            181         1185.8       0.867574       0.879365
            469            147         1149.6       0.886627       0.879365
            470            795            394       0.331371       0.303113
            471            636          263.8       0.293176       0.303113
            472            266         1016.8       0.792641       0.879365
            473            452          760.6       0.627247       0.879365
            474            551          247.8       0.310215       0.303113
            475            496          532.8       0.517885       0.303113
            476            121         1192.8       0.907901       0.879365
            477            123         1217.4       0.908236       0.879365
            478             10           1067       0.990715       0.879365
            479             81         1226.8       0.938064       0.879365
            480             43         1332.4       0.968736       0.879365
            481             59         1436.2        0.96054       0.879365
            482            150           1237       0.891853       0.879365
            483            161         1208.8       0.882465       0.879365
            484             72          945.6       0.929245       0.879365
            485             26         1220.8       0.979147       0.879365
            486            171         1055.8       0.860613       0.879365
            487            101         1213.8       0.923182       0.879365
            488             91         1181.8       0.928504       0.879365
            489             42         1144.6       0.964605       0.879365
            490             63         1191.4       0.949777       0.879365
            491             17         1197.6       0.986004       0.879365
            492            103         1086.4       0.913402       0.879365
            493             96         1015.8       0.913654       0.879365
            494            399          676.2       0.628906       0.879365
            495            632          134.6        0.17558       0.303113
            496            734          133.2       0.153598       0.303113
            497            285            995       0.777344       0.879365
            498            404          514.2       0.560009       0.303113
            499            757          212.6       0.219266       0.303113
            500            262          884.6       0.771498       0.879365
            501            724          208.2       0.223343       0.303113
            502            821          219.8       0.211184       0.303113
            503            965            264       0.214809       0.303113
            504            333          886.4       0.726915       0.879365
            505            128         1199.4       0.903571       0.879365
            506             80           1242       0.939486       0.879365
            507            111         1117.8       0.909668       0.879365
            508             88         1143.4       0.928537       0.879365
            509             80           1249       0.939804       0.879365
            510             60           1326        0.95671       0.879365
            511             74          806.2       0.915928       0.879365
            512            376         1052.8       0.736842       0.879365
            513            758          165.4       0.179121       0.303113
            514            584          470.2       0.446025       0.303113
            515            119         1208.2       0.910338       0.879365
            516            607          233.6       0.277897       0.303113
            517            419          842.2       0.667777       0.879365
            518             93         1522.4       0.942429       0.879365
            519            -10           1441        1.00699       0.879365
            520            118         1472.4       0.925805       0.879365
            521            153         1314.4       0.895734       0.879365
            522             45           1370       0.968198       0.879365
            523            169         1878.2       0.917448       0.879365
            524            739          237.2       0.242983       0.303113
            525            671          230.8       0.255933       0.303113
            526            680            186       0.214781       0.303113
            527            570             62      0.0981013       0.303113
            528            865            295        0.25431       0.303113
            529            303          598.4       0.663856       0.879365
            530             56         1280.8       0.958109       0.879365
            531            484          489.2       0.502672       0.303113
            532            104         1222.2        0.92158       0.879365
            533             93         1258.4       0.931182       0.879365
            534            113         1278.4       0.918787       0.879365
            535             93         1311.4        0.93378       0.879365
            536             68         1167.4       0.944957       0.879365
            537             91         1477.8       0.941994       0.879365
            538            435            532       0.550155       0.879365
            539             77         1377.6       0.947064       0.879365
            540             69         1168.2       0.944229       0.879365
            541            458          662.4       0.591217       0.879365
            542            384          717.2        0.65129       0.879365
            543            175           1603       0.901575       0.879365
            544             32         1399.6       0.977647       0.879365
            545            539          788.2       0.593882       0.879365
            546            882          226.6       0.204402       0.303113
            547            557          356.6       0.390324       0.303113
            548            526          142.8       0.213517       0.303113
            549            187         1218.6       0.866961       0.879365
            550             71         1236.8        0.94571       0.879365
            551             68         1546.4       0.957879       0.879365
            552             74         1304.2       0.946307       0.879365
            553             45           1259       0.965491       0.879365
            554            156         1405.8       0.900115       0.879365
            555             73         1496.4       0.953485       0.879365
            556            164         1441.2       0.897832       0.879365
            557            107         1194.6       0.917793       0.879365
            558            127         1462.6       0.920106       0.879365
            559             53         1320.4        0.96141       0.879365
            560             11         1369.8       0.992034       0.879365
            561            176         1319.8       0.882337       0.879365
            562             88         1284.4       0.935879       0.879365
            563             75           1478       0.951706       0.879365
            564            179         1215.2       0.871611       0.879365
            565            237          892.6       0.790191       0.879365
            566             94         1395.2       0.936879       0.879365
            567            153         1209.4       0.887698       0.879365
            568            103         1169.4       0.919051       0.879365
            569             89         1324.2       0.937022       0.879365
            570             76         1218.8       0.941304       0.879365
            571             41         1003.8       0.960758       0.879365
            572             25           1280       0.980843       0.879365
            573             86         1227.8       0.934541       0.879365
            574             81         1231.8         0.9383       0.879365
            575             10           1296       0.992343       0.879365
            576             54         1348.2       0.961489       0.879365
            577             24         1141.2       0.979403       0.879365
            578            159         1216.2        0.88438       0.879365
            579            683          285.4       0.294713       0.303113
            580            788          312.4       0.283897       0.303113
            581            796           62.8      0.0731253       0.303113
            582            818          244.4       0.230045       0.303113
            583            739          278.2       0.273496       0.303113
            584            245            810       0.767773       0.879365
            585             53         1171.4       0.956713       0.879365
            586            328          645.4       0.663037       0.879365
            587            339          662.2       0.661406       0.879365
            588            384          614.2       0.615308       0.879365
            589            183         1034.4        0.84968       0.879365
            590            138         1044.4       0.883288       0.879365
            591            150           1262       0.893768       0.879365
            592            174         1326.2       0.884015       0.879365
            593             37         1332.6       0.972985       0.879365
            594            125           1069        0.89531       0.879365
            595            167         1514.6        0.90069       0.879365
            596            223         1022.4       0.820941       0.879365
            597            605            211       0.258578       0.303113
            598             62         1228.6        0.95196       0.879365
            599             64         1282.2       0.952459       0.879365
            600            356          849.8        0.70476       0.879365
            601            523          642.4       0.551227       0.879365
            602            152         1232.6       0.890221       0.879365
            603            249          631.2        0.71711       0.879365
            604            714          328.2       0.314911       0.303113
            605            822          136.6       0.142499       0.303113
            606            731          258.8       0.261467       0.303113
            607            202         1066.6       0.840769       0.879365
            608            815            251        0.23546       0.303113
            609            738          313.4       0.298079       0.303113
            610            175           1129       0.865798       0.879365
            611            199         1132.2       0.850511       0.879365
            612            128         1085.4       0.894511       0.879365
            613            171         1177.8       0.873221       0.879365
            614            245           1076       0.814534       0.879365
            615            137         1114.6        0.89054       0.879365
            616            185           1244       0.870539       0.879365
            617            166         1297.8       0.886597       0.879365
            618             87         1238.6       0.934369       0.879365
            619            168         1225.4       0.879432       0.879365
            620             95           1183       0.925665       0.879365
            621            368          679.4       0.648654       0.879365
            622            503          761.4       0.602183       0.879365
            623             91         1230.8       0.931154       0.879365
            624            133         1121.4       0.893973       0.879365
            625            523          601.4       0.534863       0.303113
            626            881          178.8       0.168711       0.303113
            627            772          575.6        0.42713       0.303113
            628             87         1368.6       0.940231       0.879365
            629             59         1214.2        0.95366       0.879365
            630            118         1115.4       0.904329       0.879365
            631             38         1259.4       0.970711       0.879365
            632            177          954.6       0.843584       0.879365
            633            134         1151.2       0.895736       0.879365
            634             19         1411.2       0.986715       0.879365
            635            112         1188.6       0.913886       0.879365
            636            177         1235.6       0.874699       0.879365
            637            107          996.6       0.903045       0.879365
            638            541          441.8       0.449532       0.303113
            639            227          973.6       0.810928       0.879365
            640            129         1072.2       0.892607       0.879365
            641            126         1244.8       0.908083       0.879365
            642            174         1294.2       0.881488       0.879365
            643            148         1280.4       0.896388       0.879365
            644            197         1340.6       0.871878       0.879365
            645            133         1150.4       0.896369       0.879365
            646            479          786.2       0.621404       0.879365
            647            467          445.6       0.488275       0.303113
            648            112         1204.6       0.914932       0.879365
            649            112         1393.6       0.925611       0.879365
            650            179         1368.2       0.884307       0.879365
            651            665            160       0.193939       0.303113
            652            693          332.4       0.324166       0.303113
            653            500            495       0.497487       0.303113
            654            786          246.8       0.238962       0.303113
            655            896          145.8        0.13995       0.303113
            656            148         1138.4        0.88495       0.879365
            657            409          753.2       0.648081       0.879365
            658            322          670.6       0.675599       0.879365
            659            781          206.8       0.209354       0.303113
            660            789          171.2       0.178296       0.303113
            661            185           1194       0.865845       0.879365
            662            364          894.2       0.710698       0.879365
            663            631          389.8       0.381857       0.303113
            664            789          184.2       0.189273       0.303113
            665            699          213.2       0.233721       0.303113
            666            511          659.8       0.563546       0.303113
            667            150           1008       0.870466       0.879365
            668            329          931.2        0.73893       0.879365
            669             51         1195.8       0.959095       0.879365
            670            463          569.4        0.55153       0.879365
            671            168         1345.4       0.888992       0.879365
            672            127         1251.6       0.907878       0.879365
            673             35           1218       0.972067       0.879365
            674            366          922.8       0.716015       0.879365
            675            308          647.4       0.677622       0.879365
            676            729          331.2       0.312394       0.303113
            677            561          404.8       0.419134       0.303113
            678            138         1166.4       0.894204       0.879365
            679            140           1457       0.912336       0.879365
            680             39         1058.2       0.964455       0.879365
            681            468          601.4       0.562371       0.303113
            682            745            389       0.343034       0.303113
            683            128         1716.4       0.930601       0.879365
            684            165           1238       0.882395       0.879365
            685            105           1181       0.918351       0.879365
            686            199         1051.2       0.840825       0.879365
            687            113         1258.4       0.917602       0.879365
            688             81         1397.8       0.945226       0.879365
            689            118         1251.4       0.913831       0.879365
            690             66         1302.8       0.951783       0.879365
            691            142         1368.6       0.905998       0.879365
            692             88         1275.4       0.935455       0.879365
            693             90           1279       0.934259       0.879365
            694             80           1205       0.937743       0.879365
            695             46         1161.8       0.961914       0.879365
            696            136         1081.8       0.888323       0.879365
            697            632          349.6       0.356153       0.303113
            698            727          355.6       0.328469       0.303113
            699            123          824.4       0.870171       0.879365
            700             24         1138.2        0.97935       0.879365
            701            203         1112.4       0.845674       0.879365
            702            603          166.4       0.216272       0.303113
            703            849          152.2       0.152018       0.303113
            704            814          217.2       0.210628       0.303113
            705            505            350       0.409357       0.303113
            706            164         1341.2       0.891044       0.879365
            707            126         1250.8       0.908483       0.879365
            708            250           1023       0.803614       0.879365
            709            563          626.4       0.526652       0.303113
            710            753          171.4       0.185418       0.303113
            711            680            100       0.128205       0.303113
            712            594          221.2       0.271344       0.303113
            713            303          913.4       0.750904       0.879365
            714             84         1167.2       0.932864       0.879365
            715            172         1256.6       0.879602       0.879365
            716            304          718.2       0.702602       0.879365
            717            762           80.6      0.0956563       0.303113
            718            811          232.8       0.223031       0.303113
            719            626          306.8       0.328902       0.303113
            720            396          672.8       0.629491       0.879365
            721            183         1299.4       0.876552       0.879365
            722            138         1284.4       0.902981       0.879365
            723             68         1263.4       0.948926       0.879365
            724              8         1196.4       0.993358       0.879365
            725            167         1320.6       0.887739       0.879365
            726            766          378.8       0.330887       0.303113
            727            787          208.6       0.209522       0.303113
            728            745            230       0.235897       0.303113
            729            433          845.4       0.661295       0.879365
            730            103         1261.4       0.924509       0.879365
            731            161         1218.8       0.883316       0.879365
            732             42         1108.6       0.963497       0.879365
            733            592          322.6       0.352723       0.303113
            734            742          315.6       0.298411       0.303113
            735            739          200.2        0.21316       0.303113
            736            361          830.8       0.697097       0.879365
            737            139         1066.2       0.884666       0.879365
            738            253          982.4       0.795208       0.879365
            739            237         1140.6       0.827962       0.879365
            740            112         1278.6       0.919459       0.879365
            741            150           1123       0.882168       0.879365
            742            141         1190.8       0.894128       0.879365
            743            154         1500.2       0.906904       0.879365
            744            146         1355.8       0.902783       0.879365
            745             88         1132.4       0.927892       0.879365
            746             87         1138.6       0.929014       0.879365
            747            136         1474.8        0.91557       0.879365
            748             94         1064.2        0.91884       0.879365
            749            170            955       0.848889       0.879365
            750             91         1147.8       0.926542       0.879365
            751             30           1198        0.97557       0.879365
            752            553          477.4       0.463315       0.303113
            753            540            311       0.365452       0.303113
            754            528          169.4       0.242902       0.303113
            755            772          188.6       0.196336       0.303113
            756            679          304.2       0.309398       0.303113
            757            440            526       0.544513       0.303113
            758            781          471.8       0.376596       0.303113
            759            210            967        0.82158       0.879365
            760            540            566       0.511754       0.303113
            761            637          104.6       0.141046       0.303113
            762            690             90       0.115385       0.303113
            763            916          209.8       0.186356       0.303113
            764            648          429.4       0.398552       0.303113
            765            667          327.6       0.329379       0.303113
            766            654          312.2       0.323122       0.303113
            767            201         1018.8       0.835219       0.879365
            768             78         1181.4       0.938066       0.879365
            769            104         1131.2       0.915803       0.879365
            770             85           1164       0.931946       0.879365
            771             95           1493       0.940176       0.879365
            772            161         1266.8       0.887239       0.879365
            773             79         1368.2       0.945412       0.879365
            774            134         1352.2       0.909837       0.879365
            775            149         1314.2       0.898168       0.879365
            776             79         1172.2       0.936861       0.879365
            777             84         1325.2       0.940392       0.879365
            778            463          607.4       0.567451       0.303113
            779            551          382.8       0.409938       0.303113
            780            544          455.2       0.455564       0.303113
            781             94         1190.2       0.926803       0.879365
            782             82         1297.6       0.940562       0.879365
            783             47         1362.6       0.966657       0.879365
            784            594          290.2       0.328206       0.303113
            785            701          287.8        0.29106       0.303113
            786            871           24.8      0.0276848       0.303113
            787            716          238.8       0.250105       0.303113
            788            767          268.6       0.259367       0.303113
            789            778          211.4       0.213665       0.303113
            790            591          176.8       0.230268       0.303113
            791            367          625.6       0.630264       0.879365
            792            161         1301.8       0.889937       0.879365
            793            110           1297       0.921819       0.879365
            794             69         1096.2       0.940783       0.879365
            795             70           1094       0.939863       0.879365
            796            192         1240.6       0.865978       0.879365
            797             70           1033       0.936537       0.879365
            798            176         1090.8       0.861067       0.879365
            799            508          474.4       0.482899       0.303113
            800           1050            283       0.212303       0.303113
            801            593          255.4       0.301037       0.303113
            802            750            293        0.28092       0.303113
            803            476          754.8        0.61326       0.879365
            804             90           1206       0.930556       0.879365
            805             55           1364        0.96124       0.879365
            806             65           1235           0.95       0.879365
            807            544          244.2        0.30982       0.303113
            808            663          111.4       0.143853       0.303113
            809            659          198.2       0.231218       0.303113
            810            659          230.2       0.258884       0.303113
            811            250           1069       0.810462       0.879365
            812            112         1228.6       0.916455       0.879365
            813            120           1152        0.90566       0.879365
            814             89         1239.2       0.932992       0.879365
            815             82         1380.6       0.943935       0.879365
            816            145           1189       0.891304       0.879365
            817            130           1466       0.918546       0.879365
            818             74         1172.2       0.940619       0.879365
            819            103         1367.4       0.929951       0.879365
            820             75           1288       0.944974       0.879365
            821            119         1243.2       0.912641       0.879365
            822            132         1254.6       0.904803       0.879365
            823             60           1083       0.947507       0.879365
            824            131         1212.8       0.902515       0.879365
            825            123         1288.4       0.912852       0.879365
            826            106         1295.8       0.924383       0.879365
            827             73         1078.4       0.936599       0.879365
            828            746          331.8       0.307849       0.303113
            829            677          175.6       0.205958       0.303113
            830            658          222.4       0.252612       0.303113
            831            700            346       0.330784       0.303113
            832           1169          204.2       0.148704       0.303113
            833            123         1168.4       0.904755       0.879365
            834             79         1069.2       0.931197       0.879365
            835             68         1179.4       0.945487       0.879365
            836            161         1445.8       0.899801       0.879365
            837            577          548.6       0.487385       0.303113
            838            618          192.4       0.237414       0.303113
            839            379          518.2       0.577575       0.303113
            840            423          768.4       0.644956       0.879365
            841            911          308.8       0.253156       0.303113
            842            385            982       0.718361       0.879365
            843            258         1071.4       0.805927       0.879365
            844             61         1245.8       0.953321       0.879365
            845             91         1334.8       0.936176       0.879365
            846            188         1268.4       0.870915       0.879365
            847            143         1009.4       0.875911       0.879365
            848             71         1007.8       0.934186       0.879365
            849            100           1429       0.934598       0.879365
            850            414          778.2       0.652743       0.879365
            851            121         1238.8       0.911016       0.879365
            852            484          789.2       0.619855       0.879365
            853            648          140.4       0.178082       0.303113
            854            235            646       0.733258       0.879365
            855             92         1147.6       0.925783       0.879365
            856            140           1328       0.904632       0.879365
            857            113         1203.4        0.91416       0.879365
            858            209         1322.2       0.863506       0.879365
            859            104         1102.2       0.913779       0.879365
            860            154         1209.2       0.887031       0.879365
            861             99         1271.2       0.927748       0.879365
            862            766          389.8       0.337256       0.303113
            863            611          144.8       0.191585       0.303113
            864            804          510.2       0.388221       0.303113
            865            382          916.6       0.705837       0.879365
            866            311          721.8       0.698877       0.879365
            867            154         1318.2       0.895395       0.879365
            868            270            950       0.778689       0.879365
            869            823          135.4       0.141277       0.303113
            870            178          966.4        0.84446       0.879365
            871            181         1218.8       0.870696       0.879365
            872            847          411.6        0.32703       0.303113
            873            560            334       0.373602       0.303113
            874            107          993.6        0.90278       0.879365
            875             87         1200.6       0.932432       0.879365
            876            104         1412.2       0.931407       0.879365
            877            147         1368.6       0.903009       0.879365
            878            565            414        0.42288       0.303113
            879            763          814.4       0.516293       0.303113
            880            326          992.8       0.752806       0.879365
            881            379          878.2       0.698536       0.879365
            882            705            187       0.209641       0.303113
            883            478          508.4        0.51541       0.303113
            884             44         1102.2       0.961612       0.879365
            885            111         1253.8       0.918669       0.879365
            886            107         1413.6       0.929633       0.879365
            887            112         1316.6       0.921602       0.879365
            888            294         1079.2       0.785902       0.879365
            889            160           1235       0.885305       0.879365
            890            191         1321.8       0.873744       0.879365
            891             97         1256.6       0.928339       0.879365
            892             34         1275.2        0.97403       0.879365
            893             57         1288.6        0.95764       0.879365
            894             75           1303       0.945573       0.879365
            895            146         1206.8       0.892076       0.879365
            896            465            498       0.517134       0.303113
            897            750             88       0.105012       0.303113
            898            709          544.2       0.434248       0.303113
            899            335            838       0.714408       0.879365
            900            167         1264.6       0.883347       0.879365
            901             53         1091.4       0.953688       0.879365
            902             86         1281.8       0.937125       0.879365
            903            773          282.4       0.267576       0.303113
            904            390            363       0.482072       0.303113
            905             93         1287.4       0.932628       0.879365
            906            108         1335.4       0.925177       0.879365
            907            175           1201        0.87282       0.879365
            908            107         1357.6       0.926943       0.879365
            909             43         1326.4       0.968599       0.879365
            910             19         1168.2       0.983996       0.879365
            911             48         1261.4       0.963342       0.879365
            912            148         1458.4       0.907869       0.879365
            913            354          801.2        0.69356       0.879365
            914            367          711.6       0.659744       0.879365
            915            147         1455.6       0.908274       0.879365
            916             93         1243.4        0.93041       0.879365
            917            105           1212       0.920273       0.879365
            918            162         1160.6       0.877514       0.879365
            919            627          508.6       0.447869       0.303113
            920            148         1340.4       0.900564       0.879365
            921            721          219.8       0.233631       0.303113
            922            729          368.2       0.335581       0.303113
            923            388          977.4       0.715834       0.879365
            924             87         1231.6       0.934021       0.879365
            925             89         1326.2       0.937111       0.879365
            926             81         1349.8       0.943388       0.879365
            927             84         1464.2       0.945743       0.879365
            928            128         1221.4       0.905143       0.879365
            929            160           1106       0.873618       0.879365
            930            349          778.2       0.690383       0.879365
            931            664          513.2        0.43595       0.303113
            932            360            757       0.677708       0.879365
            933            525            392       0.427481       0.303113
            934            641          316.8       0.330758       0.303113
            935            622          353.6       0.362444       0.303113
            936            253         1115.4       0.815113       0.879365
            937              0           1285              1       0.879365
            938             31         1298.8       0.976688       0.879365
            939             89         1461.2       0.942588       0.879365
            940            545            439       0.446138       0.303113
            941            541          835.8        0.60706       0.879365
            942             98         1306.4       0.930219       0.879365
            943             55           1239       0.957496       0.879365
            944             69         1305.2       0.949789       0.879365
            945            860            135       0.135678       0.303113
            946            923          128.4       0.122123       0.303113
            947            780             71      0.0834313       0.303113
            948            701          205.8       0.226952       0.303113
            949            750            175       0.189189       0.303113
            950            715            160       0.182857       0.303113
            951            741          209.8       0.220656       0.303113
            952            560            662       0.541735       0.303113
            953            228         1076.4       0.825207       0.879365
            954            202         1140.6       0.849546       0.879365
            955            501          308.8       0.381329       0.303113
            956            587          381.6       0.393971       0.303113
            957            461          546.8       0.542568       0.303113
            958             55           1196       0.956035       0.879365
            959             55           1383       0.961752       0.879365
            960            203         1041.4       0.836869       0.879365
            961            368          855.4       0.699199       0.879365
            962            728           99.4       0.120135       0.303113
            963            731          348.8       0.323023       0.303113
            964            431          310.8       0.418981       0.303113
            965            684          358.2       0.343696       0.303113
            966            384          880.2       0.696251       0.879365
            967            345            968       0.737243       0.879365
            968            675            243       0.264706       0.303113
            969            283         1000.4       0.779492       0.879365
            970             95           1344       0.933982       0.879365
            971            101         1197.8       0.922236       0.879365
            972             40           1232       0.968553       0.879365
            973            174         1258.2       0.878509       0.879365
            974             86         1349.8       0.940103       0.879365
            975            282         1331.6       0.825235       0.879365
            976            156         1161.8       0.881621       0.879365
            977             46         1485.8        0.96997       0.879365
            978            112         1081.6       0.906166       0.879365
            979            143         1327.4       0.902748       0.879365
            980            102         1354.6       0.929974       0.879365
            981             32         1258.6       0.975205       0.879365
            982            139          932.2       0.870239       0.879365
            983             34         1100.2       0.970023       0.879365
            984             64         1288.2        0.95267       0.879365
            985            101         1286.8       0.927223       0.879365
            986            132         1095.6       0.892473       0.879365
            987             87         1279.6       0.936338       0.879365
            988            109         1261.2        0.92045       0.879365
            989            629          286.2       0.312719       0.303113
            990            710            303       0.299112       0.303113
            991            273         1016.4       0.788274       0.879365
            992             24         1114.2       0.978914       0.879365
            993            183         1446.4       0.887689       0.879365
            994            451          803.8        0.64058       0.879365
            995             91         1114.8       0.924531       0.879365
            996             70           1287       0.948416       0.879365
            997             -2         1294.4        1.00155       0.879365
            998            349          711.2       0.670817       0.879365
            999            770            240       0.237624       0.303113
           1000            238          988.4       0.805936       0.879365
           1001             13         1282.4       0.989964       0.879365
           1002             69         1017.2       0.936476       0.879365
           1003             82         1222.6       0.937145       0.879365
           1004             82          959.6       0.921275       0.879365
           1005            137         1040.6       0.883662       0.879365
           1006             43          878.4       0.953332       0.879365
           1007            -16          826.2        1.01975       0.879365
           1008             72         1158.6       0.941492       0.879365
           1009            372          729.6       0.662309       0.879365
           1010            846          164.8       0.163039       0.303113
           1011            519          535.2       0.507684       0.303113
           1012            186         1159.8       0.861792       0.879365
           1013             86         1023.8       0.922509       0.879365
           1014             92         1168.6       0.927019       0.879365
           1015            115           1166       0.910226       0.879365
           1016            674          329.2        0.32815       0.303113
           1017            813          225.4       0.217065       0.303113
           1018            815            297       0.267086       0.303113
           1019            474          589.2       0.554176       0.303113
           1020             68         1233.4       0.947749       0.879365
           1021             66         1268.8       0.950554       0.879365
           1022            124          995.2       0.889207       0.879365
           1023             12         1119.6       0.989396       0.879365
           1024             81         1163.8       0.934929       0.879365
           1025            605            599       0.497508       0.303113
           1026            704          228.2       0.244797       0.303113
           1027            692          299.6       0.302138       0.303113
           1028            823          385.4       0.318934       0.303113
           1029            782          233.6       0.230012       0.303113
           1030            790            132       0.143167       0.303113
           1031            805            380       0.320675       0.303113
           1032            413          719.4       0.635288       0.879365
           1033             66         1393.8       0.954788       0.879365
           1034            309         1067.2       0.775469       0.879365
           1035            632          112.6       0.151222       0.303113
           1036            447          774.6       0.634086       0.879365
           1037             72         1232.6       0.944811       0.879365
           1038             82         1135.6       0.932654       0.879365
           1039            565            448       0.442251       0.303113
           1040            573          210.4       0.268573       0.303113
           1041            901          264.8        0.22714       0.303113
           1042            766          173.8       0.184933       0.303113
           1043            808          237.4        0.22709       0.303113
           1044            682          323.6       0.321798       0.303113
           1045            848          154.4        0.15403       0.303113
           1046            984           95.2      0.0882135       0.303113
           1047            445            692       0.608619       0.879365
           1048             48         1218.4       0.962097       0.879365
           1049            124         1365.2       0.916734       0.879365
           1050             80           1252        0.93994       0.879365
           1051            378          765.4       0.669407       0.879365
           1052            810            314       0.279359       0.303113
           1053            787          275.6       0.259364       0.303113
           1054            662          421.6       0.389073       0.303113
           1055            115           1287       0.917974       0.879365
           1056            134         1150.2       0.895655       0.879365
           1057             31         1258.8       0.975965       0.879365
           1058             75           1361       0.947772       0.879365
           1059             73         1246.4       0.944672       0.879365
           1060             54         1124.2       0.954167       0.879365
           1061            309          863.2       0.736393       0.879365
           1062            223          951.4       0.810116       0.879365
           1063             54         1238.2       0.958211       0.879365
           1064            138         1202.4       0.897046       0.879365
           1065            139         1193.2       0.895661       0.879365
           1066             81         1018.8        0.92635       0.879365
           1067            604          527.2       0.466054       0.303113
           1068            214          972.2       0.819592       0.879365
           1069             22         1243.6       0.982617       0.879365
           1070            104         1105.2       0.913993       0.879365
           1071            570            392       0.407484       0.303113
           1072            796          346.8       0.303465       0.303113
           1073            711          511.8       0.418548       0.303113
           1074            139         1017.2       0.879779       0.879365
           1075            158         1318.4       0.892983       0.879365
           1076            -21          975.2        1.02201       0.879365
           1077             86         1234.8       0.934888       0.879365
           1078            106         1437.8       0.931338       0.879365
           1079            722          473.6       0.396119       0.303113
           1080            787          164.6       0.172972       0.303113
           1081            571          500.8       0.467251       0.303113
           1082            134         1126.2       0.893668       0.879365
           1083            -16         1033.2        1.01573       0.879365
           1084            127         1182.6       0.903024       0.879365
           1085            -10           1155        1.00873       0.879365
           1086            136         1058.8       0.886173       0.879365
           1087             49         1215.2        0.96124       0.879365
           1088             60           1017        0.94429       0.879365
           1089             79         1279.2       0.941835       0.879365
           1090            122         1096.6       0.899885       0.879365
           1091            117         1237.6       0.913628       0.879365
           1092            145           1192       0.891548       0.879365
           1093              9          960.2       0.990714       0.879365
           1094            460            675       0.594714       0.879365
           1095            323          984.4       0.752945       0.879365
           1096            525            300       0.363636       0.303113
           1097            153         1224.4       0.888921       0.879365
           1098             47         1067.6       0.957832       0.879365
           1099            118         1010.4       0.895427       0.879365
           1100             56          964.8       0.945141       0.879365
           1101             55           1158       0.954658       0.879365
           1102             41         1007.8       0.960908       0.879365
           1103            119         1160.2       0.906973       0.879365
           1104             86         1123.8       0.928914       0.879365
           1105            312          859.6       0.733698       0.879365
           1106            214         1137.2       0.841622       0.879365
           1107             71         1253.8       0.946407       0.879365
           1108            108         1143.4       0.913697       0.879365
           1109             90           1132        0.92635       0.879365
           1110             76          898.8       0.922035       0.879365
           1111            385            734       0.655943       0.879365
           1112            406          701.8       0.633508       0.879365
           1113            817          297.6       0.267002       0.303113
           1114             53         1064.4       0.952568       0.879365
           1115             84         1187.2       0.933921       0.879365
           1116            739          305.2       0.292281       0.303113
           1117            556          249.8       0.310002       0.303113
           1118            800            312       0.280576       0.303113
           1119            739          305.2       0.292281       0.303113
           1120            825            177       0.176647       0.303113
           1121            682          328.6       0.325153       0.303113
           1122            586          292.8       0.333182       0.303113
           1123            164         1114.2       0.871695       0.879365
           1124            667          361.6       0.351546       0.303113
           1125            556          697.8       0.556548       0.303113
           1126             47          989.6       0.954659       0.879365
           1127             93         1239.4       0.930201       0.879365
           1128            141         1255.8       0.899055       0.879365
           1129             73         1128.4       0.939238       0.879365
           1130             23         1209.4       0.981337       0.879365
           1131             78         1299.4       0.943372       0.879365
           1132            105           1239       0.921875       0.879365
           1133            101         1094.8       0.915538       0.879365
           1134             18         1167.4       0.984815       0.879365
           1135            145           1161       0.888974       0.879365
           1136            487          514.6       0.513778       0.303113
           1137            222          927.6       0.806889       0.879365
           1138            114         1328.2       0.920954       0.879365
           1139            172         1203.6       0.874964       0.879365
           1140            122         1065.6       0.897272       0.879365
           1141            399          882.2       0.688573       0.879365
           1142            126         1041.8       0.892105       0.879365
           1143            252         1424.6       0.849696       0.879365
           1144             78         1237.4       0.940702       0.879365
           1145             90           1296       0.935065       0.879365
           1146             56         1190.8       0.955085       0.879365
           1147            178         1103.4       0.861089       0.879365
           1148            109         1298.2       0.922541       0.879365
           1149            170           1157       0.871891       0.879365
           1150            241         1387.8       0.852038       0.879365
           1151             85           1541       0.947724       0.879365
           1152            221         1094.8       0.832041       0.879365
           1153            244         1051.2       0.811612       0.879365
           1154            218          961.4        0.81516       0.879365
           1155            102         1258.6       0.925033       0.879365
           1156             78         1388.4       0.946809       0.879365
           1157            111         1440.8        0.92847       0.879365
           1158             74         1154.2       0.939749       0.879365
           1159             31         1077.8       0.972042       0.879365
           1160             57         1093.6       0.950461       0.879365
           1161            104         1465.2       0.933724       0.879365
           1162             88         1446.4       0.942649       0.879365
           1163            128         1353.4       0.913595       0.879365
           1164            118         1165.4       0.908057       0.879365
           1165            179         1156.2       0.865938       0.879365
           1166            836          158.8        0.15963       0.303113
           1167             23         1114.4       0.979778       0.879365
           1168            234         1130.2       0.828471       0.879365
           1169            163         1197.4       0.880182       0.879365
           1170            108         1427.4        0.92966       0.879365
           1171            120           1374       0.919679       0.879365
           1172            104         1234.2       0.922284       0.879365
           1173            582          302.6       0.342076       0.303113
           1174            762          376.6       0.330757       0.303113
           1175            875            294       0.251497       0.303113
           1176            320            862       0.729272       0.879365
           1177             68         1196.4        0.94622       0.879365
           1178             35           1349       0.974711       0.879365
           1179            154         1515.2        0.90774       0.879365
           1180             34         1231.2       0.973127       0.879365
           1181             99         1149.2       0.920686       0.879365
           1182            134         1198.2       0.899415       0.879365
           1183             56         1350.8       0.960193       0.879365
           1184             45           1282       0.966089       0.879365
           1185            163         1307.4       0.889146       0.879365
           1186            553          494.4       0.472026       0.303113
           1187            159         1159.2       0.879381       0.879365
           1188            642          381.6       0.372802       0.303113
           1189            668          328.4       0.329587       0.303113
           1190            762          259.6       0.254111       0.303113
           1191            746          220.8       0.228382       0.303113
           1192            495            702       0.586466       0.303113
           1193            613          808.4       0.568735       0.303113
           1194             77         1191.6       0.939303       0.879365
           1195             55           1441       0.963235       0.879365
           1196            110           1415       0.927869       0.879365
           1197             95           1286       0.931209       0.879365
           1198            210           1514        0.87819       0.879365
           1199            741          170.8       0.187322       0.303113
           1200            696          313.8       0.310755       0.303113
           1201            155           1009       0.866838       0.879365
           1202             40            973       0.960513       0.879365
           1203            169         1304.2       0.885284       0.879365
           1204            103         1242.4       0.923443       0.879365
           1205             91         1278.8       0.933567       0.879365
           1206             39         1108.2       0.966004       0.879365
           1207            183         1252.4       0.872509       0.879365
           1208            600            625       0.510204       0.303113
           1209            831          168.8       0.168834       0.303113
           1210            498          595.4        0.54454       0.303113
           1211            615            326        0.34644       0.303113
           1212             44          999.2       0.957822       0.879365
           1213            525            379       0.419248       0.303113
           1214            776          243.8       0.239066       0.303113
           1215            711          283.8       0.285283       0.303113
           1216            840             51      0.0572391       0.303113
           1217             70           1102       0.940273       0.879365
           1218            137         1108.6       0.890013       0.879365
           1219            726          582.8       0.445293       0.303113
           1220            751          172.8       0.187053       0.303113
           1221            281         1043.8       0.787893       0.879365
           1222            314         1148.2       0.785255       0.879365
           1223            777          174.6        0.18348       0.303113
           1224            713          456.4       0.390286       0.303113
           1225            346          816.8       0.702442       0.879365
           1226             87         1364.6       0.940066       0.879365
           1227             97         1128.6       0.920855       0.879365
           1228            179          886.2       0.831956       0.879365
           1229            122         1220.6       0.909132       0.879365
           1230            524          668.2       0.560476       0.879365
           1231             73         1202.4       0.942763       0.879365
           1232            118         1170.4       0.908414       0.879365
           1233            134         1015.2       0.883397       0.879365
           1234            138          989.4       0.877594       0.879365
           1235             85           1081       0.927101       0.879365
           1236            104         1173.2       0.918572       0.879365
           1237             61         1118.8       0.948296       0.879365
           1238             30           1023        0.97151       0.879365
           1239             42         1073.6       0.962352       0.879365
           1240             43         1200.4       0.965417       0.879365
           1241             29         1244.2       0.977223       0.879365
           1242            351          625.8       0.640663       0.879365
           1243            718          505.4       0.413111       0.303113
           1244            240            896       0.788732       0.879365
           1245            151         1069.8       0.876311       0.879365
           1246            348          911.4       0.723678       0.879365
