              0             31           23.8       0.434307       0.297585
              1            -25            -33       0.568966       0.297585
              2             15             98       0.867257       0.901797
              3            114          -50.8      -0.803797       0.297585
              4             46           -3.2     -0.0747664       0.297585
              5             25            -17         -2.125       0.297585
              6              2            0.6       0.230769       0.297585
              7            -66           67.2              1       0.901797
              8             67           97.6       0.592953       0.901797
              9             10             88       0.897959       0.901797
             10            453           25.4      0.0530936       0.297585
             11            486          161.8       0.249768       0.297585
             12            329           89.2       0.213295       0.297585
             13            355            295       0.453846       0.297585
             14            385            235       0.379032       0.297585
             15            510            174       0.254386       0.297585
             16            365            602       0.622544       0.901797
             17             76          946.8       0.925694       0.901797
             18            112          811.6       0.878735       0.901797
             19             25            863       0.971847       0.901797
             20            118          917.4       0.886034       0.901797
             21            138         1025.4       0.881382       0.901797
             22            296          419.8       0.586477       0.297585
             23            582          260.6       0.309281       0.297585
             24            475            153       0.243631       0.297585
             25            535            330       0.381503       0.297585
             26            641          278.8       0.303109       0.297585
             27            111          882.8       0.888308       0.901797
             28            439          292.2       0.399617       0.297585
             29            766           12.8      0.0164355       0.297585
             30            443          104.4        0.19072       0.297585
             31            717           61.6      0.0791164       0.297585
             32           1315             88      0.0627227       0.297585
             33            690             74      0.0968586       0.297585
             34            523          221.4       0.297421       0.297585
             35            224          706.2       0.759192       0.901797
             36            114          802.2       0.875573       0.901797
             37             86          754.8       0.897716       0.901797
             38             99          908.2       0.901708       0.901797
             39            -26          826.2        1.03249       0.901797
             40            153         1064.4       0.874322       0.901797
             41             33          740.4       0.957331       0.901797
             42              7          871.6       0.992033       0.901797
             43            125            846       0.871267       0.901797
             44             40            918       0.958246       0.901797
             45            112          883.6       0.887505       0.901797
             46            162          760.6       0.824409       0.901797
             47             47          755.6        0.94144       0.901797
             48            142          951.6       0.870154       0.901797
             49            273          443.4       0.618928       0.901797
             50            194          507.2       0.723331       0.901797
             51            150            742       0.831839       0.901797
             52            435            500       0.534759       0.901797
             53            423          861.4       0.670663       0.901797
             54            167         1027.6       0.860204       0.901797
             55             52         1000.6       0.950599       0.901797
             56             41          960.8       0.959074       0.901797
             57             70            957        0.93184       0.901797
             58            129          984.2       0.884118       0.901797
             59            399          528.2       0.569672       0.297585
             60            386          303.8       0.440418       0.297585
             61            330            703       0.680542       0.297585
             62            476          332.8       0.411474       0.297585
             63            510            243       0.322709       0.297585
             64            456          350.8       0.434804       0.297585
             65            480            139       0.224556       0.297585
             66            602          300.6       0.333038       0.297585
             67            947           -7.4    -0.00787569       0.297585
             68            499          376.2       0.429845       0.297585
             69            404          310.2       0.434332       0.297585
             70            461          316.8       0.407303       0.297585
             71            266          174.8       0.396552       0.297585
             72            369          218.2       0.371594       0.297585
             73            356          234.8       0.397427       0.297585
             74            679           72.2      0.0961129       0.297585
             75            126          773.8       0.859969       0.901797
             76             66          746.8       0.918799       0.901797
             77            203          656.4       0.763789       0.901797
             78            109         1038.2       0.904986       0.901797
             79            351          810.8       0.697883       0.901797
             80            693          202.4       0.226044       0.297585
             81            475            125       0.208333       0.297585
             82            409          322.2       0.440646       0.297585
             83            403          301.4       0.427882       0.297585
             84            607          220.6       0.266554       0.297585
             85            502          343.6       0.406339       0.297585
             86            237          109.6       0.316215       0.297585
             87            472          215.6       0.313554       0.297585
             88            174          539.2       0.756029       0.901797
             89            394          207.2       0.344644       0.297585
             90            183          612.4       0.769927       0.901797
             91             48          709.4       0.936625       0.901797
             92             53          895.4       0.944116       0.901797
             93            279          730.2       0.723543       0.901797
             94            459          543.2       0.542008       0.297585
             95            595            299       0.334452       0.297585
             96            549          141.2       0.204578       0.297585
             97            466          110.8       0.192094       0.297585
             98            614          188.2       0.234605       0.297585
             99            348           78.4       0.183865       0.297585
            100            388          101.4       0.207192       0.297585
            101            181          648.8       0.781875       0.901797
            102             64          711.2       0.917441       0.901797
            103            142          527.6       0.787933       0.901797
            104            359          411.2       0.533887       0.297585
            105            447          165.6       0.270323       0.297585
            106            613          211.4       0.256429       0.297585
            107            644          290.2        0.31064       0.297585
            108            560            216       0.278351       0.297585
            109            417          175.6       0.296321       0.297585
            110            326          323.8       0.498307       0.297585
            111            375            200       0.347826       0.297585
            112            527           35.6      0.0632776       0.297585
            113            420            259       0.381443       0.297585
            114            182          333.6       0.647013       0.901797
            115             93          504.4       0.844325       0.901797
            116            109          781.2       0.877556       0.901797
            117            158          493.4       0.757446       0.901797
            118            213          430.4       0.668946       0.901797
            119            368           86.4       0.190141       0.297585
            120            182          778.6       0.810535       0.901797
            121             83          869.4       0.912852       0.901797
            122             95           1004       0.913558       0.901797
            123             87          893.6       0.911279       0.901797
            124            152         1077.6       0.876383       0.901797
            125            111         1296.8       0.921154       0.901797
            126            346          350.8       0.503444       0.901797
            127            297          866.6       0.744758       0.901797
            128            243         1135.4       0.823709       0.901797
            129            138         1027.4       0.881586       0.901797
            130            295            549       0.650474       0.901797
            131             90            670       0.881579       0.901797
            132            164          787.2       0.827586       0.901797
            133             90            879       0.907121       0.901797
            134            169          612.2       0.783666       0.901797
            135             72          602.6        0.89327       0.901797
            136             80            604       0.883041       0.901797
            137             42          770.6       0.948314       0.901797
            138            144          535.2       0.787986       0.901797
            139            217          673.6       0.756344       0.901797
            140            287          393.6       0.578313       0.901797
            141             48          875.4       0.948018       0.901797
            142             58          792.4       0.931797       0.901797
            143             42          703.6        0.94367       0.901797
            144            261          405.8       0.608578       0.901797
            145            274          175.2       0.390027       0.297585
            146            116          418.8       0.783096       0.901797
            147             99          696.2       0.875503       0.901797
            148             66          617.8       0.903481       0.901797
            149            209          350.2       0.626252       0.901797
            150            520            136       0.207317       0.297585
            151            515            130        0.20155       0.297585
            152            315            193       0.379921       0.297585
            153            440            304       0.408602       0.297585
            154            269          639.2        0.70381       0.901797
            155            155            679       0.814149       0.901797
            156            200            885       0.815668       0.901797
            157            153          988.4       0.865954       0.901797
            158             61          758.8       0.925592       0.901797
            159             -2          696.4        1.00288       0.901797
            160            320            393       0.551192       0.297585
            161            364          295.2       0.447816       0.297585
            162            350            246       0.412752       0.297585
            163            678          253.4       0.272064       0.297585
            164            411          210.8       0.339016       0.297585
            165            265            652       0.711014       0.901797
            166            163          698.4       0.810773       0.901797
            167            294          199.2       0.403893       0.297585
            168            267           97.6       0.267691       0.297585
            169            284          325.2       0.533815       0.297585
            170            110            625        0.85034       0.901797
            171             35            675       0.950704       0.901797
            172              9          695.2        0.98722       0.901797
            173             86          492.8       0.851417       0.901797
            174            142          768.6       0.844059       0.901797
            175            103          861.4       0.893198       0.901797
            176             65            748       0.920049       0.901797
            177             22          733.6       0.970884       0.901797
            178             49          721.2        0.93638       0.901797
            179            -29          732.8         1.0412       0.901797
            180             80            547       0.872408       0.901797
            181             47          560.6       0.922646       0.901797
            182            -39          577.8        1.07238       0.901797
            183             95            737       0.885817       0.901797
            184            -26          593.2        1.04584       0.901797
            185              3          644.4       0.995366       0.901797
            186             52          758.6        0.93585       0.901797
            187             62          686.6       0.917179       0.901797
            188             48          546.4       0.919246       0.901797
            189             91          481.8       0.841131       0.901797
            190             60            709       0.921977       0.901797
            191             -2          801.4         1.0025       0.901797
            192             72          625.6       0.896789       0.901797
            193              8          856.4       0.990745       0.901797
            194            132         1060.6       0.889317       0.901797
            195             85            893       0.913088       0.901797
            196             34          890.2       0.963211       0.901797
            197            101          732.8       0.878868       0.901797
            198             30           1014       0.971264       0.901797
            199            140            991       0.876216       0.901797
            200            -22          896.4        1.02516       0.901797
            201              4          886.2       0.995507       0.901797
            202             82          740.6       0.900316       0.901797
            203            151          829.8       0.846044       0.901797
            204             82          550.6       0.870376       0.901797
            205             39          644.2       0.942916       0.901797
            206             15            942       0.984326       0.901797
            207            107          718.6       0.870397       0.901797
            208             22          811.6       0.973608       0.901797
            209             60            860       0.934783       0.901797
            210             14          658.2       0.979173       0.901797
            211             31          691.8       0.957111       0.901797
            212             97          721.6       0.881505       0.901797
            213             51          604.8       0.922232       0.901797
            214             -9          707.8        1.01288       0.901797
            215            146          620.8       0.809598       0.901797
            216             26          815.8       0.969114       0.901797
            217             47          817.6        0.94564       0.901797
            218             96          561.8       0.854059       0.901797
            219             39          619.2       0.940747       0.901797
            220             73          798.4       0.916227       0.901797
            221             -2          621.4        1.00323       0.901797
            222             15            471       0.969136       0.901797
            223             66          674.8       0.910907       0.901797
            224            108          724.4       0.870255       0.901797
            225             46          715.8       0.939617       0.901797
            226             54          645.2       0.922769       0.901797
            227            119          586.2       0.831254       0.901797
            228             21          969.8       0.978805       0.901797
            229             19          691.2       0.973247       0.901797
            230             65            640       0.907801       0.901797
            231             49          792.2        0.94175       0.901797
            232             76          556.8       0.879899       0.901797
            233             42          943.6       0.957386       0.901797
            234             47          846.6       0.947404       0.901797
            235             17          712.6         0.9767       0.901797
            236            146         1000.8       0.872689       0.901797
            237             78          806.4       0.911805       0.901797
            238             55            746       0.931336       0.901797
            239             38          886.4       0.958892       0.901797
            240              7          932.6        0.99255       0.901797
            241             72          754.6       0.912896       0.901797
            242             47          864.6       0.948442       0.901797
            243             85            678       0.888598       0.901797
            244             54          589.2       0.916045       0.901797
            245            145            866       0.856578       0.901797
            246             99          896.2       0.900523       0.901797
            247             63          818.4       0.928523       0.901797
            248             63          826.4       0.929166       0.901797
            249             17          698.6       0.976244       0.901797
            250             55            720       0.929032       0.901797
            251            -14          686.8        1.02081       0.901797
            252             30            823        0.96483       0.901797
            253             18          795.4       0.977871       0.901797
            254             -4          589.8        1.00683       0.901797
            255            -19          862.8        1.02252       0.901797
            256            110            634       0.852151       0.901797
            257             11          592.8       0.981782       0.901797
            258              6          713.8       0.991664       0.901797
            259             49          777.2       0.940692       0.901797
            260             47          657.6       0.933295       0.901797
            261             75            696       0.902724       0.901797
            262             69          640.2       0.902707       0.901797
            263              3          519.4       0.994257       0.901797
            264             59          660.2       0.917964       0.901797
            265            112          693.6       0.860973       0.901797
            266             85            623       0.879944       0.901797
            267             47          671.6       0.934595       0.901797
            268            -21          555.2        1.03931       0.901797
            269            -51          677.2        1.08144       0.901797
            270            100            814       0.890591       0.901797
            271             57          820.6        0.93505       0.901797
            272             63          557.4       0.898453       0.901797
            273             78          702.4       0.900051       0.901797
            274            104          492.2       0.825562       0.901797
            275             59          558.2       0.904407       0.901797
            276             18          665.4       0.973661       0.901797
            277            172          589.6        0.77416       0.901797
            278             49          656.2       0.930516       0.901797
            279            -11          540.2        1.02079       0.901797
            280             19          637.2       0.971045       0.901797
            281            -34          464.8        1.07892       0.901797
            282             18          361.4       0.952557       0.901797
            283             -1          525.2        1.00191       0.901797
            284              1          354.8       0.997189       0.901797
            285            -16          477.2        1.03469       0.901797
            286            -31          411.2        1.08154       0.901797
            287             38          497.4       0.929025       0.901797
            288             18          397.4       0.956668       0.901797
            289             19          450.2       0.959506       0.901797
            290             21          523.8       0.961454       0.901797
            291              8          719.4       0.989002       0.901797
            292             -5            647        1.00779       0.901797
            293             -4          357.8        1.01131       0.901797
            294             49          570.2       0.920866       0.901797
            295             69          585.2       0.894528       0.901797
            296              4          361.2       0.989047       0.901797
            297             11          386.8       0.972348       0.901797
            298            -27          542.4        1.05239       0.901797
            299             35            410       0.921348       0.901797
            300             49          411.2       0.893525       0.901797
            301             10            439       0.977728       0.901797
            302             12          338.6       0.965773       0.901797
            303             10            528       0.981413       0.901797
            304             99          438.2       0.815711       0.901797
            305            -58          531.6        1.12247       0.901797
            306             33          383.4       0.920749       0.901797
            307             17          523.6       0.968553       0.901797
            308             17          476.6       0.965559       0.901797
            309            -21          578.2        1.03769       0.901797
            310             10            392       0.975124       0.901797
            311             -5            406        1.01247       0.901797
            312             27          549.6       0.953174       0.901797
            313              8          497.4       0.984171       0.901797
            314             69          431.2       0.862055       0.901797
            315            -39          346.8        1.12671       0.901797
            316             12          401.6       0.970986       0.901797
            317             21          545.8        0.96295       0.901797
            318             58          327.4       0.849507       0.901797
            319            109          417.2       0.792854       0.901797
            320            -17          515.4        1.03411       0.901797
            321              9          675.2       0.986846       0.901797
            322             99          499.2       0.834504       0.901797
            323             20            563       0.965695       0.901797
            324            -19          633.8         1.0309       0.901797
            325            197          655.6       0.768942       0.901797
            326             25            598       0.959872       0.901797
            327             54          573.2       0.913903       0.901797
            328             59          605.2       0.911171       0.901797
            329             33          682.4       0.953872       0.901797
            330             59          622.2       0.913388       0.901797
            331              8          639.4       0.987643       0.901797
            332            158          680.4       0.811546       0.901797
            333              4          707.2       0.994376       0.901797
            334             35            887       0.962039       0.901797
            335            -62          606.4        1.11389       0.901797
            336             35            507       0.935424       0.901797
            337             55            586       0.914197       0.901797
            338             20            797        0.97552       0.901797
            339             28          697.4       0.961401       0.901797
            340             68          801.4       0.921785       0.901797
            341             37          731.6       0.951861       0.901797
            342             -1          650.2        1.00154       0.901797
            343             40            682       0.944598       0.901797
            344             89          714.2       0.889193       0.901797
            345             36          659.8       0.948261       0.901797
            346            -38          704.6        1.05701       0.901797
            347             66          551.8       0.893169       0.901797
            348             86          751.8        0.89735       0.901797
            349             89          526.2       0.855332       0.901797
            350             42          414.6       0.908016       0.901797
            351            -29          795.8        1.03782       0.901797
            352             42          712.6       0.944341       0.901797
            353            113          694.4       0.860045       0.901797
            354             39          626.2       0.941371       0.901797
            355             56          650.8        0.92077       0.901797
            356             17          682.6         0.9757       0.901797
            357             84          694.2       0.892059       0.901797
            358              3          726.4       0.995887       0.901797
            359            -14          748.8        1.01905       0.901797
            360             14          761.2        0.98194       0.901797
            361             37          720.6       0.951162       0.901797
            362             10            655       0.984962       0.901797
            363             98          557.4       0.850473       0.901797
            364             27          727.6       0.964219       0.901797
            365             38          652.4       0.944959       0.901797
            366            163          729.4       0.817346       0.901797
            367             23          727.4        0.96935       0.901797
            368             88          521.4       0.855596       0.901797
            369             -4          615.8        1.00654       0.901797
            370            -37          632.4        1.06214       0.901797
            371             98          610.4        0.86166       0.901797
            372             11          489.8       0.978035       0.901797
            373             61          757.8       0.925501       0.901797
            374            108          575.4       0.841967       0.901797
            375             19          630.2       0.970733       0.901797
            376            106          642.8        0.85844       0.901797
            377             19          562.2       0.967309       0.901797
            378             36          526.8       0.936034       0.901797
            379            153          635.4       0.805936       0.901797
            380            -27          575.4        1.04923       0.901797
            381             26          517.8       0.952188       0.901797
            382            -19          599.8        1.03271       0.901797
            383              1          666.8       0.998503       0.901797
            384             65            550       0.894309       0.901797
            385            -42          708.4        1.06303       0.901797
            386             -5            652        1.00773       0.901797
            387             31          529.8       0.944722       0.901797
            388            106          606.8       0.851291       0.901797
            389             74          670.2       0.900564       0.901797
            390             21          690.8       0.970497       0.901797
            391             28          688.4       0.960916       0.901797
            392             24          878.2       0.973398       0.901797
            393             24          857.2       0.972764       0.901797
            394             60            881       0.936238       0.901797
            395             80            615       0.884892       0.901797
            396             90           1009       0.918107       0.901797
            397             44          914.2       0.954081       0.901797
            398             55            810       0.936416       0.901797
            399             68          933.4       0.932095       0.901797
            400            106          775.8       0.879791       0.901797
            401             39          811.2       0.954128       0.901797
            402             96          986.8       0.911341       0.901797
            403             99          840.2       0.894591       0.901797
            404             40            840       0.954545       0.901797
            405             64          712.2       0.917547       0.901797
            406             47          779.6       0.943141       0.901797
            407             19          773.2       0.976016       0.901797
            408            452          275.6        0.37878       0.297585
            409            646          145.8       0.184137       0.297585
            410            571          188.8       0.248486       0.297585
            411            553          215.4       0.280323       0.297585
            412            393          373.4       0.487213       0.297585
            413            398          302.4       0.431753       0.297585
            414            395            347       0.467655       0.297585
            415            605            111       0.155028       0.297585
            416            487          117.6       0.194509       0.297585
            417            343          557.4       0.619058       0.901797
            418            144          683.2       0.825919       0.901797
            419            533          128.4       0.194134       0.297585
            420            620            209       0.252111       0.297585
            421            492          244.6       0.332066       0.297585
            422            471          348.8        0.42547       0.297585
            423            668          321.4       0.324843       0.297585
            424            221          476.8        0.68329       0.901797
            425             14          858.2       0.983949       0.901797
            426            141          738.8       0.839736       0.901797
            427            203          468.4       0.697647       0.901797
            428            134          714.2       0.842018       0.901797
            429             46          957.8       0.954174       0.901797
            430             22         1004.6        0.97857       0.901797
            431             21          872.8       0.976505       0.901797
            432             34          773.2       0.957879       0.901797
            433             80            966       0.923518       0.901797
            434            121          710.8       0.854532       0.901797
            435            206          524.8       0.718117       0.901797
            436            610            284       0.317673       0.297585
            437            317          267.6       0.457749       0.297585
            438            602          207.6       0.256423       0.297585
            439            530             85       0.138211       0.297585
            440            540             40      0.0689655       0.297585
            441            466          303.8       0.394648       0.297585
            442            447          265.6        0.37272       0.297585
            443            343          206.4       0.375683       0.297585
            444            474          188.2       0.284204       0.297585
            445            423          411.4       0.493049       0.297585
            446            593          157.4       0.209755       0.297585
            447            478           11.4      0.0232938       0.297585
            448            432          379.6       0.467718       0.297585
            449            112          841.6        0.88255       0.901797
            450             98          733.4       0.882127       0.901797
            451             26          881.8       0.971359       0.901797
            452             38          840.4        0.95674       0.901797
            453            101          758.8       0.882531       0.901797
            454            -53          832.6        1.06798       0.901797
            455            -10            768        1.01319       0.901797
            456             61          881.8       0.935299       0.901797
            457            166         1036.8       0.861989       0.901797
            458             55            786       0.934602       0.901797
            459             99          747.2       0.883006       0.901797
            460              2          863.6       0.997689       0.901797
            461             45            746        0.94311       0.901797
            462            -17          879.4        1.01971       0.901797
            463             64          806.2       0.926454       0.901797
            464            149          761.2         0.8363       0.901797
            465            223          741.4       0.768768       0.901797
            466            110            860       0.886598       0.901797
            467             60            935       0.939698       0.901797
            468            133          642.4       0.828476       0.901797
            469              0            917              1       0.901797
            470            162          828.6       0.836463       0.901797
            471            183          715.4       0.796305       0.901797
            472            181          776.8       0.811025       0.901797
            473            -21          736.2        1.02936       0.901797
            474            483          383.4       0.442521       0.297585
            475            343          181.4       0.345919       0.297585
            476            797          117.6       0.128581       0.297585
            477            679          442.2       0.394399       0.297585
            478            471          136.8       0.225074       0.297585
            479            488          254.4       0.342672       0.297585
            480           1154           28.2      0.0238538       0.297585
            481           1352          211.6       0.135329       0.297585
            482           1890             35      0.0181818       0.297585
            483           1979          176.2      0.0817558       0.297585
            484           1926          337.8       0.149218       0.297585
            485           1356          317.8       0.189867       0.297585
            486            440            325       0.424837       0.297585
            487            312          284.6       0.477037       0.297585
            488            114          828.2       0.879007       0.901797
            489            230            566       0.711055       0.901797
            490             83         1250.4       0.937753       0.901797
            491            174          855.2       0.830937       0.901797
            492            289          678.2       0.701199       0.901797
            493             74         1062.2       0.934871       0.901797
            494             75            700       0.903226       0.901797
            495             96          958.8       0.908987       0.901797
            496              8          753.4       0.989493       0.901797
            497            510            190       0.271429       0.297585
            498            686           75.8      0.0995012       0.297585
            499            342          309.6       0.475138       0.297585
            500            529          339.2       0.390693       0.297585
            501            562          276.6       0.329835       0.297585
            502            551          207.8       0.273853       0.297585
            503            334           97.2       0.225417       0.297585
            504            614          259.2       0.296839       0.297585
            505            368           65.4         0.1509       0.297585
            506            452          175.6       0.279796       0.297585
            507            534          194.2       0.266685       0.297585
            508            300            290       0.491525       0.297585
            509            393          292.4       0.426612       0.297585
            510            491           47.8      0.0887157       0.297585
            511            203          691.4       0.773032       0.901797
            512             36         1040.8       0.966568       0.901797
            513             97         1035.6       0.914356       0.901797
            514            162          725.6       0.817485       0.901797
            515            300            539       0.642431       0.901797
            516            301          504.8       0.626458       0.901797
            517            467          232.6       0.332476       0.297585
            518            465             96       0.171123       0.297585
            519            375            431       0.534739       0.297585
            520            116          650.8       0.848722       0.901797
            521            187          778.6       0.806338       0.901797
            522            -46          909.2        1.05329       0.901797
            523            248          515.4       0.675138       0.901797
            524            305            285       0.483051       0.297585
            525            312          368.6       0.541581       0.297585
            526            541          192.8       0.262742       0.297585
            527            312          534.6       0.631467       0.901797
            528             13          966.4       0.986727       0.901797
            529             52         1075.6       0.953884       0.901797
            530             37          706.6       0.950242       0.901797
            531             20           1032       0.980989       0.901797
            532             45            892       0.951974       0.901797
            533             29          989.2       0.971518       0.901797
            534             21          890.8       0.976969       0.901797
            535             91          958.8       0.913317       0.901797
            536            120            950        0.88785       0.901797
            537             86          832.8         0.9064       0.901797
            538             64          841.2       0.929297       0.901797
            539             45            936       0.954128       0.901797
            540            224          783.2       0.777601       0.901797
            541            156          585.8       0.789701       0.901797
            542             50            771       0.939099       0.901797
            543             14          826.2       0.983337       0.901797
            544            312          666.6       0.681177       0.901797
            545            390            390            0.5       0.297585
            546            503          359.4       0.416744       0.297585
            547            550            457       0.453823       0.297585
            548           1054          409.2       0.279661       0.297585
            549           2055            421       0.170032       0.297585
            550            607          236.6       0.280465       0.297585
            551            318          720.4        0.69376       0.297585
            552            331          473.8       0.588718       0.297585
            553            344          340.2       0.497223       0.297585
            554            444          461.2       0.509501       0.297585
            555            468          297.4       0.388555       0.297585
            556            587          235.6       0.286409       0.297585
            557            817          159.6       0.163424       0.297585
            558            257          850.6       0.767967       0.901797
            559            251          601.8       0.705675       0.901797
            560            242          659.6       0.731588       0.901797
            561            301          749.8       0.713552       0.901797
            562             50            814        0.94213       0.901797
            563             69          903.2       0.929027       0.901797
            564             73          918.4       0.926367       0.901797
            565             -7          901.4        1.00783       0.901797
            566            465            550       0.541872       0.297585
            567            647          250.6       0.279189       0.297585
            568            400            615       0.605911       0.901797
            569            137          872.6       0.864303       0.901797
            570            152          739.6        0.82952       0.901797
            571            213          886.4       0.806258       0.901797
            572            186          715.8       0.793746       0.901797
            573            207          759.6       0.785847       0.901797
            574            217          947.6        0.81367       0.901797
            575            497          571.6       0.534905       0.297585
            576            641          249.8       0.280422       0.297585
            577            353          357.4       0.503097       0.297585
            578            482          180.6       0.272563       0.297585
            579            605            157       0.206037       0.297585
            580            298          357.4       0.545316       0.297585
            581            501          131.8       0.208281       0.297585
            582            582          299.6       0.339837       0.297585
            583            181          567.8        0.75828       0.901797
            584             49          610.2       0.925667       0.901797
            585            202          850.6       0.808094       0.901797
            586             -2          973.4        1.00206       0.901797
            587             46          921.8        0.95247       0.901797
            588             68          872.4        0.92769       0.901797
            589            128          652.4       0.835982       0.901797
            590            148          840.4       0.850263       0.901797
            591            181          571.8       0.759564       0.901797
            592            180            734       0.803063       0.901797
            593            313          407.4       0.565519       0.297585
            594            433          260.4       0.375541       0.297585
            595             59          688.2       0.921039       0.901797
            596            -12          905.4        1.01343       0.901797
            597             40            773         0.9508       0.901797
            598             72          975.6       0.931271       0.901797
            599             31          987.8       0.969572       0.901797
            600             91          977.8       0.914858       0.901797
            601            147          866.6       0.854972       0.901797
            602            131          682.8       0.839027       0.901797
            603            408          343.4       0.457014       0.901797
            604            107          737.6       0.873313       0.901797
            605              4          904.2       0.995596       0.901797
            606            145            680       0.824242       0.901797
            607             38          911.4       0.959975       0.901797
            608            111         1024.8       0.902272       0.901797
            609             76          704.8       0.902664       0.901797
            610            156          729.8       0.823888       0.901797
            611            179          769.2       0.811221       0.901797
            612             32          818.6       0.962379       0.901797
            613             85            821       0.906181       0.901797
            614              7          946.6       0.992659       0.901797
            615            196          938.8       0.827282       0.901797
            616            272          200.6        0.42446       0.297585
            617            262          802.6       0.753898       0.901797
            618             57         1030.6       0.947591       0.901797
            619             86          974.8       0.918929       0.901797
            620            374          672.2       0.642516       0.901797
            621            438          251.4       0.364665       0.297585
            622            478          263.4       0.355274       0.297585
            623            536          322.8       0.375873       0.297585
            624            414          328.2       0.442199       0.297585
            625            183          877.4       0.827424       0.901797
            626            179          636.2       0.780422       0.901797
            627            179          666.2       0.788216       0.901797
            628            731          343.8       0.319873       0.297585
            629            532          384.6       0.419594       0.297585
            630            421          122.8       0.225818       0.297585
            631            449          157.2        0.25932       0.297585
            632            574          250.2       0.303567       0.297585
            633            250            505       0.668874       0.901797
            634            121          748.8       0.860888       0.901797
            635             54          777.2       0.935034       0.901797
            636            119          876.2       0.880426       0.901797
            637            213          375.4       0.638001       0.901797
            638            152          700.6       0.821722       0.901797
            639            165            658       0.799514       0.901797
            640            549          451.2        0.45111       0.297585
            641            420            306       0.421488       0.297585
            642            490            119       0.195402       0.297585
            643            671           -0.2   -0.000298151       0.297585
            644            397          348.6       0.467543       0.297585
            645             81          886.8       0.916305       0.901797
            646             44          705.2       0.941271       0.901797
            647              8          863.4       0.990819       0.901797
            648             29          955.2       0.970534       0.901797
            649             19          881.2       0.978894       0.901797
            650             87          931.6       0.914589       0.901797
            651             41          842.8       0.953609       0.901797
            652             50            890       0.946809       0.901797
            653             27          763.6       0.965849       0.901797
            654             40            789       0.951749       0.901797
            655            180            566       0.758713       0.901797
            656            762          273.6       0.264195       0.297585
            657            437          219.6        0.33445       0.297585
            658            392          221.6       0.361147       0.297585
            659            380            347       0.477304       0.297585
            660            349          522.2       0.599403       0.297585
            661            295            399       0.574928       0.297585
            662            503          313.4        0.38388       0.297585
            663            348          324.4       0.482451       0.297585
            664            185            449       0.708202       0.901797
            665            250            673       0.729144       0.901797
            666            327          321.6       0.495837       0.297585
            667            326          448.8       0.579246       0.297585
            668            315            511       0.618644       0.297585
            669            356          444.8       0.555445       0.297585
            670            341          185.8       0.352696       0.297585
            671            457          220.6       0.325561       0.297585
            672            431          142.8       0.248867       0.297585
            673            483           32.4      0.0628638       0.297585
            674            308          199.4       0.392984       0.297585
            675             66          620.8       0.903902       0.901797
            676            174          547.2       0.758735       0.901797
            677            333           92.4       0.217207       0.297585
            678            261           71.8       0.215745       0.297585
            679            220             14      0.0598291       0.297585
            680            427          148.6       0.258165       0.297585
            681            333          326.4       0.494995       0.297585
            682            351          263.8       0.429083       0.297585
            683            375             41      0.0985577       0.297585
            684            471           90.8       0.161623       0.297585
            685            427           71.6       0.143602       0.297585
            686            475            190       0.285714       0.297585
            687            386          164.8       0.299201       0.297585
            688            152          318.6       0.677008       0.901797
            689             28          599.4       0.955371       0.901797
            690             49          513.2       0.912842       0.901797
            691             35            645       0.948529       0.901797
            692             63          729.4       0.920495       0.901797
            693            251          343.8       0.578009       0.297585
            694            394           27.2      0.0645774       0.297585
            695            440             28      0.0598291       0.297585
            696            449          190.2       0.297559       0.297585
            697            323          235.4       0.421562       0.297585
            698              4          576.2       0.993106       0.901797
            699             15            715       0.979452       0.901797
            700             24          698.2       0.966768       0.901797
            701            237          291.6       0.551646       0.297585
            702            360             27      0.0697674       0.297585
            703            485             36      0.0690979       0.297585
            704            431          125.8       0.225934       0.297585
            705            549          124.2       0.184492       0.297585
            706            249          314.2       0.557884       0.297585
            707            227          345.6       0.603563       0.297585
            708            394          102.2       0.205965       0.297585
            709            357          227.6       0.389326       0.297585
            710            472          106.6       0.184238       0.297585
            711            343          193.4       0.360552       0.297585
            712            482           95.6       0.165512       0.297585
            713            364          179.2       0.329897       0.297585
            714             82          685.6       0.893174       0.901797
            715             41          657.8       0.941328       0.901797
            716            142          781.6       0.846254       0.901797
            717            -15            739        1.02072       0.901797
            718             27          771.6       0.966191       0.901797
            719             68          623.4       0.901649       0.901797
            720            242          760.6       0.758628       0.901797
            721            193          564.4       0.745181       0.901797
            722            326          409.8       0.556945       0.297585
            723            296          236.8       0.444444       0.297585
            724            373          -24.6     -0.0706085       0.297585
            725            309          113.2       0.268119       0.297585
            726            255             86       0.252199       0.297585
            727            375            140       0.271845       0.297585
            728            346          105.8       0.234174       0.297585
            729            284          124.2       0.304263       0.297585
            730            356           94.8       0.210293       0.297585
            731            372           66.6       0.151847       0.297585
            732            470            127        0.21273       0.297585
            733            405             69        0.14557       0.297585
            734            150            408       0.731183       0.901797
            735            167          287.6       0.632644       0.901797
            736            410            159       0.279438       0.297585
            737            310            189       0.378758       0.297585
            738             96          488.8       0.835841       0.901797
            739            289          254.2       0.467968       0.297585
            740            324          165.2       0.337694       0.297585
            741            433          233.4        0.35024       0.297585
            742            415            104       0.200385       0.297585
            743            404          189.2       0.318948       0.297585
            744            223          191.4       0.461873       0.297585
            745            327          335.6        0.50649       0.297585
            746            -37          625.4        1.06288       0.901797
            747             27          576.6       0.955268       0.901797
            748            -27          615.4        1.04589       0.901797
            749            -26          543.2        1.05027       0.901797
            750            -33          570.6        1.06138       0.901797
            751             68          685.4       0.909743       0.901797
            752             22          516.6       0.959153       0.901797
            753             66          620.8       0.903902       0.901797
            754            303          180.4        0.37319       0.297585
            755            264          152.2        0.36569       0.297585
            756            -43          539.6        1.08659       0.901797
            757             54          688.2       0.927243       0.901797
            758            293          108.4       0.270055       0.297585
            759            336          275.8       0.450801       0.297585
            760            338           65.4       0.162122       0.297585
            761            218          105.4       0.325912       0.297585
            762            311           53.8       0.147478       0.297585
            763            296          171.8       0.367251       0.297585
            764            324           54.2        0.14331       0.297585
            765            243          111.4       0.314334       0.297585
            766            252          342.6       0.576186       0.297585
            767            270            280       0.509091       0.297585
            768            133          680.4       0.836489       0.901797
            769            268          500.4       0.651223       0.901797
            770            271          159.8       0.370938       0.297585
            771             99          349.2       0.779116       0.901797
            772             -3          577.6        1.00522       0.901797
            773             52          576.6       0.917276       0.901797
            774            -15            524        1.02947       0.901797
            775             71          477.8       0.870627       0.901797
            776              2          600.6       0.996681       0.901797
            777              8          817.4       0.990308       0.901797
            778             90            592       0.868035       0.901797
            779            108          529.4       0.830562       0.901797
            780             16          692.8       0.977427       0.901797
            781             35            702        0.95251       0.901797
            782             70            712       0.910486       0.901797
            783             -3          571.6        1.00528       0.901797
            784            138          420.4       0.752865       0.901797
            785            271           60.8       0.183243       0.297585
            786            196          345.8       0.638243       0.901797
            787             80            474       0.855596       0.901797
            788             23          587.4        0.96232       0.901797
            789             66          626.8       0.904734       0.901797
            790            173          595.4       0.774857       0.901797
            791             -8          700.6        1.01155       0.901797
            792            158          464.4       0.746144       0.901797
            793              6          631.8       0.990593       0.901797
            794             44          481.2       0.916222       0.901797
            795            -55            802        1.07363       0.901797
            796            256          220.8       0.463087       0.297585
            797            304           63.2       0.172113       0.297585
            798            138          515.4       0.788797       0.901797
            799            401           68.8       0.146445       0.297585
            800            386          170.8       0.306753       0.297585
            801            538           95.4       0.150616       0.297585
            802            469          120.2       0.204005       0.297585
            803            221          298.8       0.574836       0.297585
            804             87          584.6       0.870459       0.901797
            805            -16          628.2        1.02614       0.901797
            806             28          618.4       0.956683       0.901797
            807             36          664.8        0.94863       0.901797
            808             42          462.6       0.916766       0.901797
            809             97          662.6       0.872301       0.901797
            810            280            261        0.48244       0.297585
            811            301          116.8        0.27956       0.297585
            812            564          242.2       0.300422       0.297585
            813            398          130.4       0.246783       0.297585
            814            558           67.4       0.107771       0.297585
            815            306          128.8       0.296228       0.297585
            816            353           72.4       0.170193       0.297585
            817            342           87.6       0.203911       0.297585
            818            413          138.4       0.250997       0.297585
            819            292          -16.4     -0.0595065       0.297585
            820            464           33.2      0.0667739       0.297585
            821            269          153.2       0.362861       0.297585
            822            -41          663.2         1.0659       0.901797
            823            100            601       0.857347       0.901797
            824            172          417.6       0.708277       0.901797
            825            370             61       0.141531       0.297585
            826            382          148.6        0.28006       0.297585
            827            347          131.6       0.274969       0.297585
            828            365            -29     -0.0863095       0.297585
            829            648          143.4       0.181198       0.297585
            830            267          138.6       0.341716       0.297585
            831            350            122       0.258475       0.297585
            832            360             97       0.212254       0.297585
            833            311           67.8       0.178986       0.297585
            834            322            7.6      0.0230583       0.297585
            835            417          111.6       0.211124       0.297585
            836            365             62       0.145199       0.297585
            837            366          209.8       0.364363       0.297585
            838            360             56       0.134615       0.297585
            839            389          224.2       0.365623       0.297585
            840            145            667       0.821429       0.901797
            841            -53          660.6        1.08723       0.901797
            842             72          504.6        0.87513       0.901797
            843             54          428.2       0.888013       0.901797
            844            -27          589.4        1.04801       0.901797
            845             26          446.8       0.945008       0.901797
            846             19          631.2       0.970778       0.901797
            847            201          496.8       0.711952       0.901797
            848            309           26.2      0.0781623       0.297585
            849            394          103.2       0.207562       0.297585
            850            290             58       0.166667       0.297585
            851            345             19      0.0521978       0.297585
            852            162          168.6       0.509982       0.297585
            853            402           27.6      0.0642458       0.297585
            854            237          140.6       0.372352       0.297585
            855            166          472.8       0.740138       0.297585
            856            316          129.8       0.291162       0.297585
            857            308          192.4       0.384492       0.297585
            858            411          143.8       0.259193       0.297585
            859            329          124.2       0.274051       0.297585
            860            258          422.4       0.620811       0.297585
            861            368          219.4        0.37351       0.297585
            862            389          197.2       0.336404       0.297585
            863            325            268       0.451939       0.297585
            864             12          552.6       0.978746       0.901797
            865              3          752.4       0.996029       0.901797
            866            348          267.4       0.434514       0.297585
            867            398          -14.6     -0.0380803       0.297585
            868            282          178.6       0.387755       0.297585
            869            274           33.2       0.108073       0.297585
            870            475             12      0.0246407       0.297585
            871            181           -2.2     -0.0123043       0.297585
            872             28          289.4       0.911783       0.901797
            873            253          200.4       0.441994       0.297585
            874            332           70.6        0.17536       0.297585
            875            415            147       0.261566       0.297585
            876            205             91       0.307432       0.297585
            877            367           82.6       0.183719       0.297585
            878            343          261.4       0.432495       0.297585
            879            368           59.4        0.13898       0.297585
            880             84          461.2       0.845928       0.901797
            881            -19          474.8        1.04168       0.901797
            882             18          560.4        0.96888       0.901797
            883            240             87       0.266055       0.297585
            884            233          271.4       0.538065       0.297585
            885            332          200.6       0.376643       0.297585
            886            192          379.6       0.664101       0.901797
            887            -19          593.8        1.03305       0.901797
            888            387          132.6       0.255196       0.297585
            889            379           -6.8     -0.0182697       0.297585
            890            223          311.4        0.58271       0.297585
            891            304          237.2       0.438285       0.297585
            892            575            178       0.236388       0.297585
            893            364          159.2       0.304281       0.297585
            894            114          558.2       0.830408       0.901797
            895             41          513.8       0.926099       0.901797
            896            107          605.6       0.849846       0.901797
            897            387          128.6       0.249418       0.297585
            898            211          354.8       0.627077       0.901797
            899            -44          780.8        1.05972       0.901797
            900             35            874       0.961496       0.901797
            901            295            317       0.517974       0.297585
            902            609          209.2       0.255683       0.297585
            903            458          184.4       0.287049       0.297585
            904            230            572       0.713217       0.901797
            905              7          817.6       0.991511       0.901797
            906             81          924.8       0.919467       0.901797
            907             51          720.8       0.933921       0.901797
            908             72         1006.6       0.933247       0.901797
            909            175            343       0.662162       0.901797
            910            324          162.2       0.333608       0.297585
            911             70            499       0.876977       0.901797
            912            161          487.8        0.75185       0.901797
            913             50            761       0.938348       0.901797
            914            181          757.8       0.807201       0.901797
            915             48          708.4       0.936542       0.901797
            916             -9          757.8        1.01202       0.901797
            917            140            670        0.82716       0.901797
            918             98          700.4       0.877255       0.901797
            919             84          785.2       0.903359       0.901797
            920             94          852.2       0.900655       0.901797
            921             32          868.6       0.964468       0.901797
            922            161          758.8       0.824962       0.901797
            923            114          608.2       0.842149       0.901797
            924            277          173.6       0.385264       0.297585
            925            119          825.2       0.873967       0.901797
            926             68          791.4       0.920875       0.901797
            927             35            672       0.950495       0.901797
            928            -22          464.4        1.04973       0.901797
            929            -30            534        1.05952       0.901797
            930             20            736       0.973545       0.901797
            931              2          634.6       0.996858       0.901797
            932             -4          651.8        1.00617       0.901797
            933            -63          610.6        1.11505       0.901797
            934            -18          516.6         1.0361       0.901797
            935             51          430.8       0.894147       0.901797
            936             -6          547.2        1.01109       0.901797
            937             46          527.8       0.919833       0.901797
            938            104          688.2        0.86872       0.901797
            939             79          597.2       0.883171       0.901797
            940            -10            591        1.01721       0.901797
            941             53          678.4       0.927536       0.901797
            942            117          586.6       0.833712       0.901797
            943            542           69.6         0.1138       0.297585
            944            184          381.2       0.674452       0.297585
            945            195            223       0.533493       0.297585
            946            203          348.4       0.631846       0.297585
            947            297          219.6       0.425087       0.297585
            948            290            110          0.275       0.297585
            949            308           55.4       0.152449       0.297585
            950            398          171.4       0.301019       0.297585
            951            194          285.2       0.595159       0.297585
            952            -10            498        1.02049       0.901797
            953             -2          488.4        1.00411       0.901797
            954            -45            689        1.06988       0.901797
            955             21          446.8       0.955109       0.901797
            956             16          401.8       0.961704       0.901797
            957             22          457.6       0.954128       0.901797
            958             26          560.8       0.955692       0.901797
            959             69          498.2        0.87835       0.901797
            960            149          254.2       0.630456       0.901797
            961            328            9.4      0.0278601       0.297585
            962            453          131.4       0.224846       0.297585
            963            631          113.8       0.152793       0.297585
            964            304          568.2       0.651456       0.901797
            965            139          495.2       0.780826       0.901797
            966             51          703.8       0.932432       0.901797
            967             35            610       0.945736       0.901797
            968             42          469.6       0.917905       0.901797
            969             62          721.6       0.920878       0.901797
            970            315             67       0.175393       0.297585
            971            467           53.6       0.102958       0.297585
            972            352           89.6       0.202899       0.297585
            973            337           61.6       0.154541       0.297585
            974             30            470           0.94       0.901797
            975             57          513.6       0.900105       0.901797
            976             13          579.4       0.978055       0.901797
            977             44          401.2       0.901168       0.901797
            978             10            432       0.977376       0.901797
            979             27          578.6       0.955416       0.901797
            980              7          417.6       0.983514       0.901797
            981             76          726.8       0.905331       0.901797
            982             -3          624.6        1.00483       0.901797
            983            143          630.4       0.815102       0.901797
            984            317           14.6       0.044029       0.297585
            985             55            442       0.889336       0.901797
            986             94          636.2       0.871268       0.901797
            987             -9          625.8        1.01459       0.901797
            988             35            534       0.938489       0.901797
            989             18          420.4       0.958942       0.901797
            990             41          316.8       0.885411       0.901797
            991            301          114.8       0.276094       0.297585
            992            172          244.6       0.587134       0.297585
            993            142          307.6       0.684164       0.297585
            994            358           94.4       0.208665       0.297585
            995            235            -59      -0.335227       0.297585
            996            303          104.4       0.256259       0.297585
            997            276          301.8       0.522326       0.297585
            998             54          431.2       0.888706       0.901797
            999             13          472.4       0.973218       0.901797
           1000            -67          455.4         1.1725       0.901797
           1001            159          621.2       0.796206       0.901797
           1002             22          450.6       0.953449       0.901797
           1003             61          523.8       0.895691       0.901797
           1004              7          388.6       0.982305       0.901797
           1005             17          484.6       0.966108       0.901797
           1006             26          611.8       0.959235       0.901797
           1007             58          436.4       0.882686       0.901797
           1008             96          400.8       0.806763       0.901797
