              0            367          150.6       0.290958       0.336335
              1            107          510.6       0.826749       0.881915
              2            331          235.8        0.41602       0.336335
              3            183          383.4       0.676907       0.881915
              4            194          412.2       0.679974       0.881915
              5            333          230.4       0.408946       0.336335
              6            238          160.4        0.40261       0.336335
              7            259          219.2       0.458386       0.336335
              8            255            102       0.285714       0.336335
              9            166          208.8       0.557097       0.336335
             10            257          191.6       0.427107       0.336335
             11            241          180.8       0.428639       0.336335
             12            292          284.6       0.493583       0.336335
             13            195            189       0.492188       0.336335
             14             31          806.8       0.962998       0.881915
             15              4          656.2       0.993941       0.881915
             16             74          697.2       0.904046       0.881915
             17             94          656.2         0.8747       0.881915
             18             53          574.4       0.915524       0.881915
             19            -47          612.4        1.08313       0.881915
             20             87          626.6       0.878083       0.881915
             21             58          796.4       0.932116       0.881915
             22             26          638.8        0.96089       0.881915
             23             19          584.2       0.968501       0.881915
             24             47          490.6       0.912574       0.881915
             25             31          738.8        0.95973       0.881915
             26            149          560.2       0.789904       0.881915
             27             57          669.6       0.921552       0.881915
             28            224          413.2       0.648462       0.881915
             29            454          173.2       0.276148       0.336335
             30            430            219       0.337442       0.336335
             31            358          235.4       0.396697       0.336335
             32            397          189.6       0.323219       0.336335
             33            386           74.8       0.162326       0.336335
             34            367           95.6       0.206658       0.336335
             35            422          237.6       0.360218       0.336335
             36            341          182.8       0.348988       0.336335
             37            221          408.8       0.649095       0.336335
             38            375            115       0.234694       0.336335
             39            238          331.4       0.582016       0.336335
             40            339          136.2       0.286616       0.336335
             41            184          409.2       0.689818       0.881915
             42            156          604.8       0.794953       0.881915
             43             64          789.2       0.924988       0.881915
             44             83          710.4       0.895387       0.881915
             45             73          724.4       0.908452       0.881915
             46              9          548.2       0.983848       0.881915
             47             11          733.8       0.985231       0.881915
             48             62          574.6       0.902608       0.881915
             49             35            666       0.950071       0.881915
             50             48          648.4       0.931074       0.881915
             51             80            485       0.858407       0.881915
             52             41          617.8       0.937766       0.881915
             53             43          825.4       0.950484       0.881915
             54            134          542.2       0.801834       0.881915
             55            129          475.2       0.786495       0.881915
             56            439          161.2       0.268577       0.336335
             57            354          196.2       0.356598       0.336335
             58            383           89.4       0.189246       0.336335
             59            350            134        0.27686       0.336335
             60            326          223.8       0.407057       0.336335
             61            170            659       0.794934       0.881915
             62             69          687.2       0.908754       0.881915
             63            131          581.8       0.816218       0.881915
             64            116          639.8        0.84652       0.881915
             65             -1          635.2        1.00158       0.881915
             66            105            639       0.858871       0.881915
             67            180            442       0.710611       0.881915
             68             59          666.2       0.918643       0.881915
             69            336          299.8       0.471532       0.336335
             70            196          315.8       0.617038       0.336335
             71            386          162.8       0.296647       0.336335
             72            386          230.8       0.374189       0.336335
             73            324          237.2       0.422666       0.336335
             74            381           85.8       0.183805       0.336335
             75            321          356.8       0.526409       0.336335
             76            488          167.4       0.255417       0.336335
             77            332          198.6       0.374293       0.336335
             78            434          231.2       0.347565       0.336335
             79            134          374.2       0.736324       0.881915
             80            226          316.8        0.58364       0.881915
             81             70            529       0.883139       0.881915
             82             76          697.8       0.901783       0.881915
             83             75            576       0.884793       0.881915
             84             16          545.8        0.97152       0.881915
             85             80            504       0.863014       0.881915
             86             43          595.4       0.932644       0.881915
             87             84          664.2       0.887731       0.881915
             88             -6          691.2        1.00876       0.881915
             89             56          553.8       0.908167       0.881915
             90             49          718.2       0.936131       0.881915
             91             92          724.6       0.887338       0.881915
             92             55            590       0.914729       0.881915
             93             51          744.8       0.935914       0.881915
             94            104          508.2       0.830121       0.881915
             95             55            733       0.930203       0.881915
             96             80            686       0.895561       0.881915
             97             41          485.8       0.922172       0.881915
             98             21          487.8       0.958726       0.881915
             99             64          633.2       0.908204       0.881915
            100             80            715       0.899371       0.881915
            101             82          655.6       0.888829       0.881915
            102              8          709.4       0.988849       0.881915
            103            140            791       0.849624       0.881915
            104             45            793       0.946301       0.881915
            105             75            674       0.899866       0.881915
            106             41          668.8       0.942237       0.881915
            107            297          282.6       0.487578       0.336335
            108             96          614.8       0.864941       0.881915
            109             94          609.2       0.866325       0.881915
            110             53          507.4       0.905425       0.881915
            111              1          528.8       0.998112       0.881915
            112            130            622       0.827128       0.881915
            113            150            226       0.601064       0.336335
            114            313          271.4       0.464408       0.336335
            115            382          174.6        0.31369       0.336335
            116            187          408.6       0.686031       0.881915
            117            159          433.2        0.73151       0.881915
            118            191          414.8       0.684714       0.881915
            119            246          202.8       0.451872       0.336335
            120            285            122       0.299754       0.336335
            121            313          204.4       0.395052       0.336335
            122            128          601.4       0.824513       0.881915
            123             36          570.8       0.940672       0.881915
            124             87          745.6       0.895508       0.881915
            125            148          659.4       0.816696       0.881915
            126             30            493       0.942639       0.881915
            127             50            479       0.905482       0.881915
            128             67          451.6       0.870806       0.881915
            129             29          567.2       0.951359       0.881915
            130            112          624.6        0.84795       0.881915
            131             95            530          0.848       0.881915
            132             53          681.4       0.927832       0.881915
            133             85            633       0.881616       0.881915
            134             91          625.8       0.873047       0.881915
            135            112          687.6        0.85993       0.881915
            136             -7          681.4        1.01038       0.881915
            137             74          753.2       0.910542       0.881915
            138             44          563.2       0.927536       0.881915
            139              6          583.8       0.989827       0.881915
            140             85            554        0.86698       0.881915
            141            221          230.8       0.510846       0.336335
            142            343           60.4       0.149727       0.336335
            143            287          214.6       0.427831       0.336335
            144            247          146.6       0.372459       0.336335
            145             28          473.4       0.944156       0.881915
            146              2          625.6       0.996813       0.881915
            147             26          508.8       0.951384       0.881915
            148             45            357        0.88806       0.881915
            149             66          335.8       0.835739       0.881915
            150             73          559.4       0.884567       0.881915
            151            118          566.4       0.827586       0.881915
            152             37          462.6       0.925941       0.881915
            153             66          560.8       0.894703       0.881915
            154            207          455.6       0.687594       0.881915
            155            284          120.2       0.297378       0.336335
            156            261          338.8       0.564855       0.336335
            157             17          626.6       0.973586       0.881915
            158            123          559.4       0.819754       0.881915
            159             99          572.2       0.852503       0.881915
            160             66          626.8       0.904734       0.881915
            161             78          671.4       0.895917       0.881915
            162            104          758.2       0.879378       0.881915
            163            273          217.4       0.443312       0.336335
            164            317          106.6       0.251653       0.336335
            165             93          402.4       0.812273       0.881915
            166             78          415.4       0.841913       0.881915
            167             39          606.2       0.939554       0.881915
            168            324          301.2       0.481766       0.336335
            169            178          659.4       0.787437       0.881915
            170            147          659.6       0.817754       0.881915
            171            112          553.6       0.831731       0.881915
            172             72          642.6       0.899244       0.881915
            173             11          665.8       0.983747       0.881915
            174             71          519.8       0.879824       0.881915
            175              8          611.4       0.987084       0.881915
            176            126          679.8       0.843634       0.881915
            177             78          510.4       0.867437       0.881915
            178            393          106.4       0.213056       0.336335
            179            136          461.8       0.772499       0.881915
            180             54          677.2       0.926149       0.881915
            181            118          445.4       0.790557       0.881915
            182             86          645.8       0.882482       0.881915
            183             44          509.2       0.920463       0.881915
            184             47          666.6       0.934137       0.881915
            185            283          247.4        0.46644       0.336335
            186            127          388.6       0.753685       0.881915
            187             25            472       0.949698       0.881915
            188             92          480.6       0.839329       0.881915
            189            119          674.2       0.849975       0.881915
            190            135            617       0.820479       0.881915
            191            107          546.6       0.836291       0.881915
            192             30            534       0.946809       0.881915
            193            250            272       0.521073       0.336335
            194            472           43.6      0.0845617       0.336335
            195            283          151.4       0.348527       0.336335
            196            368          171.4        0.31776       0.336335
            197            374          209.2       0.358711       0.336335
            198            282          136.6       0.326326       0.336335
            199            117          373.6       0.761517       0.881915
            200             19          478.2       0.961786       0.881915
            201             74          629.2       0.894767       0.881915
            202            416          130.8        0.23921       0.336335
            203            340            114       0.251101       0.336335
            204            293          153.4       0.343638       0.336335
            205            122          597.6       0.830461       0.881915
            206             32          581.6       0.947849       0.881915
            207            188          405.4       0.683182       0.881915
            208            280             55       0.164179       0.336335
            209            206          491.8       0.704786       0.881915
            210            397          366.6       0.480094       0.336335
            211            194          597.2       0.754803       0.881915
            212            199          330.2       0.623961       0.881915
            213            348          199.4       0.364267       0.336335
            214            345            207          0.375       0.336335
            215            379          289.2       0.432805       0.336335
            216            144          140.2       0.493315       0.336335
            217            341          404.8       0.542773       0.336335
            218             38          651.4        0.94488       0.881915
            219            293          221.4       0.430404       0.336335
            220            298          198.4       0.399678       0.336335
            221            426          181.8       0.299112       0.336335
            222            369          111.2        0.23157       0.336335
            223            255            196        0.43459       0.336335
            224             92          757.6       0.891714       0.881915
            225            110            784       0.876957       0.881915
            226             48          676.4       0.933738       0.881915
            227             95            845       0.898936       0.881915
            228             33          647.4       0.951499       0.881915
            229             -2          619.4        1.00324       0.881915
            230            102          629.6        0.86058       0.881915
            231            325            164       0.335378       0.336335
            232            174          264.2       0.602921       0.336335
            233              5            608       0.991843       0.881915
            234             37          524.6       0.934117       0.881915
            235            -25            841        1.03064       0.881915
            236             35            720       0.953642       0.881915
            237             24          673.2       0.965577       0.881915
            238             35            691       0.951791       0.881915
            239            349          228.2       0.395357       0.336335
            240             50            840        0.94382       0.881915
            241            106          522.8       0.831425       0.881915
            242             80            693       0.896507       0.881915
            243            140            625       0.816993       0.881915
            244             46          728.8        0.94063       0.881915
            245            162          436.6       0.729369       0.881915
            246            105            593        0.84957       0.881915
            247            307          367.6       0.544916       0.336335
            248            357           81.6       0.186047       0.336335
            249            399           88.2       0.181034       0.336335
            250            306          130.8       0.299451       0.336335
            251            320             60       0.157895       0.336335
            252            267          202.6       0.431431       0.336335
            253            375            168       0.309392       0.336335
            254            380            144       0.274809       0.336335
            255            216          280.8       0.565217       0.336335
            256            317          230.6        0.42111       0.336335
            257            303          198.4       0.395692       0.336335
            258              3          643.4       0.995359       0.881915
            259            222          446.6       0.667963       0.881915
            260             95            599       0.863112       0.881915
            261             86          419.8       0.829972       0.881915
            262             83          501.4       0.857974       0.881915
            263             32          678.6       0.954968       0.881915
            264            247          536.6       0.684788       0.881915
            265            137          476.6       0.776728       0.881915
            266            302          403.6       0.571995       0.336335
            267            316          246.8       0.438522       0.336335
            268            111          413.8       0.788491       0.881915
            269             53          696.4       0.929277       0.881915
            270            126          816.8       0.866356       0.881915
            271            113          561.4       0.832444       0.881915
            272             78          695.4       0.899147       0.881915
            273             97          704.6       0.878992       0.881915
            274             97          634.6       0.867414       0.881915
            275            138          735.4       0.841997       0.881915
            276             40            433       0.915433       0.881915
            277             61          660.8       0.915489       0.881915
            278             31          541.8        0.94588       0.881915
            279             81          673.8       0.892687       0.881915
            280            360            357       0.497908       0.336335
            281             97          763.6       0.887288       0.881915
            282             98         1166.4       0.922493       0.881915
            283             38          693.4       0.948045       0.881915
            284             47          604.6        0.92787       0.881915
            285            119          409.2       0.774707       0.881915
            286             86          534.8       0.861469       0.881915
            287            130            748       0.851936       0.881915
            288             92          822.6        0.89941       0.881915
            289            395            221       0.358766       0.336335
            290            361          252.8       0.411861       0.336335
            291             87          714.6       0.891467       0.881915
            292             90            765       0.894737       0.881915
            293             97          631.6       0.866868       0.881915
            294            200            526       0.724518       0.881915
            295             71          660.8       0.902979       0.881915
            296            102          637.6       0.862088       0.881915
            297            334          288.2       0.463195       0.336335
            298             86          652.8       0.883595       0.881915
            299             61          774.8       0.927016       0.881915
            300             66          626.8       0.904734       0.881915
            301            106          717.8       0.871328       0.881915
            302            125            378       0.751491       0.881915
            303            321          235.8       0.423491       0.336335
            304            110            663       0.857697       0.881915
            305             90            700       0.886076       0.881915
            306             77          611.6       0.888179       0.881915
            307             12          654.6       0.981998       0.881915
            308            192          447.6       0.699812       0.881915
            309            317          150.6        0.32207       0.336335
            310             76          634.8       0.893078       0.881915
            311             93          647.4       0.874392       0.881915
            312            276          290.8       0.513056       0.336335
            313            336          130.8       0.280206       0.336335
            314            162          314.6       0.660092       0.881915
            315             20            665       0.970803       0.881915
            316            327          400.6       0.550577       0.336335
            317            309           71.2        0.18727       0.336335
            318            481          282.8       0.370254       0.336335
            319            176          436.8       0.712794       0.881915
            320            225            327       0.592391       0.336335
            321            335            102        0.23341       0.336335
            322             43          562.4       0.928973       0.881915
            323            146          363.8       0.713613       0.881915
            324             24          646.2        0.96419       0.881915
            325            237          328.6       0.580976       0.336335
            326            268          162.4       0.377323       0.336335
            327            400            177       0.306759       0.336335
            328            303          161.4       0.347545       0.336335
            329            288          419.4       0.592875       0.336335
            330            100            477        0.82669       0.881915
            331            314          228.2       0.420878       0.336335
            332            360            220        0.37931       0.336335
            333            354          215.2       0.378074       0.336335
            334             32          566.6       0.946542       0.881915
            335             19          708.2       0.973872       0.881915
            336            163          439.4       0.729416       0.881915
            337            326          229.8       0.413458       0.336335
            338            322           99.6       0.236243       0.336335
            339            310             25      0.0746269       0.336335
            340            100            334       0.769585       0.881915
            341             55            625       0.919118       0.881915
            342            327          231.6       0.414608       0.336335
            343            259          187.2       0.419543       0.336335
            344            346          110.8       0.242557       0.336335
            345            194          400.2       0.673511       0.881915
            346            182          439.6       0.707207       0.881915
            347            430             12      0.0271493       0.336335
            348            158          565.4       0.781587       0.881915
            349            250            104       0.293785       0.336335
            350            362          160.6        0.30731       0.336335
            351            305             81       0.209845       0.336335
            352             92          480.6       0.839329       0.881915
            353             63          528.4       0.893473       0.881915
            354            239          500.2       0.676677       0.881915
            355             60            629       0.912917       0.881915
            356            106          497.8       0.824445       0.881915
            357             29          666.2       0.958285       0.881915
            358            234           62.2       0.209993       0.336335
            359            189          329.2       0.635276       0.336335
            360            389           65.2       0.143549       0.336335
            361            330            118       0.263393       0.336335
            362            382           45.6       0.106642       0.336335
            363            308          190.4       0.382022       0.336335
            364            416           49.8       0.106913       0.336335
            365             39          534.2       0.931961       0.881915
            366            247          227.6       0.479562       0.336335
            367            202          343.6       0.629765       0.336335
            368            227          124.6        0.35438       0.336335
            369            312          316.6       0.503659       0.336335
            370            254            3.2      0.0124417       0.336335
            371            195            246       0.557823       0.336335
            372             34          649.2       0.950234       0.881915
            373             59          664.2       0.918418       0.881915
            374            408           77.4       0.159456       0.336335
            375            358          300.4       0.456258       0.336335
            376            312           17.6      0.0533981       0.336335
            377            378           94.4       0.199831       0.336335
            378            161          434.8       0.729775       0.881915
            379             59          690.2       0.921249       0.881915
            380             66          610.8       0.902482       0.881915
            381            235            396       0.627575       0.881915
            382            286           80.8       0.220284       0.336335
            383            398           34.4       0.079556       0.336335
            384            252          224.6       0.471255       0.336335
            385            340            -48      -0.164384       0.336335
            386            322          123.6       0.277379       0.336335
            387            377          295.6       0.439489       0.336335
            388            268          341.4       0.560223       0.336335
            389            153          529.4       0.775791       0.881915
            390             66          666.8       0.909934       0.881915
            391             78          655.4       0.893646       0.881915
            392            119          758.2       0.864341       0.881915
            393             48          581.4       0.923737       0.881915
            394             33          599.4       0.947818       0.881915
            395             30            593       0.951846       0.881915
            396            105            623       0.855769       0.881915
            397            171          322.8       0.653706       0.881915
            398            504          146.2       0.224854       0.336335
            399            268          163.4       0.378767       0.336335
            400            364          281.2       0.435834       0.336335
            401            247           15.6      0.0594059       0.336335
            402            470             95       0.168142       0.336335
            403             91          572.8       0.862911       0.881915
            404             28          639.4       0.958046       0.881915
            405             96          669.8       0.874641       0.881915
            406            -19          767.8        1.02537       0.881915
            407            172          685.6        0.79944       0.881915
            408            384           92.2       0.193616       0.336335
            409            331          111.8       0.252484       0.336335
            410            153          473.4       0.755747       0.881915
            411            232          242.6       0.511167       0.336335
            412            181          556.8       0.754676       0.881915
            413            235            151       0.391192       0.336335
            414            294          122.2       0.293609       0.336335
            415            277          197.6       0.416351       0.336335
            416             70            432       0.860558       0.881915
            417            250            408       0.620061       0.881915
            418            368          206.4       0.359331       0.336335
            419            285            230       0.446602       0.336335
            420            343          407.4        0.54291       0.336335
            421            123          568.4         0.8221       0.881915
            422             12          658.6       0.982106       0.881915
            423             66          585.8       0.898742       0.881915
            424             40            500       0.925926       0.881915
            425            278          239.4       0.462698       0.336335
            426            312          194.6       0.384129       0.336335
            427              4          658.2        0.99396       0.881915
            428             53          602.4       0.919133       0.881915
            429             76          622.8       0.891242       0.881915
            430             18          733.4       0.976045       0.881915
            431             79          573.2       0.878872       0.881915
            432             26          799.8       0.968515       0.881915
            433            -24          681.8        1.03649       0.881915
            434            141          758.8       0.843299       0.881915
            435             16          747.8       0.979052       0.881915
            436            130            625       0.827815       0.881915
            437              2          821.6       0.997572       0.881915
            438             52          538.6       0.911954       0.881915
            439             80            727       0.900867       0.881915
            440            114          720.2       0.863342       0.881915
            441             66          548.8       0.892648       0.881915
            442            133          659.4       0.832155       0.881915
            443            155            489       0.759317       0.881915
            444            418          241.4        0.36609       0.336335
            445            359          181.2       0.335431       0.336335
            446            390            167        0.29982       0.336335
            447            257          -49.4      -0.237958       0.336335
            448            345            206       0.373866       0.336335
            449            232          125.6        0.35123       0.336335
            450            178          342.4       0.657955       0.881915
            451             57          762.6       0.930454       0.881915
            452             38          578.4       0.938352       0.881915
            453            144          523.2       0.784173       0.881915
            454            133          570.4       0.810918       0.881915
            455            112          749.6       0.870009       0.881915
            456            214          398.2       0.650441       0.881915
            457            211          120.8       0.364075       0.336335
            458            326          241.8       0.425854       0.336335
            459            457           74.6       0.140331       0.336335
            460            383          222.4        0.36736       0.336335
            461            109          514.2       0.825096       0.881915
            462             68          628.4       0.902355       0.881915
            463             89          605.2       0.871795       0.881915
            464             20            822       0.976247       0.881915
            465             99          521.2       0.840374       0.881915
            466             26          612.8       0.959299       0.881915
            467             33          593.4       0.947318       0.881915
            468             62          501.6       0.889993       0.881915
            469            109          583.2       0.842531       0.881915
            470            230            136       0.371585       0.336335
            471            278          147.4       0.346497       0.336335
            472            164          456.2       0.735569       0.881915
            473            393          164.4       0.294941       0.336335
            474            459          134.2       0.226231       0.336335
            475            182          516.6       0.739479       0.881915
            476            243          289.4       0.543576       0.336335
            477            286          296.8       0.509266       0.336335
            478            206          274.8       0.571547       0.336335
            479            301          150.8       0.333776       0.336335
            480            373           14.4      0.0371709       0.336335
            481            120            385       0.762376       0.881915
            482             77          592.6       0.885006       0.881915
            483             55            701       0.927249       0.881915
            484             77          486.6       0.863378       0.881915
            485             48          660.4       0.932242       0.881915
            486             70            589       0.893778       0.881915
            487            426          179.8       0.296798       0.336335
            488            366           65.8       0.152385       0.336335
            489            219          393.2       0.642274       0.881915
            490             70            681       0.906791       0.881915
            491            311          239.8       0.435367       0.336335
            492             99          652.2       0.868211       0.881915
            493            116          632.8       0.845085       0.881915
            494            267          334.6       0.556184       0.336335
            495            343          118.4        0.25661       0.336335
            496            183          489.4       0.727841       0.881915
            497            -17          630.4        1.02771       0.881915
            498             58          743.4       0.927627       0.881915
            499             39          674.2       0.945317       0.881915
            500            115            645       0.848684       0.881915
            501             81          747.8       0.902268       0.881915
            502            351          153.8       0.304675       0.336335
            503            488           39.4      0.0747061       0.336335
            504            172          440.6        0.71923       0.881915
            505            350            115       0.247312       0.336335
            506            375             90       0.193548       0.336335
            507            368           -9.6     -0.0267857       0.336335
            508            168          299.4       0.640565       0.336335
            509            382          169.6       0.307469       0.336335
            510            400             86       0.176955       0.336335
            511            411           -1.2    -0.00292826       0.336335
            512            291          313.8       0.518849       0.336335
            513            376          146.8       0.280796       0.336335
            514            335            180       0.349515       0.336335
            515             37          854.6       0.958502       0.881915
            516            168          694.4       0.805195       0.881915
            517             67          730.6       0.915998       0.881915
            518            224          581.2       0.721808       0.881915
            519            194          576.2       0.748117       0.881915
            520            206          337.8       0.621184       0.881915
            521            479          187.2       0.280997       0.336335
            522            334          244.2       0.422345       0.336335
            523            218          224.4       0.507233       0.336335
            524            295             63       0.175978       0.336335
            525            230            404       0.637224       0.881915
            526             95            539       0.850158       0.881915
            527             34          610.2       0.947221       0.881915
            528             61          621.8       0.910662       0.881915
            529             80            750       0.903614       0.881915
            530            181          763.8       0.808425       0.881915
            531            342          251.6       0.423854       0.336335
            532            135            513       0.791667       0.881915
            533             92          674.6        0.87999       0.881915
            534            -29          753.8        1.04001       0.881915
            535            186          508.8       0.732297       0.881915
            536             70            488       0.874552       0.881915
            537            351          234.8       0.400819       0.336335
            538            108          533.4       0.831618       0.881915
            539             22          683.6       0.968821       0.881915
            540            360             22      0.0575916       0.336335
            541            346          212.8       0.380816       0.336335
            542             53          561.4       0.913737       0.881915
            543             30            724       0.960212       0.881915
            544            106          576.8       0.844757       0.881915
            545             76          697.8       0.901783       0.881915
            546             67          770.6        0.92001       0.881915
            547            183          476.4       0.722475       0.881915
            548            304          267.2       0.467787       0.336335
            549            385            111        0.22379       0.336335
            550            325            114       0.259681       0.336335
            551            152          499.6       0.766728       0.881915
            552            116          709.8        0.85953       0.881915
            553            359           24.2      0.0631524       0.336335
            554            192          719.6       0.789381       0.881915
            555             20            663       0.970717       0.881915
            556             90            895       0.908629       0.881915
            557            111          562.8       0.835263       0.881915
            558            198          345.4       0.635628       0.881915
            559            168          577.4       0.774618       0.881915
            560             84          749.2       0.899184       0.881915
            561             91          499.8       0.845972       0.881915
            562            137          545.6       0.799297       0.881915
            563             52          626.6       0.923372       0.881915
            564            310            321       0.508716       0.336335
            565            278           56.4        0.16866       0.336335
            566             10            791       0.987516       0.881915
            567            180            494       0.732938       0.881915
            568            296          172.8       0.368601       0.336335
            569            378           38.4       0.092219       0.336335
            570            322          287.6       0.471785       0.336335
            571            247          171.6       0.409938       0.336335
            572            270            121       0.309463       0.336335
            573            257          181.6       0.414045       0.336335
            574            280             46       0.141104       0.336335
            575            330            111       0.251701       0.336335
            576            245             63       0.204545       0.336335
            577             47          175.6       0.788859       0.881915
            578             57          161.6        0.73925       0.881915
            579            111          608.8        0.84579       0.881915
            580             71          687.8       0.906431       0.881915
            581             46          643.8       0.933314       0.881915
            582            126          648.8       0.837377       0.881915
            583            231          324.8       0.584383       0.881915
            584             38          831.4       0.956292       0.881915
            585            286          278.8       0.493626       0.336335
            586            212          365.6       0.632964       0.881915
            587             80            641       0.889043       0.881915
            588            159          531.2       0.769632       0.881915
            589            277           84.6        0.23396       0.336335
            590            264          125.2       0.321686       0.336335
            591            339          144.2       0.298427       0.336335
            592            327          217.6       0.399559       0.336335
            593            251          299.8       0.544299       0.336335
            594            117          658.6       0.849149       0.881915
            595            143          654.4       0.820667       0.881915
            596             82          562.6       0.872789       0.881915
            597            101          672.8       0.869475       0.881915
            598             68          617.4       0.900788       0.881915
            599            156          558.8       0.781757       0.881915
            600             21          633.8       0.967929       0.881915
            601             66          590.8       0.899513       0.881915
            602            108          597.4       0.846895       0.881915
            603             95            455       0.827273       0.881915
            604            309          107.2       0.257568       0.336335
            605            146          532.8       0.784915       0.881915
            606            116          705.8       0.858846       0.881915
            607            105            571       0.844675       0.881915
            608             30            694       0.958564       0.881915
            609             33          546.4       0.943045       0.881915
            610             53          571.4       0.915119       0.881915
            611             99          522.2       0.840631       0.881915
            612            171          359.8       0.677845       0.881915
            613            384           40.2      0.0947666       0.336335
            614            111          462.8       0.806553       0.881915
            615            132          716.6        0.84445       0.881915
            616             63          605.4       0.905745       0.881915
            617             61          623.8       0.910923       0.881915
            618            222          332.6       0.599712       0.336335
            619            313          162.4       0.341607       0.336335
            620            252          198.6       0.440746       0.336335
            621            276          115.8       0.295559       0.336335
            622            223          152.4       0.405967       0.336335
            623            226          240.8       0.515853       0.336335
            624            260            329       0.558574       0.336335
            625            125            602       0.828061       0.881915
            626             88          600.4       0.872167       0.881915
            627             65            671       0.911685       0.881915
            628             75            732       0.907063       0.881915
            629            100            723       0.878493       0.881915
            630             37          800.6       0.955826       0.881915
            631            340            474        0.58231       0.336335
            632            293          222.4        0.43151       0.336335
            633            102          613.6       0.857462       0.881915
            634            373          194.4       0.342615       0.336335
            635            349           92.2       0.208976       0.336335
            636            447          211.6       0.321288       0.336335
            637            408           90.4        0.18138       0.336335
            638            442           33.6      0.0706476       0.336335
            639            299          250.2       0.455572       0.336335
            640            296          308.8       0.510582       0.336335
            641            364          114.2       0.238812       0.336335
            642            326          138.8       0.298623       0.336335
            643            177          669.6       0.790928       0.881915
            644            304          261.2       0.462137       0.336335
            645            374          111.2       0.229184       0.336335
            646            298          219.4       0.424043       0.336335
            647            257          405.6       0.612134       0.881915
            648             63          543.4       0.896108       0.881915
            649             36          742.8       0.953775       0.881915
            650             47          782.6       0.943346       0.881915
            651            156          631.8        0.80198       0.881915
            652            308          353.4       0.534321       0.336335
            653             92          862.6       0.903625       0.881915
            654            198          627.4       0.760116       0.881915
            655             75            460       0.859813       0.881915
            656             13          704.4       0.981879       0.881915
            657            158          462.4       0.745326       0.881915
            658             32          629.6       0.951632       0.881915
            659            108          478.4       0.815825       0.881915
            660             99          810.2       0.891113       0.881915
            661            116          555.8        0.82733       0.881915
            662             80            754       0.904077       0.881915
            663             89          692.2       0.886073       0.881915
            664             35            758       0.955864       0.881915
            665             40            546       0.931741       0.881915
            666             19          804.2       0.976919       0.881915
            667             49          761.2       0.939521       0.881915
            668            139          748.2       0.843327       0.881915
            669             78          762.4       0.907187       0.881915
            670            125            766       0.859708       0.881915
            671            295            343       0.537618       0.336335
            672            348          198.4       0.363104       0.336335
            673            297          191.6       0.392141       0.336335
            674            271          296.8       0.522719       0.336335
            675            342          100.6       0.227293       0.336335
            676             14          856.2       0.983912       0.881915
            677             56          703.8       0.926296       0.881915
            678             46          659.8       0.934826       0.881915
            679            293          333.4       0.532248       0.336335
            680            122          678.6       0.847614       0.881915
            681            142          699.6       0.831274       0.881915
            682            130            725       0.847953       0.881915
            683             20            785       0.975155       0.881915
            684             23          842.4       0.973423       0.881915
            685            196          509.8       0.722301       0.881915
            686            297          211.6       0.416044       0.336335
            687            368          156.4       0.298246       0.336335
            688            378          240.4       0.388745       0.336335
            689            354          187.2       0.345898       0.336335
            690            249          437.2       0.637132       0.336335
            691            409          192.2       0.319694       0.336335
            692            359          182.2       0.336659       0.336335
            693            352          184.6       0.344018       0.336335
            694            327          476.6       0.593081       0.336335
            695             49          668.2       0.931679       0.881915
            696            174          772.2       0.816107       0.881915
            697            102          628.6       0.860389       0.881915
            698              9          646.2       0.986264       0.881915
            699             79          617.2       0.886527       0.881915
            700             76          571.8        0.88268       0.881915
            701            156          571.8       0.785655       0.881915
            702            356          130.8       0.268694       0.336335
            703            242          476.6       0.663234       0.881915
            704             82          677.6       0.892048       0.881915
            705             57          768.6       0.930959       0.881915
            706            110            586       0.841954       0.881915
            707             85            737       0.896594       0.881915
            708             96          730.8        0.88389       0.881915
            709            289          132.2       0.313865       0.336335
            710             54          703.2       0.928685       0.881915
            711            110            456       0.805654       0.881915
            712             87          589.6       0.871416       0.881915
            713             95            612       0.865629       0.881915
            714             51          694.8       0.931617       0.881915
            715            242          346.6       0.588855       0.881915
            716            223          544.4       0.709408       0.881915
            717            313          322.4       0.507397       0.336335
            718            402           26.6      0.0620625       0.336335
            719            173          520.4       0.750505       0.881915
            720            375            259       0.408517       0.336335
            721            321          194.8       0.377666       0.336335
            722            179          707.2       0.798014       0.881915
            723            318          171.4       0.350225       0.336335
            724            479          199.2       0.293719       0.336335
            725            300            129       0.300699       0.336335
            726            110            358       0.764957       0.881915
            727            364          244.2       0.401513       0.336335
            728            321          258.8       0.446361       0.336335
            729            347          316.6       0.477095       0.336335
            730            285            459       0.616935       0.336335
            731            416           47.8       0.103062       0.336335
            732            298          246.4       0.452608       0.336335
            733            138          347.4       0.715698       0.881915
            734            112          640.6       0.851183       0.881915
            735             53          639.4       0.923455       0.881915
            736            112          718.6       0.865158       0.881915
            737            292          440.6        0.60142       0.881915
            738            150            670       0.817073       0.881915
            739             24          796.2       0.970739       0.881915
            740            169          561.2       0.768557       0.881915
            741            345            121       0.259657       0.336335
            742            188          579.4       0.755017       0.881915
            743            101          658.8        0.86707       0.881915
            744            121          711.8       0.854707       0.881915
            745            209          397.2       0.655229       0.881915
            746            352           98.6       0.218819       0.336335
            747            361          189.8        0.34459       0.336335
            748            195            617       0.759852       0.881915
            749             93          673.4       0.878653       0.881915
            750             54          633.2        0.92142       0.881915
            751             10            649       0.984825       0.881915
            752             43          563.4        0.92909       0.881915
            753            -10            510           1.02       0.881915
            754             88          509.4       0.852695       0.881915
            755            381          105.8       0.217338       0.336335
            756            222           35.6       0.138199       0.336335
            757            351          259.8       0.425344       0.336335
            758            336          216.8       0.392185       0.336335
            759            219          485.2       0.689009       0.881915
            760             25            620        0.96124       0.881915
            761             74          566.2       0.884411       0.881915
            762             35            612       0.945904       0.881915
            763             23          562.4       0.960711       0.881915
            764             66          652.8        0.90818       0.881915
            765             67          437.6       0.867222       0.881915
            766             86          605.8       0.875687       0.881915
            767            200            206       0.507389       0.336335
            768            235            113       0.324713       0.336335
            769            379           78.2       0.171041       0.336335
            770            395            249       0.386646       0.336335
            771            399           42.2      0.0956482       0.336335
            772            414           74.2       0.151987       0.336335
            773            316          302.8       0.489334       0.336335
            774            457          189.6       0.293226       0.336335
            775            310            179       0.366053       0.336335
            776            418           62.4       0.129892       0.336335
            777            105            382       0.784394       0.881915
            778            -10            578        1.01761       0.881915
            779             51          705.8       0.932611       0.881915
            780             18          791.4       0.977761       0.881915
            781            -11          697.2        1.01603       0.881915
            782             22          678.6       0.968598       0.881915
            783             88          623.4         0.8763       0.881915
            784             76          641.8       0.894121       0.881915
            785             39          703.2       0.947454       0.881915
            786             31          731.8        0.95936       0.881915
            787             61          714.8       0.921371       0.881915
            788            135            599       0.816076       0.881915
            789             39          692.2       0.946663       0.881915
            790             58          715.4       0.925006       0.881915
            791             45            470       0.912621       0.881915
            792             59          722.2       0.924475       0.881915
            793             37          727.6       0.951609       0.881915
            794            184          733.2       0.799389       0.881915
            795             13          647.4       0.980315       0.881915
            796            106          720.8       0.871795       0.881915
            797             -4          674.8        1.00596       0.881915
            798             62          576.6       0.902913       0.881915
            799            245            384       0.610493       0.881915
            800             85            831       0.907205       0.881915
            801            163          548.4       0.770874       0.881915
            802            345            174        0.33526       0.336335
            803            -20            723        1.02845       0.881915
            804              0            598              1       0.881915
            805             -9          741.8        1.01228       0.881915
            806             46          669.8       0.935736       0.881915
            807             37          635.6        0.94499       0.881915
            808            -65            758         1.0938       0.881915
            809            316          289.8       0.478376       0.336335
            810             49          638.2       0.928696       0.881915
            811            202          554.6       0.733016       0.881915
            812             69          676.2       0.907407       0.881915
            813            316          261.8       0.453098       0.336335
            814            310            129        0.29385       0.336335
            815            224          338.2       0.601565       0.336335
            816              4          661.2       0.993987       0.881915
            817            171          412.8       0.707091       0.881915
            818            338          176.4       0.342924       0.336335
            819            379           86.2       0.185297       0.336335
            820            328           21.4      0.0612479       0.336335
            821            328          233.4       0.415746       0.336335
            822            245            455           0.65       0.881915
            823             21          522.8       0.961383       0.881915
            824             54          675.2       0.925946       0.881915
            825             -8          693.6        1.01167       0.881915
            826            114          532.2       0.823584       0.881915
            827            402           67.6       0.143952       0.336335
            828            137          414.6       0.751632       0.881915
            829            124          558.2       0.818235       0.881915
            830             26          714.8       0.964903       0.881915
            831             51          611.8       0.923054       0.881915
            832            154          684.2       0.816273       0.881915
            833             64          745.2        0.92091       0.881915
            834            323           74.4       0.187217       0.336335
            835            336           82.8       0.197708       0.336335
            836            308          192.4       0.384492       0.336335
            837            297          254.6       0.461566       0.336335
            838            322           66.6       0.171384       0.336335
            839             14          778.2       0.982328       0.881915
            840            -18          668.6        1.02767       0.881915
            841             74          609.2       0.891686       0.881915
            842             40            566       0.933993       0.881915
            843             80            576       0.878049       0.881915
            844             50            670       0.930556       0.881915
            845             54          670.2       0.925435       0.881915
            846            216          454.8       0.677996       0.881915
            847            349          117.2       0.251394       0.336335
            848             47          824.6       0.946076       0.881915
            849            197          447.6       0.694384       0.881915
            850            315            126       0.285714       0.336335
            851             79          655.2         0.8924       0.881915
            852            -29          590.8        1.05162       0.881915
            853             32          688.6       0.955593       0.881915
            854            164          368.2       0.691845       0.881915
            855             42          773.6       0.948504       0.881915
            856              2          745.6       0.997325       0.881915
            857            325             89       0.214976       0.336335
            858            314          100.2       0.241912       0.336335
            859            348          128.4       0.269521       0.336335
            860            202          613.6        0.75233       0.881915
            861            111          399.8       0.782694       0.881915
            862             24          856.2       0.972733       0.881915
            863             43          738.4       0.944971       0.881915
            864            106          560.8       0.841032       0.881915
            865             19          541.2       0.966084       0.881915
            866             71          662.8       0.903243       0.881915
            867            -19          554.8        1.03546       0.881915
            868             83          675.4       0.890559       0.881915
            869            129          745.2       0.852437       0.881915
            870             85            620       0.879433       0.881915
            871            250            239       0.488753       0.336335
            872             -1          871.2        1.00115       0.881915
            873             68          584.4       0.895769       0.881915
            874             87          639.6       0.880264       0.881915
            875            101          625.8       0.861035       0.881915
            876             61          925.8       0.938184       0.881915
            877             16          451.8       0.965797       0.881915
            878            304          256.2       0.457337       0.336335
            879            125            721       0.852246       0.881915
            880            426           89.8       0.174098       0.336335
            881            150            490       0.765625       0.881915
            882             41          631.8       0.939061       0.881915
            883            388          170.4       0.305158       0.336335
            884            324          151.2       0.318182       0.336335
            885            -19          642.8        1.03046       0.881915
            886             54          696.2       0.928019       0.881915
            887             23          787.4       0.971619       0.881915
            888             56          630.8       0.918462       0.881915
            889             35            666       0.950071       0.881915
            890             17          597.6        0.97234       0.881915
            891             39          635.2       0.942154       0.881915
            892             42          592.6       0.933817       0.881915
            893             34          691.2       0.953116       0.881915
            894             25            734       0.967062       0.881915
            895            133          666.4       0.833625       0.881915
            896             27          486.6        0.94743       0.881915
            897             49          663.2       0.931199       0.881915
            898             93          590.4       0.863916       0.881915
            899             36          546.8       0.938229       0.881915
            900             42          645.6       0.938918       0.881915
            901            266          332.8       0.555778       0.881915
            902            174          447.2       0.719897       0.881915
            903             16          682.8       0.977104       0.881915
            904             89          681.2       0.884446       0.881915
            905            124          685.2       0.846762       0.881915
            906             88          608.4       0.873636       0.881915
            907            108          792.4       0.880053       0.881915
            908             56          710.8       0.926969       0.881915
            909             69          811.2       0.921609       0.881915
            910            107          700.6       0.867509       0.881915
            911             73          677.4       0.902719       0.881915
            912             21          565.8       0.964213       0.881915
            913             53          674.4       0.927138       0.881915
            914             70            492       0.875445       0.881915
            915            236          423.8       0.642316       0.881915
            916            107          784.6       0.879991       0.881915
            917             46          754.8       0.942557       0.881915
            918             58          623.4       0.914881       0.881915
            919             76          691.8       0.901016       0.881915
            920            310            141       0.312639       0.336335
            921            310            164       0.345992       0.336335
            922            170            698       0.804147       0.881915
            923             42          913.6       0.956049       0.881915
            924             35            747       0.955243       0.881915
            925            128          653.4       0.836191       0.881915
            926            202          248.6       0.551709       0.336335
            927            354          165.2       0.318182       0.336335
            928            177          257.6       0.592729       0.336335
            929             35            784       0.957265       0.881915
            930             94          668.2       0.876673       0.881915
            931             57          888.6       0.939721       0.881915
            932             63          724.4        0.91999       0.881915
            933            151          523.8        0.77623       0.881915
            934            378          167.4       0.306931       0.336335
            935            330             50       0.131579       0.336335
            936            334          115.2       0.256456       0.336335
            937            321          318.8       0.498281       0.336335
            938            377           77.6         0.1707       0.336335
            939            257          171.6       0.400373       0.336335
            940            354          132.2       0.271905       0.336335
            941            166          544.8        0.76646       0.881915
            942            100            803       0.889258       0.881915
            943            425            113       0.210037       0.336335
            944            308          112.4       0.267364       0.336335
            945            323          109.4       0.253006       0.336335
            946            311           57.8       0.156725       0.336335
            947            222          107.6       0.326456       0.336335
            948            357          121.6       0.254074       0.336335
            949            195            399       0.671717       0.881915
            950             22          899.6       0.976128       0.881915
            951            120            655       0.845161       0.881915
            952            342          306.6        0.47271       0.336335
            953            371          126.8       0.254721       0.336335
            954            247          323.6       0.567122       0.336335
            955             11          723.8        0.98503       0.881915
            956            341           93.8       0.215731       0.336335
            957            324          344.2       0.515115       0.336335
            958            -35            673        1.05486       0.881915
            959            214          406.2        0.65495       0.881915
            960            241          178.8       0.425917       0.336335
            961            350            320       0.477612       0.336335
            962            350            134        0.27686       0.336335
            963            376          335.8       0.471762       0.336335
            964             35            913        0.96308       0.881915
            965            -19          805.8        1.02415       0.881915
            966            123          510.4        0.80581       0.881915
            967            -31          672.2        1.04835       0.881915
            968              5            688       0.992785       0.881915
            969             96          672.8        0.87513       0.881915
            970            234          508.2       0.684721       0.881915
            971            243          106.4       0.304522       0.336335
            972            277           86.6       0.238174       0.336335
            973            263           47.4       0.152706       0.336335
            974            302           29.6      0.0892642       0.336335
            975            359          257.2       0.417397       0.336335
            976            305            140       0.314607       0.336335
            977            292           80.6       0.216318       0.336335
            978            367          146.6       0.285436       0.336335
            979            337          175.6       0.342567       0.336335
            980             56          645.8       0.920205       0.881915
            981             59          679.2       0.920076       0.881915
            982             85            677       0.888451       0.881915
            983             81          688.8       0.894778       0.881915
            984             36          589.8       0.942474       0.881915
            985            158          475.4       0.750553       0.881915
            986             30            696       0.958678       0.881915
            987            -16          758.2        1.02156       0.881915
            988             30            707       0.959294       0.881915
            989             36          630.8       0.946011       0.881915
            990            215            252       0.539615       0.336335
            991            274          313.2       0.533379       0.336335
            992             98          704.4       0.877866       0.881915
            993             88          643.4       0.879683       0.881915
            994             12          699.6       0.983137       0.881915
            995             82          653.6       0.888526       0.881915
            996            257          536.6       0.676159       0.881915
            997            133          766.4       0.852124       0.881915
            998             77          821.6       0.914311       0.881915
            999            107          794.6       0.881322       0.881915
           1000             91          834.8       0.901707       0.881915
           1001            188          807.4       0.811131       0.881915
           1002             37          807.6       0.956192       0.881915
           1003             74          755.2       0.910757       0.881915
           1004            -21          680.2        1.03186       0.881915
           1005            149          270.2       0.644561       0.881915
           1006            324          183.2       0.361199       0.336335
           1007            363          160.4       0.306458       0.336335
           1008            346          210.8       0.378592       0.336335
           1009             19          748.2       0.975235       0.881915
           1010             15            859       0.982838       0.881915
           1011            107          670.6       0.862397       0.881915
           1012            161          517.8       0.762817       0.881915
           1013            304          125.2       0.291705       0.336335
           1014            394           14.2      0.0347869       0.336335
           1015            110            658       0.856771       0.881915
           1016             -2          655.4        1.00306       0.881915
           1017             70            362       0.837963       0.881915
           1018             58          715.4       0.925006       0.881915
           1019            -15            661        1.02322       0.881915
           1020            308          267.4        0.46472       0.336335
           1021            313           87.4       0.218282       0.336335
           1022             51          531.8       0.912491       0.881915
           1023             72          815.6       0.918882       0.881915
           1024            202          399.6       0.664229       0.881915
           1025            359           48.2       0.118369       0.336335
           1026            322          363.6       0.530338       0.336335
           1027             95            863       0.900835       0.881915
           1028            -13          745.6        1.01775       0.881915
           1029            205            468       0.695394       0.881915
           1030            349          110.2       0.239983       0.336335
           1031            331          149.8       0.311564       0.336335
           1032            169          455.2       0.729253       0.881915
           1033            110            893       0.890329       0.881915
           1034              3          631.4       0.995271       0.881915
           1035             73          703.4       0.905976       0.881915
           1036             39          596.2       0.938602       0.881915
           1037             44          726.2       0.942872       0.881915
           1038             38          693.4       0.948045       0.881915
           1039             94          771.2       0.891355       0.881915
           1040              4          571.2       0.993046       0.881915
           1041             37          618.6       0.943563       0.881915
           1042            114          722.2       0.863669       0.881915
           1043            -32          661.4        1.05084       0.881915
           1044            263          378.4       0.589959       0.336335
           1045            390             59       0.131403       0.336335
           1046            265            321       0.547782       0.336335
           1047            120            557       0.822747       0.881915
           1048             78          711.4       0.901191       0.881915
           1049             22          740.6       0.971151       0.881915
           1050             39          751.2       0.950645       0.881915
           1051             18          826.4       0.978683       0.881915
           1052            -25            695        1.03731       0.881915
           1053              8          735.4       0.989239       0.881915
           1054            302          477.6       0.612622       0.881915
           1055            195            488       0.714495       0.881915
           1056             97          741.6       0.884331       0.881915
           1057            293          119.4       0.289525       0.336335
           1058            321          157.8       0.329574       0.336335
           1059             57          695.6       0.924263       0.881915
           1060            122          644.6       0.840856       0.881915
           1061            189          434.2       0.696727       0.881915
           1062             57          643.6       0.918641       0.881915
           1063            -21          652.2        1.03327       0.881915
           1064            148          379.4       0.719378       0.881915
           1065            409          -43.8      -0.119934       0.336335
           1066            123          623.4       0.835209       0.881915
           1067            192          491.6       0.719134       0.881915
           1068            273          213.4       0.438734       0.336335
           1069            403           82.4       0.169757       0.336335
           1070            468           82.4       0.149709       0.336335
           1071            273          206.4       0.430538       0.336335
           1072            130            387       0.748549       0.881915
           1073            138          544.4       0.797773       0.881915
           1074            389          112.2       0.223863       0.336335
           1075            116          516.8       0.816688       0.881915
           1076             26          676.8       0.963005       0.881915
           1077              8          615.4       0.987167       0.881915
           1078             97          734.6       0.883357       0.881915
           1079            100            691       0.873578       0.881915
           1080             27          610.6       0.957654       0.881915
           1081            -13          661.6        1.02004       0.881915
           1082             71          554.8       0.886545       0.881915
           1083             60            442       0.880478       0.881915
           1084            -13          776.6        1.01702       0.881915
           1085             47          502.6       0.914483       0.881915
           1086            -59          504.8        1.13235       0.881915
           1087             54          610.2       0.918699       0.881915
           1088             35            460       0.929293       0.881915
           1089             37          632.6       0.944743       0.881915
           1090             21          600.8       0.966227       0.881915
           1091              5            623       0.992038       0.881915
           1092            -29          712.8        1.04241       0.881915
           1093            -24          619.8        1.04028       0.881915
           1094             93          542.4       0.853636       0.881915
           1095             13          663.4       0.980781       0.881915
           1096             43          719.4       0.943599       0.881915
           1097            -19          711.8        1.02742       0.881915
           1098             95            525       0.846774       0.881915
           1099             77          536.6       0.874511       0.881915
           1100            132          485.6       0.786269       0.881915
           1101            315            209       0.398855       0.336335
           1102             98          421.4       0.811321       0.881915
           1103             52          607.6       0.921164       0.881915
           1104             27          448.6        0.94323       0.881915
           1105             36          404.8        0.91833       0.881915
           1106             55            431       0.886831       0.881915
           1107             -4          512.8        1.00786       0.881915
           1108             21          433.8       0.953826       0.881915
           1109             42          652.6       0.939534       0.881915
           1110             40            584       0.935897       0.881915
           1111             31          573.8       0.948743       0.881915
           1112             21          450.8        0.95549       0.881915
           1113             71          491.8       0.873845       0.881915
           1114             -8          426.6        1.01911       0.881915
           1115             -1          652.2        1.00154       0.881915
           1116             41          478.8       0.921124       0.881915
           1117             22          617.6       0.965604       0.881915
           1118             19          494.2       0.962977       0.881915
           1119            289          266.2       0.479467       0.336335
           1120            231          531.8       0.697168       0.881915
           1121             30            849        0.96587       0.881915
           1122             66          735.8       0.917685       0.881915
           1123            320            125       0.280899       0.336335
           1124             55            641       0.920977       0.881915
           1125             77          807.6       0.912955       0.881915
           1126             82          569.6       0.874156       0.881915
           1127            334          180.2       0.350447       0.336335
           1128              8          616.4       0.987188       0.881915
           1129             88          595.4       0.871232       0.881915
           1130              6          700.8       0.991511       0.881915
           1131             49          664.2       0.931296       0.881915
           1132             65            652       0.909344       0.881915
           1133             29          521.2       0.947292       0.881915
           1134             55            641       0.920977       0.881915
           1135             69          682.2       0.908147       0.881915
           1136              3          746.4       0.995997       0.881915
           1137            123          538.4       0.814031       0.881915
           1138             90            626       0.874302       0.881915
           1139              1          592.8       0.998316       0.881915
           1140             31          714.8       0.958434       0.881915
           1141              9          777.2       0.988553       0.881915
           1142             25            831       0.970794       0.881915
           1143             33          786.4       0.959727       0.881915
           1144             13          558.4       0.977249       0.881915
           1145             21          560.8       0.963905       0.881915
           1146             67          704.6       0.913167       0.881915
           1147             88          620.4       0.875776       0.881915
           1148             59          817.2       0.932664       0.881915
           1149             25            798       0.969623       0.881915
           1150            100            594       0.855908       0.881915
           1151             69          677.2       0.907531       0.881915
           1152             79          539.2        0.87221       0.881915
           1153             84          522.2       0.861432       0.881915
           1154             51          535.8       0.913088       0.881915
           1155            182          806.6       0.815901       0.881915
           1156            -31          685.2        1.04739       0.881915
           1157             28          751.4       0.964075       0.881915
           1158            106          939.8       0.898642       0.881915
           1159            -55            717        1.08308       0.881915
           1160             69          688.2       0.908875       0.881915
           1161            -46          684.2        1.07208       0.881915
           1162              4          805.2       0.995057       0.881915
           1163             32          770.6        0.96013       0.881915
           1164             16          836.8       0.981238       0.881915
           1165             61          633.8       0.912205       0.881915
           1166            250             85       0.253731       0.336335
           1167            235            183       0.437799       0.336335
           1168             57          813.6       0.934528       0.881915
           1169             92          687.6       0.881991       0.881915
           1170             39          667.2       0.944775       0.881915
           1171            -14          690.8        1.02069       0.881915
           1172              4          754.2       0.994724       0.881915
           1173             42          640.6       0.938471       0.881915
           1174             10            647       0.984779       0.881915
           1175             25            750       0.967742       0.881915
           1176             12          740.6       0.984055       0.881915
           1177            -29          686.8        1.04409       0.881915
           1178             22          960.6        0.97761       0.881915
           1179             57          649.6       0.919332       0.881915
           1180            147          902.6       0.859947       0.881915
           1181             49          770.2       0.940186       0.881915
           1182             72          655.6       0.901045       0.881915
           1183            -37          799.4        1.04853       0.881915
           1184             43          736.4       0.944829       0.881915
           1185            186          527.8       0.739423       0.881915
           1186             12          865.6       0.986326       0.881915
           1187            110            712        0.86618       0.881915
           1188             73          674.4       0.902328       0.881915
           1189             83          698.4        0.89378       0.881915
           1190             96          561.8       0.854059       0.881915
           1191             16          762.8       0.979456       0.881915
           1192             87          581.6       0.869877       0.881915
           1193            111          533.8       0.827854       0.881915
           1194             22          765.6       0.972067       0.881915
           1195             57          660.6       0.920569       0.881915
           1196             31          867.8        0.96551       0.881915
           1197            193          486.4       0.715926       0.881915
           1198             -1          635.2        1.00158       0.881915
           1199             31          541.8        0.94588       0.881915
           1200            130            490       0.790323       0.881915
           1201            107          642.6       0.857257       0.881915
           1202             78          715.4       0.901689       0.881915
           1203             35            655       0.949275       0.881915
           1204             14          747.2       0.981608       0.881915
           1205            102          794.6       0.886237       0.881915
           1206             99          792.2       0.888914       0.881915
           1207            343          250.4       0.421975       0.336335
           1208             94          779.2        0.89235       0.881915
           1209            -21          713.2        1.03034       0.881915
           1210             25            709        0.96594       0.881915
           1211             55            606       0.916793       0.881915
           1212            121          559.8       0.822268       0.881915
           1213            129          540.2       0.807233       0.881915
           1214             62          654.6        0.91348       0.881915
           1215             42          703.6        0.94367       0.881915
           1216            101          356.8        0.77938       0.881915
           1217            437          -13.4     -0.0316336       0.336335
           1218            459          295.2       0.391408       0.336335
           1219            414          -10.8     -0.0267857       0.336335
           1220            261           37.8       0.126506       0.336335
           1221            238          406.4       0.630664       0.881915
           1222            185            414       0.691152       0.881915
           1223              3          745.4       0.995991       0.881915
           1224             58          830.4       0.934714       0.881915
           1225             31          800.8       0.962731       0.881915
           1226             29          680.2       0.959109       0.881915
           1227             19          680.2       0.972826       0.881915
           1228             11          647.8       0.983303       0.881915
           1229            -16          648.2        1.02531       0.881915
           1230            409          184.2       0.310519       0.336335
           1231            313          252.4        0.44641       0.336335
           1232            101          625.8       0.861035       0.881915
           1233             39          888.2       0.957938       0.881915
           1234             45            860       0.950276       0.881915
           1235            136          488.8        0.78233       0.881915
           1236            412          139.6       0.253082       0.336335
           1237            260             79       0.233038       0.336335
           1238            116          688.8       0.855865       0.881915
           1239            185            308       0.624746       0.881915
           1240            350            250       0.416667       0.336335
           1241            271           57.8       0.175791       0.336335
           1242            325            203        0.38447       0.336335
           1243            296          145.8       0.330014       0.336335
           1244            330            121       0.268293       0.336335
           1245            378          164.4       0.303097       0.336335
           1246            388          135.4       0.258693       0.336335
