              0            401          215.8        0.34987       0.227939
              1            143          973.4        0.87191       0.881329
              2            100           1105       0.917012       0.881329
              3             46          696.8       0.938072       0.881329
              4            127          573.6       0.818727       0.881329
              5             64          703.2        0.91658       0.881329
              6            285            714       0.714715       0.881329
              7            431          244.8       0.362237       0.227939
              8            488           86.4       0.150418       0.227939
              9            426          232.8        0.35337       0.227939
             10            560            242       0.301746       0.227939
             11            120            818       0.872068       0.881329
             12            114          677.2       0.855915       0.881329
             13             45            780       0.945455       0.881329
             14             43          785.4       0.948093       0.881329
             15             39          832.2       0.955234       0.881329
             16            205            410       0.666667       0.881329
             17            512          175.6       0.255381       0.227939
             18            592          110.6       0.157415       0.227939
             19            554          251.2       0.311972       0.227939
             20            499           75.2       0.130965       0.227939
             21             82          678.6        0.89219       0.881329
             22            332          416.6       0.556505       0.881329
             23            336          308.8       0.478908       0.227939
             24            343          408.4       0.543519       0.227939
             25            187          723.6       0.794641       0.881329
             26            103          699.4       0.871635       0.881329
             27            113          733.4       0.866493       0.881329
             28            489          154.2       0.239739       0.227939
             29            630            158       0.200508       0.227939
             30            264          441.2       0.625638       0.881329
             31            141          765.8       0.844508       0.881329
             32            100            798       0.888641       0.881329
             33             50            761       0.938348       0.881329
             34            255            529       0.674745       0.881329
             35            110            900       0.891089       0.881329
             36            120            729       0.858657       0.881329
             37             29          828.2       0.966169       0.881329
             38            102          522.6       0.836695       0.881329
             39             16          777.8       0.979844       0.881329
             40             49          829.2       0.944204       0.881329
             41            185            719       0.795354       0.881329
             42            743          129.4       0.148326       0.227939
             43            329          298.2       0.475446       0.227939
             44            102          819.6       0.889323       0.881329
             45             21          611.8       0.966814       0.881329
             46              0            895              1       0.881329
             47             17          861.6       0.980651       0.881329
             48             78          663.4       0.894794       0.881329
             49             12          847.6        0.98604       0.881329
             50            111          895.8        0.88975       0.881329
             51             85            832       0.907306       0.881329
             52            183          621.4       0.772501       0.881329
             53            461          168.8       0.268022       0.227939
             54            135            673       0.832921       0.881329
             55              5            808        0.99385       0.881329
             56             59          700.2       0.922287       0.881329
             57            200            725       0.783784       0.881329
             58             74          834.2        0.91852       0.881329
             59             71          624.8       0.897959       0.881329
             60            103          898.4       0.897144       0.881329
             61            282          529.6       0.652538       0.881329
             62            343          407.4        0.54291       0.227939
             63            612           52.6      0.0791454       0.227939
             64            330            117       0.261745       0.227939
             65            508           35.4      0.0651454       0.227939
             66            373           56.4       0.131346       0.227939
             67            593            2.4      0.0040309       0.227939
             68            525            171        0.24569       0.227939
             69            584           92.2        0.13635       0.227939
             70            193         1289.4       0.869806       0.881329
             71            189          724.2       0.793035       0.881329
             72            134          731.2       0.845123       0.881329
             73            587          200.6       0.254698       0.227939
             74            557          191.6       0.255944       0.227939
             75            515            137       0.210123       0.227939
             76            491          238.8       0.327213       0.227939
             77             36          971.8       0.964279       0.881329
             78             94         1034.2       0.916681       0.881329
             79            378          284.4       0.429348       0.227939
             80            561          117.8       0.173542       0.227939
             81            576          -25.2     -0.0457516       0.227939
             82            453          140.4       0.236603       0.227939
             83            358          126.4       0.260941       0.227939
             84            652          129.6       0.165814       0.227939
             85            179          523.2       0.745087       0.881329
             86            108          678.4       0.862665       0.881329
             87             85            697       0.891304       0.881329
             88            183          725.4       0.798547       0.881329
             89            169          554.2       0.766316       0.881329
             90             49          815.2         0.9433       0.881329
             91            174          564.2       0.764292       0.881329
             92            159          593.2        0.78862       0.881329
             93             71          768.8       0.915456       0.881329
             94            134          719.2       0.842944       0.881329
             95            272          397.6       0.593787       0.881329
             96            589           60.2      0.0927295       0.227939
             97            494          168.2       0.254002       0.227939
             98            430            119       0.216758       0.227939
             99            501          218.8       0.303973       0.227939
            100            350            213        0.37833       0.227939
            101            501          297.8       0.372809       0.227939
            102            440            268       0.378531       0.227939
            103            106          826.8       0.886364       0.881329
            104             57          998.6       0.946002       0.881329
            105             48          786.4       0.942474       0.881329
            106             81          822.8       0.910378       0.881329
            107             89          679.2       0.884145       0.881329
            108             10            660       0.985075       0.881329
            109             70            706       0.909794       0.881329
            110            108          735.4       0.871947       0.881329
            111             73          812.4       0.917551       0.881329
            112             62          841.6       0.931386       0.881329
            113            100            702       0.875312       0.881329
            114            132          639.6       0.828927       0.881329
            115             92          617.6       0.870349       0.881329
            116             87          892.6       0.911188       0.881329
            117            315            309       0.495192       0.227939
            118            562          189.6       0.252262       0.227939
            119            515            272       0.345616       0.227939
            120            629           11.2      0.0174945       0.227939
            121            162          665.6       0.804253       0.881329
            122            139          608.2       0.813972       0.881329
            123            130            929       0.877243       0.881329
            124             61          972.8       0.940994       0.881329
            125             40            809       0.952886       0.881329
            126             71          750.8       0.913604       0.881329
            127            370            368       0.498645       0.227939
            128            408          183.4       0.310112       0.227939
            129            543           13.4      0.0240834       0.227939
            130            321          538.8       0.626657       0.881329
            131             78          825.4        0.91366       0.881329
            132             54          816.2       0.937945       0.881329
            133             80            825       0.911602       0.881329
            134            416          141.8       0.254213       0.227939
            135            238          401.4       0.627776       0.881329
            136            164          395.2       0.706724       0.881329
            137            452           63.6       0.123351       0.227939
            138            466           95.8       0.170523       0.227939
            139            377          265.6       0.413321       0.227939
            140             93          706.4       0.883663       0.881329
            141            110            585       0.841727       0.881329
            142             55            599       0.915902       0.881329
            143             65            899       0.932573       0.881329
            144            -29          844.8        1.03555       0.881329
            145            114          847.2       0.881398       0.881329
            146             19          871.2       0.978656       0.881329
            147            106          719.8        0.87164       0.881329
            148            -63          611.6        1.11484       0.881329
            149              2          718.6       0.997225       0.881329
            150            115            481       0.807047       0.881329
            151             48          704.4       0.936204       0.881329
            152             27          696.6       0.962687       0.881329
            153            150            596       0.798928       0.881329
            154            280            366       0.566563       0.881329
            155            259          500.2       0.658851       0.881329
            156             28          818.4       0.966919       0.881329
            157            130            863       0.869084       0.881329
            158            102          878.6       0.895982       0.881329
            159             50            830       0.943182       0.881329
            160             83          727.4       0.897581       0.881329
            161            160            927       0.852806       0.881329
            162             49          769.2       0.940112       0.881329
            163              4          807.2       0.995069       0.881329
            164            155            615       0.798701       0.881329
            165            409          115.2       0.219763       0.227939
            166            394          184.2       0.318575       0.227939
            167            490            118       0.194079       0.227939
            168            281          246.8       0.467601       0.227939
            169             30            708        0.95935       0.881329
            170            198          457.4       0.697894       0.881329
            171            716          -40.2     -0.0594851       0.227939
            172            272          444.6        0.62043       0.227939
            173            311          218.8       0.412986       0.227939
            174            530            140       0.208955       0.227939
            175            498          171.4        0.25605       0.227939
            176            486           91.8       0.158879       0.227939
            177            453          114.4       0.201621       0.227939
            178            558          217.4       0.280371       0.227939
            179            510            101       0.165303       0.227939
            180            153          719.4       0.824622       0.881329
            181            329          315.2       0.489289       0.881329
            182             94          689.2        0.87998       0.881329
            183            362          305.6       0.457759       0.227939
            184            337          475.6       0.585282       0.881329
            185             60            671       0.917921       0.881329
            186            585             84       0.125561       0.227939
            187            630            116       0.155496       0.227939
            188            269          436.2       0.618548       0.881329
            189             81          587.8       0.878888       0.881329
            190            685              0              0       0.227939
            191            450            200       0.307692       0.227939
            192            525            128       0.196018       0.227939
            193            628           44.4      0.0660321       0.227939
            194            457          107.6       0.190577       0.227939
            195            357          299.6        0.45629       0.227939
            196            316          259.8       0.451198       0.227939
            197             83          725.4       0.897328       0.881329
            198             10            840       0.988235       0.881329
            199            333          552.4       0.623899       0.881329
            200            297          355.6       0.544897       0.881329
            201             46          693.8       0.937821       0.881329
            202             76          742.8       0.907181       0.881329
            203             91          777.8       0.895258       0.881329
            204            431          120.8        0.21892       0.227939
            205            256          751.8       0.745981       0.881329
            206            346          484.8       0.583534       0.881329
            207            597           64.6      0.0976421       0.227939
            208            184          608.2       0.767735       0.881329
            209            119          781.2       0.867807       0.881329
            210            260            405       0.609023       0.881329
            211            435            128       0.227353       0.227939
            212            503          132.4       0.208373       0.227939
            213             79          742.2       0.903799       0.881329
            214            556           92.8       0.143033       0.227939
            215            267          409.6        0.60538       0.881329
            216              1          861.8       0.998841       0.881329
            217            114          628.2       0.846403       0.881329
            218             84          877.2       0.912609       0.881329
            219             25            675       0.964286       0.881329
            220            129          611.2       0.825723       0.881329
            221            518          111.4       0.176994       0.227939
            222            546          143.8       0.208466       0.227939
            223             46          593.8       0.928103       0.881329
            224            116          613.8       0.841052       0.881329
            225             96          665.8       0.873983       0.881329
            226            338          154.4       0.313566       0.227939
            227            400            318       0.442897       0.227939
            228            440            130        0.22807       0.227939
            229            380            397        0.51094       0.227939
            230             25            831       0.970794       0.881329
            231            370            306       0.452663       0.227939
            232            472           88.6       0.158045       0.227939
            233            425            228       0.349158       0.227939
            234            268          519.4       0.659639       0.881329
            235             53          731.4       0.932432       0.881329
            236             83          969.4       0.921133       0.881329
            237             24          959.2        0.97559       0.881329
            238             65            657       0.909972       0.881329
            239             33          699.4       0.954943       0.881329
            240            325            337       0.509063       0.881329
            241             82          536.6       0.867443       0.881329
            242             74          645.2       0.897108       0.881329
            243             84          716.2       0.895026       0.881329
            244            230            278       0.547244       0.881329
            245             99          643.2       0.866613       0.881329
            246             99          643.2       0.866613       0.881329
            247             46          684.8       0.937055       0.881329
            248             27          788.6       0.966896       0.881329
            249              8          714.4       0.988926       0.881329
            250             23          501.4        0.95614       0.881329
            251            111          618.8       0.847904       0.881329
            252             24          624.2       0.962974       0.881329
            253             18          751.4       0.976605       0.881329
            254            163          589.4        0.78336       0.881329
            255            228          283.4       0.554165       0.881329
            256            438          122.4       0.218415       0.227939
            257            183          297.4       0.619067       0.881329
            258            199          491.2       0.711678       0.881329
            259            405             51       0.111842       0.227939
            260            366          109.8       0.230769       0.227939
            261            453          106.4       0.190204       0.227939
            262            380            107       0.219713       0.227939
            263            375            108       0.223602       0.227939
            264            412           55.6       0.118905       0.227939
            265            505            218       0.301521       0.227939
            266            291          364.8       0.556267       0.881329
            267            118          683.4       0.852758       0.881329
            268              3          919.4       0.996748       0.881329
            269             67          725.6       0.915468       0.881329
            270             51          608.8       0.922704       0.881329
            271             53          677.4       0.927437       0.881329
            272            142          648.6        0.82039       0.881329
            273            458          164.4       0.264139       0.227939
            274            394          116.2       0.227754       0.227939
            275            473           58.4       0.109898       0.227939
            276            470             39      0.0766208       0.227939
            277            101          612.8       0.858504       0.881329
            278             78          579.4       0.881351       0.881329
            279             83          691.4        0.89282       0.881329
            280            183          428.4       0.700687       0.881329
            281            431          147.8       0.255356       0.227939
            282            503          -62.6      -0.142144       0.227939
            283            390             93       0.192547       0.227939
            284            479           30.2      0.0593087       0.227939
            285            524          143.2       0.214628       0.227939
            286            421          174.8       0.293387       0.227939
            287            200            553       0.734396       0.881329
            288            463           -6.6      -0.014461       0.227939
            289            449          302.2        0.40229       0.227939
            290            417          122.6       0.227205       0.227939
            291            592          263.6       0.308088       0.227939
            292            442          150.6       0.254134       0.227939
            293            468          189.4       0.288105       0.227939
            294            351          207.8       0.371868       0.227939
            295             22          728.6        0.97069       0.881329
            296            103          480.4       0.823449       0.881329
            297             44          791.2       0.947318       0.881329
            298            435            119       0.214801       0.227939
            299            207          306.6       0.596963       0.881329
            300             47          536.6       0.919465       0.881329
            301             52          636.6       0.924484       0.881329
            302            473          217.4        0.31489       0.227939
            303            461           14.8      0.0311055       0.227939
            304            569          121.2       0.175601       0.227939
            305            500            270       0.350649       0.227939
            306            404           93.2        0.18745       0.227939
            307            163          496.4       0.752806       0.881329
            308            396          258.8       0.395235       0.227939
            309            418          168.4       0.287176       0.227939
            310            351          190.8       0.352159       0.227939
            311            433           56.4       0.115243       0.227939
            312            364           51.2       0.123314       0.227939
            313            272          204.6       0.429291       0.227939
            314            443          140.4       0.240658       0.227939
            315            148          523.4       0.779565       0.881329
            316             99          640.2       0.866071       0.881329
            317            294          365.2       0.554005       0.881329
            318            475             51      0.0969582       0.227939
            319            311          404.8       0.565521       0.881329
            320             75            634       0.894217       0.881329
            321            146          618.8         0.8091       0.881329
            322              7          726.6       0.990458       0.881329
            323            393          382.4       0.493165       0.227939
            324            499          264.2       0.346174       0.227939
            325            383          219.4        0.36421       0.227939
            326            418           68.4       0.140625       0.227939
            327            566          250.8       0.307052       0.227939
            328            531          142.8       0.211932       0.227939
            329            479           95.2       0.165796       0.227939
            330            435            145           0.25       0.227939
            331            297          236.6       0.443403       0.227939
            332             -7          591.4        1.01198       0.881329
            333            200            485       0.708029       0.881329
            334            462          112.6       0.195962       0.227939
            335             45            696       0.939271       0.881329
            336            431          244.8       0.362237       0.227939
            337            492          154.6       0.239097       0.227939
            338            399          135.2       0.253089       0.227939
            339            373          111.4       0.229975       0.227939
            340            285             77       0.212707       0.227939
            341            427           19.6      0.0438871       0.227939
            342            461           96.8       0.173539       0.227939
            343            248          365.4       0.595696       0.227939
            344            298          336.4       0.530265       0.227939
            345            299          295.2       0.496802       0.227939
            346             24          777.2       0.970045       0.881329
            347             35            679        0.95098       0.881329
            348             84          808.2       0.905851       0.881329
            349             67          687.6       0.911211       0.881329
            350             72          593.6       0.891827       0.881329
            351             84          820.2         0.9071       0.881329
            352            438          208.4       0.322401       0.227939
            353            491          176.8        0.26475       0.227939
            354            498           -8.6     -0.0175725       0.227939
            355            105            403       0.793307       0.881329
            356             77          713.6       0.902606       0.881329
            357             44          898.2       0.953301       0.881329
            358             44          532.2       0.923638       0.881329
            359            124          889.2       0.877615       0.881329
            360             67          722.6       0.915147       0.881329
            361             60            692       0.920213       0.881329
            362             15            755       0.980519       0.881329
            363            101          837.8       0.892416       0.881329
            364            115            845       0.880208       0.881329
            365             15            684       0.978541       0.881329
            366            -22          723.4        1.03137       0.881329
            367             69          917.2       0.930034       0.881329
            368             70            719        0.91128       0.881329
            369             68          886.4       0.928751       0.881329
            370             30            797       0.963724       0.881329
            371             70            771       0.916766       0.881329
            372            213          718.4       0.771312       0.881329
            373            383          187.4       0.328541       0.227939
            374            325            270       0.453782       0.227939
            375            408          404.4       0.497784       0.227939
            376            711          148.8       0.173064       0.227939
            377            568          272.4       0.324131       0.227939
            378            397          -20.4     -0.0541689       0.227939
            379            263          360.4        0.57812       0.881329
            380             86          730.8       0.894711       0.881329
            381            114          889.2       0.886364       0.881329
            382              1          792.8        0.99874       0.881329
            383             80            714       0.899244       0.881329
            384             73          807.4       0.917083       0.881329
            385            141          654.8        0.82282       0.881329
            386             -6          756.2          1.008       0.881329
            387             69          455.2       0.868371       0.881329
            388            285            293        0.50692       0.227939
            389            523           74.4        0.12454       0.227939
            390             -7          739.4        1.00956       0.881329
            391            386          214.8       0.357523       0.227939
            392            546          111.8        0.16996       0.227939
            393             93          818.4       0.897959       0.881329
            394             79          821.2       0.912242       0.881329
            395             62          668.6       0.915138       0.881329
            396            -15            652        1.02355       0.881329
            397             81          570.8       0.875729       0.881329
            398            576          279.8       0.326946       0.227939
            399            375             69       0.155405       0.227939
            400            521          154.8       0.229062       0.227939
            401            239          444.2       0.650176       0.881329
            402            364           35.2      0.0881764       0.227939
            403            275            326       0.542429       0.227939
            404             13          708.4       0.981979       0.881329
            405            203          415.4       0.671734       0.881329
            406             85            620       0.879433       0.881329
            407             77          704.6       0.901484       0.881329
            408             66          686.8       0.912327       0.881329
            409             48          689.4       0.934906       0.881329
            410             82          688.6       0.893589       0.881329
            411            124          693.2       0.848262       0.881329
            412             64          650.2       0.910389       0.881329
            413            219          551.2       0.715658       0.881329
            414            478          -34.6     -0.0780334       0.227939
            415            411          210.8       0.339016       0.227939
            416            567          245.6        0.30224       0.227939
            417            414          268.2        0.39314       0.227939
            418            295            169       0.364224       0.227939
            419            147          572.6        0.79572       0.881329
            420             44          652.2         0.9368       0.881329
            421             68          735.4        0.91536       0.881329
            422             56          685.8       0.924508       0.881329
            423             20            821       0.976219       0.881329
            424             30            685       0.958042       0.881329
            425            314          587.2       0.651576       0.881329
            426            621          418.8        0.40277       0.227939
            427            176          510.8       0.743739       0.881329
            428            649           37.2      0.0542116       0.227939
            429            640            -14     -0.0223642       0.227939
            430            565            -20     -0.0366972       0.227939
            431            171          369.8       0.683802       0.881329
            432             52          747.6       0.934967       0.881329
            433            132          549.6       0.806338       0.881329
            434            -24          867.8        1.02844       0.881329
            435             60            805       0.930636       0.881329
            436             87          868.6       0.908958       0.881329
            437            -15            875        1.01744       0.881329
            438             78          681.4       0.897287       0.881329
            439            167          435.6       0.722868       0.881329
            440             65            752       0.920441       0.881329
            441            305            571       0.651826       0.881329
            442            733           56.4      0.0714467       0.227939
            443            586          165.8       0.220537       0.227939
            444            372          212.6       0.363667       0.227939
            445            351          332.8       0.486692       0.227939
            446            418          165.4        0.28351       0.227939
            447            111          808.8       0.879322       0.881329
            448            186          741.8       0.799526       0.881329
            449             94          653.2       0.874197       0.881329
            450             -9          821.8        1.01107       0.881329
            451             71          571.8       0.889546       0.881329
            452            136          618.8        0.81982       0.881329
            453            307          310.6       0.502915       0.881329
            454            109          691.2       0.863784       0.881329
            455             84          850.2       0.910083       0.881329
            456            510            155       0.233083       0.227939
            457            487           -6.4     -0.0133167       0.227939
            458            442           75.6       0.146059       0.227939
            459            594          122.2       0.170623       0.227939
            460            461          111.8       0.195182       0.227939
            461            542           33.6      0.0583739       0.227939
            462            482          107.6       0.182497       0.227939
            463            461           32.8      0.0664237       0.227939
            464            233          506.4        0.68488       0.881329
            465            129          924.2       0.877516       0.881329
            466            707          -37.4     -0.0558542       0.227939
            467            406          445.8       0.523362       0.227939
            468             57          612.6       0.914875       0.881329
            469             22          544.6       0.961172       0.881329
            470            416          323.8       0.437686       0.227939
            471            545             66        0.10802       0.227939
            472            130            430       0.767857       0.881329
            473            105            883       0.893725       0.881329
            474             50            826       0.942922       0.881329
            475             84          756.2       0.900024       0.881329
            476              8          653.4       0.987904       0.881329
            477            112          904.6       0.889829       0.881329
            478            283          651.4       0.697132       0.881329
            479            526           15.8      0.0291621       0.227939
            480            473          -27.6     -0.0619668       0.227939
            481            598          170.4        0.22176       0.227939
            482             86          565.8       0.868058       0.881329
            483             86          757.8        0.89808       0.881329
            484             49          721.2        0.93638       0.881329
            485             85            723       0.894802       0.881329
            486             59          876.2       0.936912       0.881329
            487            122          861.6       0.875966       0.881329
            488            141          531.8       0.790428       0.881329
            489             15            745       0.980263       0.881329
            490            222          388.6       0.636423       0.881329
            491            610             96       0.135977       0.227939
            492            436           20.8      0.0455342       0.227939
            493            485            116       0.193012       0.227939
            494            608          -25.6      -0.043956       0.227939
            495            569           50.2      0.0810724       0.227939
            496            448          162.4       0.266055       0.227939
            497            510            157       0.235382       0.227939
            498            261          653.8       0.714692       0.881329
            499             83          614.4       0.880987       0.881329
            500            106          693.8       0.867467       0.881329
            501            258          483.4        0.65201       0.881329
            502            386          119.8       0.236853       0.227939
            503            311          388.8       0.555587       0.881329
            504             67          927.6       0.932636       0.881329
            505             64          907.2       0.934102       0.881329
            506             18          735.4       0.976108       0.881329
            507            144          951.2       0.868517       0.881329
            508             69         1250.2       0.947696       0.881329
            509             16         1055.8       0.985072       0.881329
            510             54          881.2       0.942258       0.881329
            511            318          367.4       0.536037       0.227939
            512            470            117       0.199319       0.227939
            513            567           10.6      0.0183518       0.227939
            514            493           53.4      0.0977306       0.227939
            515            454          118.2       0.206571       0.227939
            516            366          435.8       0.543527       0.227939
            517             57          831.6       0.935854       0.881329
            518             31          889.8       0.966334       0.881329
            519             71          826.8       0.920918       0.881329
            520            414          347.2       0.456122       0.227939
            521            409          132.2       0.244272       0.227939
            522            220            685       0.756906       0.881329
            523              9          737.2       0.987939       0.881329
            524             -6          676.2        1.00895       0.881329
            525            347           29.6       0.078598       0.227939
            526            109          607.2       0.847808       0.881329
            527            406          171.8       0.297335       0.227939
            528             40            741       0.948784       0.881329
            529             44          870.2        0.95187       0.881329
            530             66          840.8       0.927217       0.881329
            531             78         1064.4       0.931723       0.881329
            532            136          647.8       0.826486       0.881329
            533            127          879.6       0.873833       0.881329
            534             35           1013       0.966603       0.881329
            535             96          849.8       0.898499       0.881329
            536             90            748       0.892601       0.881329
            537             77          731.6       0.904774       0.881329
            538             67          753.6       0.918352       0.881329
            539             60            643       0.914651       0.881329
            540             -4          640.8        1.00628       0.881329
            541             33          752.4       0.957983       0.881329
            542             79          899.2       0.919239       0.881329
            543             92          699.6        0.88378       0.881329
            544             24          845.2       0.972388       0.881329
            545             61          764.8       0.926132       0.881329
            546            470            370       0.440476       0.227939
            547            458          116.4       0.202646       0.227939
            548            364          104.2       0.222554       0.227939
            549            496          137.8       0.217419       0.227939
            550             97          637.6       0.867955       0.881329
            551            299          576.2       0.658364       0.881329
            552            489          133.2       0.214079       0.227939
            553            161          643.8        0.79995       0.881329
            554             79          629.2        0.88845       0.881329
            555            144          893.2       0.861165       0.881329
            556             82          802.6       0.907303       0.881329
            557             94          674.2       0.877636       0.881329
            558             87          675.6       0.885917       0.881329
            559            257          453.6       0.638334       0.881329
            560            460            133       0.224283       0.227939
            561            348          110.4       0.240838       0.227939
            562             16          948.8       0.983416       0.881329
            563             16          796.8       0.980315       0.881329
            564             20            592        0.96732       0.881329
            565             28          704.4        0.96177       0.881329
            566             51          713.8       0.933316       0.881329
            567            115            785       0.872222       0.881329
            568            265            405       0.604478       0.881329
            569            477          172.6       0.265702       0.227939
            570            438          172.4       0.282438       0.227939
            571            554          -14.8     -0.0274481       0.227939
            572            354          145.2       0.290865       0.227939
            573             23          863.4       0.974052       0.881329
            574             95            576        0.85842       0.881329
            575            574           61.2      0.0963476       0.227939
            576            479          168.2       0.259889       0.227939
            577            500              6      0.0118577       0.227939
            578            355            162       0.313346       0.227939
            579            289          366.2       0.558913       0.227939
            580            419          205.2       0.328741       0.227939
            581             40            679       0.944367       0.881329
            582             41          698.8        0.94458       0.881329
            583            265            316        0.54389       0.227939
            584            521          139.8       0.211562       0.227939
            585            338           90.4       0.211018       0.227939
            586            460            157       0.254457       0.227939
            587            491         -101.2       -0.25962       0.227939
            588            460            164       0.262821       0.227939
            589            442          148.6       0.251609       0.227939
            590            466           69.8       0.130272       0.227939
            591              3          606.4       0.995077       0.881329
            592            146          719.8        0.83137       0.881329
            593             40           1082       0.964349       0.881329
            594             33          839.4       0.962173       0.881329
            595            227          312.6       0.579318       0.881329
            596            529           30.2      0.0540057       0.227939
            597            382          229.6       0.375409       0.227939
            598            332          455.6       0.578466       0.227939
            599            363          225.4       0.383073       0.227939
            600            432           55.6       0.114028       0.227939
            601            460             14      0.0295359       0.227939
            602            404          245.2       0.377696       0.227939
            603            409          189.2       0.316282       0.227939
            604            488          135.4       0.217196       0.227939
            605            481          188.8       0.281875       0.227939
            606            333          299.4       0.473435       0.227939
            607            445            135       0.232759       0.227939
            608            192          532.6       0.735026       0.881329
            609             35            780       0.957055       0.881329
            610            362          435.6       0.546138       0.227939
            611            595             -8     -0.0136286       0.227939
            612            377          349.6       0.481145       0.227939
            613            327          214.6       0.396233       0.227939
            614            490              7      0.0140845       0.227939
            615            380             43       0.101655       0.227939
            616            291          -63.2      -0.277436       0.227939
            617            509          242.2       0.322417       0.227939
            618            572           88.6        0.13412       0.227939
            619            451          156.8        0.25798       0.227939
            620            387          261.6        0.40333       0.227939
            621             95            660       0.874172       0.881329
            622             -2          547.4        1.00367       0.881329
            623            223          342.4       0.605589       0.881329
            624            434          -44.8      -0.115108       0.227939
            625            438          118.4       0.212797       0.227939
            626            177          402.6       0.694617       0.881329
            627            202          513.6       0.717719       0.881329
            628             23          725.4       0.969268       0.881329
            629            342          230.6       0.402724       0.227939
            630            388          172.4       0.307637       0.227939
            631            512           62.6       0.108945       0.227939
            632            433           41.4      0.0872681       0.227939
            633            428           58.4       0.120066       0.227939
            634            619          211.2       0.254397       0.227939
            635            534          131.2       0.197234       0.227939
            636            376           42.8       0.102197       0.227939
            637            498           17.4      0.0337602       0.227939
            638            475             98        0.17103       0.227939
            639            193          428.4       0.689411       0.881329
            640             76          848.8        0.91782       0.881329
            641             51          696.8         0.9318       0.881329
            642             33          739.4       0.957276       0.881329
            643             56          723.8       0.928187       0.881329
            644             43          723.4       0.943894       0.881329
            645            -19          704.8         1.0277       0.881329
            646             44          688.2       0.939907       0.881329
            647             60            665       0.917241       0.881329
            648             95            656       0.873502       0.881329
            649             86          647.8       0.882802       0.881329
            650            484          -15.8     -0.0337463       0.227939
            651            390            345       0.469388       0.227939
            652             81          615.8       0.883754       0.881329
            653             81          684.8       0.894228       0.881329
            654             14          634.2       0.978402       0.881329
            655            342          159.6       0.318182       0.227939
            656            408          124.4       0.233659       0.227939
            657            616          -50.2     -0.0887239       0.227939
            658            471           62.8       0.117647       0.227939
            659            358          395.4       0.524821       0.227939
            660             32          744.6       0.958795       0.881329
            661             63          777.4       0.925036       0.881329
            662            115            665       0.852564       0.881329
            663             36          682.8       0.949917       0.881329
            664             48          866.4       0.947507       0.881329
            665             79          876.2       0.917295       0.881329
            666            124          679.2       0.845618       0.881329
            667             71          818.8       0.920207       0.881329
            668             16          613.8       0.974595       0.881329
            669            -27          725.4        1.03866       0.881329
            670            108          681.4       0.863187       0.881329
            671             47          770.6       0.942515       0.881329
            672             75            604       0.889543       0.881329
            673             88          844.4        0.90562       0.881329
            674            104          708.2       0.871953       0.881329
            675             61          611.8       0.909334       0.881329
            676            314          249.2       0.442472       0.227939
            677            289          505.2       0.636112       0.881329
            678            -27          756.4        1.03702       0.881329
            679             96          784.8       0.891008       0.881329
            680            -34          928.8          1.038       0.881329
            681             77          715.6       0.902851       0.881329
            682             42          952.6       0.957772       0.881329
            683            359          202.2       0.360299       0.227939
            684            236          460.8       0.661309       0.881329
            685            147          642.6        0.81383       0.881329
            686            472          119.6       0.202164       0.227939
            687            127          676.6       0.841961       0.881329
            688            115            746       0.866434       0.881329
            689            152          511.6       0.770946       0.881329
            690             -4          719.8        1.00559       0.881329
            691            -17          736.4        1.02363       0.881329
            692             42          736.6       0.946057       0.881329
            693             41          691.8        0.94405       0.881329
            694             14          856.2       0.983912       0.881329
            695             29          837.2        0.96652       0.881329
            696             87          789.6       0.900753       0.881329
            697             84          835.2       0.908616       0.881329
            698             83          882.4       0.914025       0.881329
            699             69          852.2       0.925098       0.881329
            700             60            771       0.927798       0.881329
            701             81          985.8       0.924072       0.881329
            702             -4          694.8        1.00579       0.881329
            703            448          113.4       0.201995       0.227939
            704             80            642       0.889197       0.881329
            705             67          650.6       0.906633       0.881329
            706            -67          702.4        1.10545       0.881329
            707            124          856.2       0.873495       0.881329
            708            249          443.2       0.640277       0.881329
            709            579           16.2      0.0272177       0.227939
            710            538          125.4       0.189026       0.227939
            711            573          145.4       0.202394       0.227939
            712            636           48.8      0.0712617       0.227939
            713            652           69.6      0.0964523       0.227939
            714            155            674       0.813028       0.881329
            715             22          700.6       0.969554       0.881329
            716             36          969.8       0.964208       0.881329
            717             68          757.4       0.917616       0.881329
            718             57          742.6       0.928714       0.881329
            719            296          331.8       0.528512       0.227939
            720            592           56.6      0.0872649       0.227939
            721            581           41.8      0.0671162       0.227939
            722            367          349.6       0.487859       0.227939
            723             34          560.2        0.94278       0.881329
            724             85            790       0.902857       0.881329
            725             11          768.8       0.985894       0.881329
            726             71          718.8       0.910104       0.881329
            727             27          623.6         0.9585       0.881329
            728             83          759.4       0.901472       0.881329
            729            181          503.8       0.735689       0.881329
            730            274          316.2       0.535751       0.227939
            731            414           35.2      0.0783615       0.227939
            732            137          755.6       0.846516       0.881329
            733             10            732       0.986523       0.881329
            734             36          876.8       0.960561       0.881329
            735             41          746.8       0.947956       0.881329
            736             81          532.8       0.868035       0.881329
            737             20            801       0.975639       0.881329
            738             46          721.8       0.940089       0.881329
            739             81          686.8       0.894504       0.881329
            740            124          739.2       0.856348       0.881329
            741             81          890.8        0.91665       0.881329
            742             53          794.4       0.937456       0.881329
            743             48          712.4       0.936875       0.881329
            744            155            656       0.808878       0.881329
            745            242          578.6       0.705094       0.881329
            746            586          -52.2     -0.0977894       0.227939
            747            484          143.2       0.228316       0.227939
            748            411          123.8       0.231488       0.227939
            749             15            755       0.980519       0.881329
            750             66          742.8       0.918398       0.881329
            751             86          747.8       0.896858       0.881329
            752             99          759.2       0.884642       0.881329
            753            292          499.6       0.631127       0.881329
            754            249          -73.8      -0.421233       0.227939
            755            477          265.6       0.357662       0.227939
            756             65            633       0.906877       0.881329
            757             50            512       0.911032       0.881329
            758             40            586       0.936102       0.881329
            759             23          604.4       0.963341       0.881329
            760             77          732.6       0.904891       0.881329
            761             86          681.8       0.887992       0.881329
            762             56          836.8       0.937276       0.881329
            763            145            778       0.842904       0.881329
            764            240            801       0.769452       0.881329
            765            174          880.2       0.834946       0.881329
            766             97          904.6       0.903155       0.881329
            767            110            950       0.896226       0.881329
            768              0            667              1       0.881329
            769             69          713.2       0.911787       0.881329
            770             90            805       0.899441       0.881329
            771             66          865.8       0.929169       0.881329
            772             25            734       0.967062       0.881329
            773             92          854.6        0.90281       0.881329
            774              4          777.2        0.99488       0.881329
            775             85            795       0.903409       0.881329
            776              8          649.4       0.987831       0.881329
            777            126          678.8       0.843439       0.881329
            778             55            821       0.937215       0.881329
            779             93          775.4       0.892906       0.881329
            780             47          918.6       0.951326       0.881329
            781            120            882        0.88024       0.881329
            782             59          650.2       0.916808       0.881329
            783            120            705       0.854545       0.881329
            784             65            792       0.924154       0.881329
            785            369          356.2       0.491175       0.227939
            786            556           73.8        0.11718       0.227939
            787            141          500.8       0.780305       0.881329
            788            -13          771.6        1.01714       0.881329
            789            100            839       0.893504       0.881329
            790             23          839.4        0.97333       0.881329
            791             55            839       0.938479       0.881329
            792              3          763.4       0.996086       0.881329
            793             84          575.2       0.872573       0.881329
            794              1          750.8        0.99867       0.881329
            795            359          379.2       0.513682       0.227939
            796            398          -64.6      -0.193761       0.227939
            797            542          168.6       0.237264       0.227939
            798            416          115.8       0.217751       0.227939
            799            419          134.2       0.242589       0.227939
            800            413           29.4      0.0664557       0.227939
            801            708            0.4    0.000564653       0.227939
            802            424           45.2      0.0963342       0.227939
            803            370             42       0.101942       0.227939
            804            380            209       0.354839       0.227939
            805            334          212.2       0.388502       0.227939
            806            123          553.4       0.818155       0.881329
            807            123          594.4       0.828548       0.881329
            808             34          781.2       0.958292       0.881329
            809            239          442.2       0.649149       0.881329
            810            542          109.6       0.168201       0.227939
            811            363          217.4       0.374569       0.227939
            812            184          430.2       0.700423       0.881329
            813            -42          780.4        1.05688       0.881329
            814             69          702.2       0.910529       0.881329
            815            173          829.4       0.827414       0.881329
            816             91          599.8       0.868269       0.881329
            817             68          683.4       0.909502       0.881329
            818            249          545.2       0.686477       0.881329
            819            413          123.4       0.230052       0.227939
            820            374            3.2     0.00848356       0.227939
            821            425            178       0.295191       0.227939
            822            449           67.2       0.130182       0.227939
            823            264          242.2       0.478467       0.227939
            824            458           33.4      0.0679691       0.227939
            825            396          -27.2     -0.0737527       0.227939
            826            422          234.6       0.357295       0.227939
            827             30            772       0.962594       0.881329
            828             31          742.8       0.959938       0.881329
            829            -16          861.2        1.01893       0.881329
            830             81          783.8       0.906337       0.881329
            831            118          698.4       0.855463       0.881329
            832             95            789       0.892534       0.881329
            833            562          213.6         0.2754       0.227939
            834            387          232.6       0.375403       0.227939
            835            461           22.8      0.0471269       0.227939
            836            574          160.2       0.218197       0.227939
            837            420            130       0.236364       0.227939
            838            531           -0.2    -0.00037679       0.227939
            839            211          328.8       0.609114       0.881329
            840            216          612.8       0.739382       0.881329
            841             53          731.4       0.932432       0.881329
            842             51          653.8       0.927639       0.881329
            843            264          419.2       0.613583       0.881329
            844            197          891.6       0.819034       0.881329
            845            134          997.2       0.881542       0.881329
            846            503           67.4       0.118163       0.227939
            847            463          111.4       0.193942       0.227939
            848            481         -109.2      -0.293706       0.227939
            849            617           22.6      0.0353346       0.227939
            850            479          192.2       0.286353       0.227939
            851            493           87.4       0.150586       0.227939
            852            541           58.8      0.0980327       0.227939
            853            479          123.2       0.204583       0.227939
            854            182          692.6       0.791905       0.881329
            855             69          594.2       0.895959       0.881329
            856              2          956.6       0.997914       0.881329
            857             65            866       0.930183       0.881329
            858             48          852.4        0.94669       0.881329
            859             53          675.4       0.927238       0.881329
            860             54          736.2       0.931663       0.881329
            861             14          871.2       0.984184       0.881329
            862             -3          819.6        1.00367       0.881329
            863             73          859.4       0.921707       0.881329
            864             54         1012.2       0.949353       0.881329
            865             44          862.2       0.951446       0.881329
            866            102          942.6       0.902355       0.881329
            867              8          938.4       0.991547       0.881329
            868             88          792.4       0.900045       0.881329
            869             26          661.8       0.962198       0.881329
            870             17          618.6       0.973254       0.881329
            871            278          187.4       0.402664       0.227939
            872             10            725       0.986395       0.881329
            873            -15            811        1.01884       0.881329
            874            287          354.6       0.552681       0.881329
            875            510            103       0.168026       0.227939
            876            261          444.8       0.630207       0.881329
            877             70            825       0.921788       0.881329
            878            328          241.4       0.423955       0.227939
            879            185            589       0.760982       0.881329
            880            119          761.2       0.864803       0.881329
            881             20            675       0.971223       0.881329
            882             14          746.2       0.981584       0.881329
            883             75            719       0.905542       0.881329
            884              4          856.2        0.99535       0.881329
            885             24          753.2        0.96912       0.881329
            886             81          719.8       0.898851       0.881329
            887            171          437.8        0.71912       0.881329
            888            345             64       0.156479       0.227939
            889            527           19.6       0.035858       0.227939
            890            520             12      0.0225564       0.227939
            891            332          247.6       0.427191       0.227939
            892             60            829       0.932508       0.881329
            893             74          789.2       0.914272       0.881329
            894             29          943.2       0.970171       0.881329
            895            114          760.2       0.869595       0.881329
            896              3          896.4       0.996664       0.881329
            897             80            582       0.879154       0.881329
            898             31          780.8       0.961813       0.881329
            899            -17          800.4         1.0217       0.881329
            900             42          706.6       0.943895       0.881329
            901             74          662.2       0.899484       0.881329
            902             22          721.6       0.970414       0.881329
            903             63          750.4       0.922547       0.881329
            904             63          750.4       0.922547       0.881329
            905            324          155.2       0.323873       0.227939
            906            450             33       0.068323       0.227939
            907            498          207.4       0.294018       0.227939
            908            344          222.2       0.392441       0.227939
            909            211          534.8       0.717082       0.881329
            910             75            669       0.899194       0.881329
            911             20            741       0.973719       0.881329
            912             67          923.6       0.932364       0.881329
            913             24          948.2       0.975314       0.881329
            914             91          951.8       0.912735       0.881329
            915            119          877.2       0.880546       0.881329
            916            113          837.4       0.881103       0.881329
            917            160            859       0.842983       0.881329
            918            118          954.4       0.889966       0.881329
            919             69          806.2       0.921161       0.881329
            920            141          810.8        0.85186       0.881329
            921            118          777.4       0.868215       0.881329
            922             48          881.4       0.948354       0.881329
            923             19          691.2       0.973247       0.881329
            924             81          733.8       0.900589       0.881329
            925            117          729.6         0.8618       0.881329
            926            116          455.8       0.797132       0.881329
            927            283          182.4       0.391921       0.227939
            928            176          600.8       0.773429       0.881329
            929            430             23      0.0507726       0.227939
            930            376            4.8       0.012605       0.227939
            931            463          -24.6     -0.0561131       0.227939
            932            375            148       0.282983       0.227939
            933            464          192.2       0.292899       0.227939
            934            321          288.8       0.473598       0.227939
            935            563          107.4       0.160203       0.227939
            936            281          490.8       0.635916       0.881329
            937            310            291       0.484193       0.227939
            938            312          129.6       0.293478       0.227939
            939            430            220       0.338462       0.227939
            940            355            135        0.27551       0.227939
            941            131          602.8       0.821477       0.881329
            942            243          487.4       0.667306       0.881329
            943            382          185.6       0.326991       0.227939
            944             81          637.8       0.887312       0.881329
            945            -10            696        1.01458       0.881329
            946            125            780       0.861878       0.881329
            947            -35            642        1.05766       0.881329
            948            463           93.4       0.167865       0.227939
            949            475            116       0.196277       0.227939
            950            452          158.6       0.259745       0.227939
            951            531           21.8      0.0394356       0.227939
            952            130            705       0.844311       0.881329
            953            -18          811.6        1.02268       0.881329
            954             32          798.6       0.961474       0.881329
            955             59          812.2       0.932277       0.881329
            956             46          637.8       0.932729       0.881329
            957             23          665.4       0.966589       0.881329
            958            237          279.6       0.541231       0.881329
            959              9          767.2       0.988405       0.881329
            960            -28          719.6        1.04049       0.881329
            961              6          708.8       0.991606       0.881329
            962             -2          935.4        1.00214       0.881329
            963            184          299.2       0.619205       0.881329
            964            436          111.8       0.204089       0.227939
            965            305            357       0.539275       0.227939
            966            552           79.6       0.126029       0.227939
            967            368           92.4       0.200695       0.227939
            968            481           33.8      0.0656566       0.227939
            969            422          115.6        0.21503       0.227939
            970            211          559.8       0.726258       0.881329
            971            148          569.4       0.793699       0.881329
            972            490             87        0.15078       0.227939
            973            176          696.8        0.79835       0.881329
            974             60            701       0.921156       0.881329
            975             17          763.6       0.978222       0.881329
            976             44          808.2       0.948369       0.881329
            977             35            513       0.936131       0.881329
            978              5            642       0.992272       0.881329
            979             65            772       0.922342       0.881329
            980            113          629.4       0.847791       0.881329
            981            392          220.6       0.360104       0.227939
            982            401           52.8       0.116351       0.227939
            983            506           27.8      0.0520794       0.227939
            984            118          648.4       0.846033       0.881329
            985             75            870       0.920635       0.881329
            986            110            712        0.86618       0.881329
            987            447           80.6       0.152767       0.227939
            988            422          191.6       0.312256       0.227939
            989            155            583       0.789973       0.881329
            990             10            874       0.988688       0.881329
            991            111          992.8       0.899438       0.881329
            992            -12          879.4        1.01383       0.881329
            993             53          806.4       0.938329       0.881329
            994             57          794.6       0.933067       0.881329
            995            -33          829.6        1.04143       0.881329
            996            107          797.6       0.881716       0.881329
            997            -41          613.2        1.07165       0.881329
            998              7          888.6       0.992184       0.881329
            999             76          814.8       0.914683       0.881329
           1000             17          871.6       0.980869       0.881329
           1001             44          788.2       0.947128       0.881329
           1002            110            654       0.856021       0.881329
           1003            -27          784.4        1.03565       0.881329
           1004             54          786.2        0.93573       0.881329
           1005             74          617.2        0.89294       0.881329
           1006             61          697.8        0.91961       0.881329
           1007            111          689.8       0.861389       0.881329
           1008            471          123.8       0.208137       0.227939
           1009            597           87.6       0.127958       0.227939
           1010            571           99.8       0.148778       0.227939
           1011            174          252.2       0.591741       0.881329
           1012            -19          914.8        1.02121       0.881329
           1013            232          581.6       0.714848       0.881329
           1014            496           15.8      0.0308714       0.227939
           1015            510             67       0.116118       0.227939
           1016            511          197.8       0.279063       0.227939
           1017            421          127.8       0.232872       0.227939
           1018            -14          662.8        1.02158       0.881329
           1019              8          652.4       0.987886       0.881329
           1020             16          651.8       0.976041       0.881329
           1021             52          879.6       0.944182       0.881329
           1022             78          780.4       0.909133       0.881329
           1023             89          786.2       0.898309       0.881329
           1024             51          689.8       0.931156       0.881329
           1025            592           32.6      0.0521934       0.227939
           1026            483           56.4       0.104561       0.227939
           1027            442          216.6       0.328879       0.227939
           1028            398          -12.6     -0.0326933       0.227939
           1029            358          -17.6     -0.0517039       0.227939
           1030            271          449.8       0.624029       0.881329
           1031            241          519.8       0.683228       0.881329
           1032             -4          660.8        1.00609       0.881329
           1033            241          487.8       0.669319       0.881329
           1034            454           57.2       0.111894       0.227939
           1035            392          314.6       0.445231       0.227939
           1036             70            855       0.924324       0.881329
           1037            167          505.6        0.75171       0.881329
           1038            106          600.8       0.850028       0.881329
           1039            265            335       0.558333       0.881329
           1040            672          181.6       0.212746       0.227939
           1041            747          389.6       0.342777       0.227939
           1042             90            678       0.882813       0.881329
           1043             27          662.6       0.960847       0.881329
           1044             25            607       0.960443       0.881329
           1045             35            639       0.948071       0.881329
           1046             24          706.2       0.967132       0.881329
           1047             73          700.4       0.905612       0.881329
           1048             31          532.8       0.945016       0.881329
           1049            -45            720        1.06667       0.881329
           1050             96          497.8       0.838329       0.881329
           1051             36          697.8        0.95094       0.881329
           1052             20            705       0.972414       0.881329
           1053            -24          651.8        1.03823       0.881329
           1054             72          697.6       0.906445       0.881329
           1055              0            713              1       0.881329
           1056             41          652.8       0.940905       0.881329
           1057              6          718.8       0.991722       0.881329
           1058             21          806.8       0.974632       0.881329
           1059             30            671       0.957204       0.881329
           1060             27          661.6        0.96079       0.881329
           1061            -13          637.6        1.02081       0.881329
           1062             30            681       0.957806       0.881329
           1063             70            706       0.909794       0.881329
           1064             18          924.4         0.9809       0.881329
           1065              2          882.6       0.997739       0.881329
           1066             52          699.6       0.930814       0.881329
           1067             11          887.8       0.987761       0.881329
           1068             67          881.6        0.92937       0.881329
           1069            272          572.6       0.677954       0.881329
           1070            405            398       0.495641       0.881329
           1071             -1          659.2        1.00152       0.881329
           1072             59          744.2       0.926544       0.881329
           1073             82          646.6       0.887455       0.881329
           1074            169          754.2       0.816941       0.881329
           1075             39          637.2       0.942325       0.881329
           1076             73          900.4       0.925005       0.881329
           1077            120            802       0.869848       0.881329
           1078            440            528       0.545455       0.227939
           1079            409          268.2       0.396043       0.227939
           1080            613          148.4       0.194904       0.227939
           1081            573          247.4        0.30156       0.227939
           1082            587          253.6       0.301689       0.227939
           1083            570            -34     -0.0634328       0.227939
           1084            169          594.2       0.778564       0.881329
           1085            207          607.6       0.745888       0.881329
           1086            457          370.6       0.447801       0.227939
           1087            541          140.8       0.206512       0.227939
           1088            265             55       0.171875       0.227939
           1089            568           -6.6     -0.0117563       0.227939
           1090            666          346.8       0.342417       0.227939
           1091             78          778.4       0.908921       0.881329
           1092             99          834.2       0.893913       0.881329
           1093             36          810.8       0.957487       0.881329
           1094             97          656.6       0.871285       0.881329
           1095             70            866       0.925214       0.881329
           1096             20            833       0.976553       0.881329
           1097            -11          738.2        1.01513       0.881329
           1098             88          525.4       0.856537       0.881329
           1099            111          584.8       0.840471       0.881329
           1100             58          649.4        0.91801       0.881329
           1101            428          230.4       0.349939       0.227939
           1102            751          191.8       0.203437       0.227939
           1103            667          118.6       0.150967       0.227939
           1104            975            155       0.137168       0.227939
           1105            791          219.8       0.217452       0.227939
           1106            386          627.8       0.619254       0.881329
           1107             86          731.8        0.89484       0.881329
           1108            479          353.2       0.424417       0.227939
           1109            697           74.6      0.0966822       0.227939
           1110            538          186.4       0.257316       0.227939
           1111             56          748.8       0.930417       0.881329
           1112             42          911.6       0.955956       0.881329
           1113            -25            893         1.0288       0.881329
           1114            306          500.8       0.620724       0.881329
           1115            477          104.6       0.179849       0.227939
           1116            535             86       0.138486       0.227939
           1117            531          279.8       0.345091       0.227939
           1118            172          581.6       0.771762       0.881329
           1119             37          650.6        0.94619       0.881329
           1120            525             57      0.0979381       0.227939
           1121            659           81.2         0.1097       0.227939
           1122            720            204       0.220779       0.227939
           1123            306          404.8       0.569499       0.227939
           1124            537          260.6        0.32673       0.227939
           1125            137          662.6       0.828664       0.881329
           1126            161          729.8       0.819264       0.881329
           1127            560             81       0.126365       0.227939
           1128            401          154.8       0.278517       0.227939
           1129             37          734.6       0.952048       0.881329
           1130             84          588.2       0.875037       0.881329
           1131             53          664.4       0.926122       0.881329
           1132             96          709.8       0.880864       0.881329
           1133            149          704.2       0.825363       0.881329
           1134             89          556.2       0.862058       0.881329
           1135            682           72.6      0.0962099       0.227939
           1136            589          -12.8     -0.0222145       0.227939
           1137            668          123.4       0.155926       0.227939
           1138            561          206.8       0.269341       0.227939
           1139            484          121.2       0.200264       0.227939
           1140            567           90.6       0.137774       0.227939
           1141            288          267.4       0.481455       0.227939
           1142            430            234        0.35241       0.227939
           1143            594          100.2       0.144339       0.227939
           1144            603          174.4       0.224338       0.227939
           1145             53          603.4       0.919257       0.881329
           1146             69          779.2       0.918651       0.881329
           1147              6          908.8       0.993441       0.881329
           1148            386          263.8       0.405971       0.227939
           1149           1270             87       0.064112       0.227939
           1150             82          682.6       0.892754       0.881329
           1151             34          717.2       0.954739       0.881329
           1152              7          689.6       0.989951       0.881329
           1153             56          752.8       0.930762       0.881329
           1154            104          734.2       0.875925       0.881329
           1155            441          355.8       0.446536       0.227939
           1156            567           24.6      0.0415822       0.227939
           1157            277          575.6       0.675111       0.881329
           1158             54          682.2        0.92665       0.881329
           1159            103          757.4       0.880288       0.881329
           1160             40            627        0.94003       0.881329
           1161             98          734.4       0.882268       0.881329
           1162             31          777.8       0.961672       0.881329
           1163              8          662.4       0.988067       0.881329
           1164            110            584       0.841499       0.881329
           1165             52          716.6       0.932345       0.881329
           1166              1          595.8       0.998324       0.881329
           1167            109          667.2       0.859572       0.881329
           1168            340            274       0.446254       0.227939
           1169            674          130.2         0.1619       0.227939
           1170            304          321.2       0.513756       0.227939
           1171            492           50.6      0.0932547       0.227939
           1172            241          428.8       0.640191       0.881329
           1173            151          671.8        0.81648       0.881329
           1174              3          605.4       0.995069       0.881329
           1175            440             54       0.109312       0.227939
           1176            534           82.2       0.133398       0.227939
           1177            635            150       0.191083       0.227939
           1178            393          290.4       0.424934       0.227939
           1179            520            148       0.221557       0.227939
           1180            449          245.2       0.353212       0.227939
           1181             75            721       0.905779       0.881329
           1182             66          670.8       0.910423       0.881329
           1183             48          605.4       0.926538       0.881329
           1184             53          738.4        0.93303       0.881329
           1185             82          761.6       0.902798       0.881329
           1186            443          306.4        0.40886       0.227939
           1187             83          581.4       0.875075       0.881329
           1188             45            728       0.941785       0.881329
           1189            384          282.2       0.423597       0.227939
           1190            670            288       0.300626       0.227939
           1191             83          737.4        0.89883       0.881329
           1192             42          715.6       0.944562       0.881329
           1193            408          540.4       0.569802       0.881329
           1194            649          191.2       0.227565       0.227939
           1195            288          617.4       0.681909       0.881329
           1196             83          697.4       0.893644       0.881329
           1197            157          834.6        0.84167       0.881329
           1198            355            356       0.500703       0.227939
           1199            552           49.6      0.0824468       0.227939
           1200            686          129.8       0.159108       0.227939
           1201            609           49.2      0.0747493       0.227939
           1202            514          159.2       0.236482       0.227939
           1203            244          555.2       0.694695       0.881329
           1204             97          734.6       0.883357       0.881329
           1205             28          768.4       0.964842       0.881329
           1206            154          485.2       0.759074       0.881329
           1207            446          215.8        0.32608       0.227939
           1208             37          618.6       0.943563       0.881329
           1209            504           30.2      0.0565331       0.227939
           1210            388          322.4       0.453829       0.227939
           1211              9          504.2       0.982463       0.881329
           1212             12          764.6       0.984548       0.881329
           1213            342          252.6       0.424823       0.227939
           1214            553           94.4       0.145814       0.227939
           1215            558           77.4       0.121813       0.227939
           1216            478           82.4       0.147038       0.227939
           1217            421          174.8       0.293387       0.227939
           1218            430             80       0.156863       0.227939
           1219            460            140       0.233333       0.227939
           1220            463          153.4       0.248864       0.227939
           1221            468          253.4       0.351261       0.227939
           1222            554           41.2      0.0692204       0.227939
           1223            164          745.2       0.819622       0.881329
           1224             37         1043.6        0.96576       0.881329
           1225             82          601.6       0.880047       0.881329
           1226             29          703.2       0.960393       0.881329
           1227            102          764.6       0.882299       0.881329
           1228             45            532        0.92201       0.881329
           1229             90            722       0.889163       0.881329
           1230            107          499.6       0.823607       0.881329
           1231            -32          922.4        1.03594       0.881329
           1232            -17          590.4        1.02965       0.881329
           1233             11          821.8       0.986792       0.881329
           1234            185            578       0.757536       0.881329
           1235             66          674.8       0.910907       0.881329
           1236            289          373.2       0.563576       0.881329
           1237            688          177.4       0.204992       0.227939
           1238            141          638.8       0.819184       0.881329
           1239            168          660.4       0.797199       0.881329
           1240             15            681       0.978448       0.881329
           1241            -47          652.4        1.07763       0.881329
           1242            114          707.2       0.861179       0.881329
           1243            686           45.8      0.0625854       0.227939
           1244            474          338.2         0.4164       0.227939
           1245            346           94.8       0.215064       0.227939
           1246            284           33.2       0.104666       0.227939
