              0            312          312.6        0.50048       0.326678
              1             45            543       0.923469       0.864296
              2            206          639.8       0.756444       0.864296
              3            123          669.4       0.844775       0.864296
              4            102          754.6       0.880925       0.864296
              5            314          484.2       0.606615       0.864296
              6            158          666.4       0.808345       0.864296
              7             60            836       0.933036       0.864296
              8            124          821.2       0.868811       0.864296
              9             17          816.6       0.979607       0.864296
             10            169          830.2       0.830865       0.864296
             11            314          483.2       0.606121       0.864296
             12            389          297.2        0.43311       0.326678
             13            439          360.2       0.450701       0.326678
             14            398          201.4       0.336003       0.326678
             15            464          159.2       0.255456       0.326678
             16            163          773.4       0.825929       0.864296
             17             85            803       0.904279       0.864296
             18             92          819.6       0.899079       0.864296
             19            458          369.4       0.446459       0.326678
             20            360            170       0.320755       0.326678
             21            481          187.8       0.280801       0.326678
             22            562          223.6       0.284623       0.326678
             23            467          198.6       0.298377       0.326678
             24            522          255.6       0.328704       0.326678
             25            412          104.6       0.202478       0.326678
             26            466          252.8       0.351697       0.326678
             27            502          182.6       0.266725       0.326678
             28            319          396.2       0.553971       0.326678
             29             94          835.2       0.898838       0.864296
             30             51          826.8         0.9419       0.864296
             31            134          795.2        0.85579       0.864296
             32            433          254.4        0.37009       0.326678
             33            396          355.8       0.473264       0.326678
             34            450            193       0.300156       0.326678
             35            380            411       0.519595       0.326678
             36            496          170.8       0.256149       0.326678
             37            570            198       0.257813       0.326678
             38            583          160.4       0.215765       0.326678
             39            421          142.8       0.253281       0.326678
             40            471          146.8       0.237617       0.326678
             41            364          108.2        0.22914       0.326678
             42            162          545.6       0.771057       0.864296
             43             80            624       0.886364       0.864296
             44             90            740       0.891566       0.864296
             45            106          708.8       0.869907       0.864296
             46            293          376.4       0.562295       0.864296
             47            122          788.6       0.866022       0.864296
             48            117          665.6       0.850498       0.864296
             49            374          277.2       0.425676       0.326678
             50            194          697.2       0.782316       0.864296
             51            229          511.2       0.690624       0.864296
             52            339          229.2       0.403379       0.326678
             53            375            266       0.414977       0.326678
             54            286          179.8       0.386003       0.326678
             55            330            313       0.486781       0.326678
             56            209          823.2        0.79752       0.864296
             57            440             73         0.1423       0.326678
             58             74          786.2       0.913973       0.864296
             59            101          644.8       0.864575       0.864296
             60             85            633       0.881616       0.864296
             61             57          709.6       0.925646       0.864296
             62             42          572.6       0.931663       0.864296
             63            120            791       0.868277       0.864296
             64             96          874.8       0.901112       0.864296
             65            155            705       0.819767       0.864296
             66            112          820.6       0.879906       0.864296
             67             40            717        0.94716       0.864296
             68             55            566       0.911433       0.864296
             69            148          790.4       0.842285       0.864296
             70            175            739       0.808534       0.864296
             71            261          496.8       0.655582       0.864296
             72            476          172.8       0.266338       0.326678
             73            402          236.6       0.370498       0.326678
             74            358          183.4       0.338751       0.326678
             75            231          787.8       0.773263       0.864296
             76            252          453.6       0.642857       0.864296
             77            170            562        0.76776       0.864296
             78             98          785.4       0.889065       0.864296
             79             66          664.8       0.909688       0.864296
             80            138          717.4       0.838672       0.864296
             81             48          973.4       0.953006       0.864296
             82            100            765       0.884393       0.864296
             83              1          716.8       0.998607       0.864296
             84            139          805.2       0.852785       0.864296
             85            148          460.4       0.756739       0.864296
             86            305            288       0.485666       0.326678
             87             57          872.6       0.938683       0.864296
             88             76          765.8       0.909717       0.864296
             89             30            678       0.957627       0.864296
             90            120            972        0.89011       0.864296
             91             50            883       0.946409       0.864296
             92            175            459       0.723975       0.864296
             93            169          707.2       0.807122       0.864296
             94            149          687.2       0.821813       0.864296
             95            187          790.6       0.808715       0.864296
             96            105            848       0.889822       0.864296
             97            179          857.2       0.827253       0.864296
             98             42          555.6       0.929719       0.864296
             99            114          689.2       0.858068       0.864296
            100             79          744.2       0.904033       0.864296
            101            173          622.4       0.782499       0.864296
            102            116          689.8       0.856044       0.864296
            103             71          728.8       0.911228       0.864296
            104            379          281.2       0.425932       0.326678
            105            460            184       0.285714       0.326678
            106            211          100.8       0.323284       0.326678
            107            292          381.6       0.566508       0.326678
            108             88          698.4       0.888098       0.864296
            109            100            540        0.84375       0.864296
            110             81          869.8       0.914809       0.864296
            111             40            749       0.949303       0.864296
            112            164          517.2       0.759248       0.864296
            113            167          771.6       0.822075       0.864296
            114            109          578.2       0.841385       0.864296
            115             94          878.2       0.903312       0.864296
            116             89          949.2       0.914275       0.864296
            117            121          752.8       0.861524       0.864296
            118             96          764.8       0.888476       0.864296
            119            261          346.8       0.570582       0.864296
            120            184          556.2       0.751419       0.864296
            121             60            752       0.926108       0.864296
            122             89          879.2       0.908077       0.864296
            123             75            838       0.917853       0.864296
            124            115            691        0.85732       0.864296
            125            114          717.2       0.862849       0.864296
            126            414          398.2       0.490273       0.326678
            127            421           96.8       0.186945       0.326678
            128            400            233       0.368088       0.326678
            129            579          319.2       0.355377       0.326678
            130            439          315.2       0.417926       0.326678
            131            151          673.8       0.816925       0.864296
            132             99          748.2       0.883144       0.864296
            133            131          728.8       0.847639       0.864296
            134            108          920.4       0.894982       0.864296
            135             91          665.8       0.879757       0.864296
            136            107          631.6       0.855131       0.864296
            137            140            851       0.858729       0.864296
            138             81          867.8       0.914629       0.864296
            139            210            519       0.711934       0.864296
            140            434          228.2       0.344609       0.326678
            141            321           94.8       0.227994       0.326678
            142            345            397        0.53504       0.326678
            143            102          881.6       0.896299       0.864296
            144            165            748       0.819277       0.864296
            145            105            755       0.877907       0.864296
            146            164          922.2       0.849015       0.864296
            147            116          851.8       0.880141       0.864296
            148             32          707.6       0.956733       0.864296
            149            121          736.8       0.858941       0.864296
            150            329          785.2       0.704721       0.864296
            151            483          162.4       0.251627       0.326678
            152            444          141.2       0.241285       0.326678
            153            184          762.2       0.805538       0.864296
            154            159          905.2       0.850592       0.864296
            155            357          246.6       0.408549       0.326678
            156            230            351       0.604131       0.864296
            157             71          607.8       0.895404       0.864296
            158             43          870.4       0.952923       0.864296
            159            296          487.8       0.622353       0.864296
            160            413          237.4       0.365006       0.326678
            161            160            603       0.790301       0.864296
            162            105            705        0.87037       0.864296
            163            113          774.4       0.872662       0.864296
            164            306          422.8       0.580132       0.326678
            165            301          196.8       0.395339       0.326678
            166            311          340.8        0.52286       0.326678
            167            344          316.2       0.478946       0.326678
            168            373          246.4       0.397804       0.326678
            169             92          681.6       0.881075       0.864296
            170             80            742       0.902676       0.864296
            171            112          548.6       0.830457       0.864296
            172            164          900.2       0.845894       0.864296
            173            112          861.6       0.884963       0.864296
            174             94          821.2        0.89729       0.864296
            175             86          753.8       0.897595       0.864296
            176            130            989       0.883825       0.864296
            177             39         1043.2       0.963962       0.864296
            178             96          934.8       0.906868       0.864296
            179             64          736.2        0.92002       0.864296
            180            130            756       0.853273       0.864296
            181            122          490.6       0.800849       0.864296
            182            475            170       0.263566       0.326678
            183            433          168.4       0.280013       0.326678
            184            360            125       0.257732       0.326678
            185            400            124       0.236641       0.326678
            186            330            474       0.589552       0.326678
            187            111          716.8        0.86591       0.864296
            188             94          836.2       0.898946       0.864296
            189             41          851.8       0.954077       0.864296
            190             41          778.8       0.949988       0.864296
            191             91          824.8       0.900633       0.864296
            192             76          715.8       0.904016       0.864296
            193             95            674       0.876463       0.864296
            194            142          791.6       0.847901       0.864296
            195             45            811        0.94743       0.864296
            196             58          768.4       0.929816       0.864296
            197            112          842.6       0.882673       0.864296
            198             92          694.6       0.883041       0.864296
            199            120            648        0.84375       0.864296
            200            103          792.4       0.884968       0.864296
            201            116          870.8       0.882448       0.864296
            202             80            782       0.907193       0.864296
            203             45            874       0.951034       0.864296
            204            126          713.8       0.849964       0.864296
            205             63          981.4       0.939678       0.864296
            206            133          915.4        0.87314       0.864296
            207             35            805       0.958333       0.864296
            208            139          591.2       0.809641       0.864296
            209            339          325.2       0.489612       0.326678
            210            106          760.8       0.877711       0.864296
            211             37          790.6       0.955292       0.864296
            212             66          775.8       0.921597       0.864296
            213             76          754.8       0.908522       0.864296
            214             45            728       0.941785       0.864296
            215            219          588.2       0.728692       0.864296
            216            372          184.6       0.331656       0.326678
            217            452          167.6       0.270497       0.326678
            218            125            731       0.853972       0.864296
            219             43          753.4       0.946007       0.864296
            220             79          778.2       0.907839       0.864296
            221             62          752.6       0.923889       0.864296
            222             40            972       0.960474       0.864296
            223            325            497       0.604623       0.864296
            224            348           49.4       0.124308       0.326678
            225            347          255.6       0.424162       0.326678
            226            371          190.8       0.339623       0.326678
            227            277          136.6       0.330271       0.326678
            228             96          673.8       0.875292       0.864296
            229            148          849.4       0.851614       0.864296
            230             41          787.8       0.950531       0.864296
            231            150            665       0.815951       0.864296
            232             67          766.6       0.919626       0.864296
            233            150            796       0.841438       0.864296
            234            147          538.6       0.785589       0.864296
            235            118          870.4       0.880615       0.864296
            236            182          703.6        0.79449       0.864296
            237            108          858.4       0.888245       0.864296
            238            119          761.2       0.864803       0.864296
            239             90            761       0.894242       0.864296
            240            156          725.8       0.823089       0.864296
            241            101          834.8       0.892071       0.864296
            242            145            725       0.833333       0.864296
            243            145            577       0.799169       0.864296
            244            491          139.8       0.221623       0.326678
            245            445            222       0.332834       0.326678
            246             59          828.2       0.933499       0.864296
            247             65            690       0.913907       0.864296
            248            409          127.2       0.237225       0.326678
            249            336          184.8       0.354839       0.326678
            250            435             64       0.128257       0.326678
            251            494           11.2      0.0221694       0.326678
            252            394           99.2       0.201135       0.326678
            253            305            238       0.438306       0.326678
            254             30            842       0.965596       0.864296
            255             92          704.6       0.884509       0.864296
            256            120            930       0.885714       0.864296
            257            196          829.8        0.80893       0.864296
            258            144          682.2       0.825708       0.864296
            259            120            743        0.86095       0.864296
            260             74          828.2       0.917978       0.864296
            261            148          936.4       0.863519       0.864296
            262            155            896       0.852521       0.864296
            263            172          996.6       0.852815       0.864296
            264            130            735       0.849711       0.864296
            265             97          660.6       0.871964       0.864296
            266            145            701       0.828605       0.864296
            267             86          708.8       0.891797       0.864296
            268             39          617.2       0.940567       0.864296
            269            122          694.6         0.8506       0.864296
            270            186          720.8       0.794883       0.864296
            271            445            358       0.445828       0.326678
            272            474          184.2       0.279854       0.326678
            273            483          185.4       0.277379       0.326678
            274            398          159.4       0.285971       0.326678
            275            489          105.2       0.177045       0.326678
            276            378          139.4       0.269424       0.326678
            277            535            217       0.288564       0.326678
            278            499          289.2       0.366912       0.326678
            279            226          393.8       0.635366       0.326678
            280            286          373.8       0.566535       0.864296
            281             81          720.8       0.898977       0.864296
            282            288          344.4       0.544592       0.326678
            283            461           81.8         0.1507       0.326678
            284            330            171       0.341317       0.326678
            285            325            313       0.490596       0.326678
            286            123          682.4       0.847281       0.864296
            287            368          240.4       0.395135       0.326678
            288            504           79.2       0.135802       0.326678
            289            393          198.4       0.335475       0.326678
            290            385            181       0.319788       0.326678
            291            121          792.8       0.867586       0.864296
            292             90            829       0.902067       0.864296
            293             68          858.4       0.926598       0.864296
            294            139          554.2       0.799481       0.864296
            295             84          771.2       0.901777       0.864296
            296            132          550.6       0.806622       0.864296
            297            303          212.4       0.412107       0.326678
            298             67          721.6       0.915039       0.864296
            299            238          563.4        0.70302       0.864296
            300            463          225.4       0.327426       0.326678
            301            336          248.8       0.425445       0.326678
            302            403          115.4       0.222608       0.326678
            303             51          749.8       0.936314       0.864296
            304            127          581.6       0.820773       0.864296
            305            131          571.8       0.813603       0.864296
            306            107          649.6       0.858578       0.864296
            307             95            735       0.885542       0.864296
            308             92          581.6        0.86342       0.864296
            309             71          782.8       0.916842       0.864296
            310            429          197.2       0.314915       0.326678
            311            420            156       0.270833       0.326678
            312            365            245       0.401639       0.326678
            313            134          655.2       0.830208       0.864296
            314             74          777.2       0.913064       0.864296
            315            374           37.2      0.0904669       0.326678
            316            324          102.2       0.239794       0.326678
            317            401          173.8       0.302366       0.326678
            318            253          281.4       0.526572       0.326678
            319            181          804.8       0.816393       0.864296
            320             37          790.6       0.955292       0.864296
            321             56          668.8       0.922737       0.864296
            322            130            739       0.850403       0.864296
            323             73          637.4       0.897241       0.864296
            324             57          599.6       0.913189       0.864296
            325            140            757       0.843924       0.864296
            326             76          539.8       0.876583       0.864296
            327            155            579       0.788828       0.864296
            328            525             26      0.0471869       0.326678
            329            286          163.8       0.364162       0.326678
            330            381          121.8       0.242243       0.326678
            331            500             94       0.158249       0.326678
            332            308           94.4       0.234592       0.326678
            333            378          142.4       0.273636       0.326678
            334            361          325.8       0.474374       0.326678
            335            462          149.6       0.244604       0.326678
            336            397          263.6       0.399031       0.326678
            337            169          583.2       0.775326       0.864296
            338            127          602.6       0.825932       0.864296
            339            126          583.8       0.822485       0.864296
            340             23          651.4       0.965896       0.864296
            341             55            630       0.919708       0.864296
            342            106          991.8       0.903443       0.864296
            343            121          702.8        0.85312       0.864296
            344             65            789       0.923888       0.864296
            345             21          710.8       0.971304       0.864296
            346             81          809.8        0.90907       0.864296
            347            123          862.4       0.875178       0.864296
            348             73          704.4       0.906097       0.864296
            349            221          473.8       0.681923       0.864296
            350             99          780.2       0.887398       0.864296
            351             43          739.4       0.945041       0.864296
            352            114          780.2       0.872512       0.864296
            353            179          579.2       0.763915       0.864296
            354            352           74.6       0.174871       0.326678
            355            382          105.6       0.216571       0.326678
            356            433          226.4       0.343342       0.326678
            357            411          234.8        0.36358       0.326678
            358            474           70.2       0.128997       0.326678
            359            265            199       0.428879       0.326678
            360            357           84.6       0.191576       0.326678
            361            325            190       0.368932       0.326678
            362            496          155.8        0.23903       0.326678
            363            420            195       0.317073       0.326678
            364            428           96.4       0.183829       0.326678
            365            343          213.4       0.383537       0.326678
            366            128          647.4       0.834924       0.864296
            367             66          593.8        0.89997       0.864296
            368             24          578.2       0.960146       0.864296
            369            101          551.8       0.845282       0.864296
            370             93          450.4       0.828855       0.864296
            371            251          322.8       0.562565       0.864296
            372              8          990.4       0.991987       0.864296
            373            162          732.6       0.818913       0.864296
            374            109          678.2       0.861535       0.864296
            375            158          814.4       0.837515       0.864296
            376             94          600.2       0.864592       0.864296
            377             62          784.6       0.926766       0.864296
            378            166          711.8       0.810891       0.864296
            379            126         1005.8       0.888673       0.864296
            380             91          735.8       0.889937       0.864296
            381             47          792.6       0.944021       0.864296
            382             27          651.6       0.960212       0.864296
            383             47          791.6       0.943954       0.864296
            384            132          561.6       0.809689       0.864296
            385             39          783.2       0.952566       0.864296
            386             36          690.8       0.950468       0.864296
            387            101          700.8       0.874033       0.864296
            388             63          718.4       0.919375       0.864296
            389             73          737.4       0.909921       0.864296
            390             18          797.4       0.977925       0.864296
            391             39          848.2       0.956041       0.864296
            392             38          723.4       0.950092       0.864296
            393            151          771.8       0.836368       0.864296
            394            143          683.4        0.82696       0.864296
            395            205            358       0.635879       0.864296
            396            329           26.2      0.0737613       0.326678
            397             94          645.2       0.872835       0.864296
            398             61          775.8       0.927103       0.864296
            399            279          533.2       0.656489       0.864296
            400            182          469.6       0.720688       0.864296
            401             41          614.8       0.937481       0.864296
            402             25            681       0.964589       0.864296
            403             98          820.4       0.893293       0.864296
            404            127          861.6       0.871536       0.864296
            405            157          413.6       0.724851       0.864296
            406            354          208.2       0.370331       0.326678
            407             85            797       0.903628       0.864296
            408            148          784.4        0.84127       0.864296
            409             86          854.8       0.908588       0.864296
            410            152         1197.6       0.887374       0.864296
            411             89          802.2       0.900135       0.864296
            412             69          575.2        0.89289       0.864296
            413            130            797       0.859763       0.864296
            414             -2          633.4        1.00317       0.864296
            415            169          681.2       0.801223       0.864296
            416             33          743.4       0.957496       0.864296
            417             46          897.8       0.951261       0.864296
            418            111          920.8       0.892421       0.864296
            419            110            789       0.877642       0.864296
            420            148          765.4       0.837968       0.864296
            421             69          833.2        0.92352       0.864296
            422             97          848.6        0.89742       0.864296
            423            118          877.4       0.881455       0.864296
            424             74          688.2       0.902913       0.864296
            425            284          693.2       0.709374       0.864296
            426             78          693.4       0.898885       0.864296
            427             84          693.2        0.89192       0.864296
            428            113          708.4        0.86243       0.864296
            429            358          168.4       0.319909       0.326678
            430            283           41.4        0.12762       0.326678
            431            337          206.6       0.380059       0.326678
            432            384          168.2         0.3046       0.326678
            433            196          190.8       0.493278       0.326678
            434             46          778.8       0.944229       0.864296
            435            142          765.6       0.843543       0.864296
            436            104          687.2       0.868554       0.864296
            437            196          754.8       0.793858       0.864296
            438            116          631.8       0.844878       0.864296
            439            388          188.4       0.326856       0.326678
            440            354          126.2       0.262807       0.326678
            441            331          113.8       0.255845       0.326678
            442            404          240.2       0.372866       0.326678
            443            443          149.4       0.252194       0.326678
            444            195            524        0.72879       0.864296
            445            146          497.8       0.773221       0.864296
            446             72          755.6       0.913001       0.864296
            447            132          982.6       0.881572       0.864296
            448            131          814.8       0.861493       0.864296
            449             34          695.2       0.953374       0.864296
            450             34          852.2       0.961634       0.864296
            451             79          736.2       0.903091       0.864296
            452             59          820.2       0.932894       0.864296
            453            189          464.2       0.710655       0.864296
            454            412          239.6        0.36771       0.326678
            455            318          334.4       0.512569       0.326678
            456            101          732.8       0.878868       0.864296
            457            247          375.6       0.603277       0.864296
            458            153          624.4        0.80319       0.864296
            459             79          676.2       0.895392       0.864296
            460            141          778.8       0.846706       0.864296
            461            381          174.8       0.314502       0.326678
            462            386          297.8       0.435507       0.326678
            463            320            495       0.607362       0.864296
            464             59          494.2       0.893348       0.864296
            465            130            588       0.818942       0.864296
            466             85            737       0.896594       0.864296
            467             77          893.6       0.920668       0.864296
            468            216          180.8       0.455645       0.326678
            469            380             36      0.0865385       0.326678
            470            407           80.6       0.165299       0.326678
            471            371           15.8       0.040848       0.326678
            472            190            338       0.640152       0.864296
            473             73          556.4       0.884017       0.864296
            474            163          686.4         0.8081       0.864296
            475            114          743.2       0.867009       0.864296
            476             76          747.8       0.907745       0.864296
            477             36          798.8       0.956876       0.864296
            478             87          733.6        0.89398       0.864296
            479             95            798       0.893617       0.864296
            480            166          454.8       0.732603       0.864296
            481            144          670.2       0.823139       0.864296
            482            163          505.4       0.756134       0.864296
            483            369          147.2       0.285161       0.326678
            484            269          371.2       0.579819       0.326678
            485            284          216.2       0.432227       0.326678
            486            416          162.8       0.281272       0.326678
            487            245            503        0.67246       0.864296
            488             95            630       0.868966       0.864296
            489            256          449.8       0.637291       0.864296
            490             46          743.8       0.941757       0.864296
            491            141          500.8       0.780305       0.864296
            492            288          487.4       0.628579       0.864296
            493            107          694.6       0.866517       0.864296
            494            188          688.4       0.785486       0.864296
            495             79          930.2        0.92172       0.864296
            496            119          891.2       0.882202       0.864296
            497             84          937.2       0.917744       0.864296
            498             90            860       0.905263       0.864296
            499            260            771       0.747818       0.864296
            500            104          649.2       0.861922       0.864296
            501            147          849.6       0.852498       0.864296
            502            112          696.6       0.861489       0.864296
            503             96          729.8       0.883749       0.864296
            504            186          669.8       0.782659       0.864296
            505            185            547       0.747268       0.864296
            506            362          266.6       0.424117       0.326678
            507             80            719       0.899875       0.864296
            508            278          233.4       0.456394       0.326678
            509            366          124.8       0.254279       0.326678
            510            391           89.8       0.186772       0.326678
            511            420            140           0.25       0.326678
            512             73          691.4         0.9045       0.864296
            513            120            697       0.853121       0.864296
            514            101          721.8       0.877248       0.864296
            515            281          482.8       0.632103       0.864296
            516            279          261.2       0.483525       0.326678
            517              3          723.4        0.99587       0.864296
            518             86          968.8       0.918468       0.864296
            519            -21          883.2        1.02436       0.864296
            520             61          982.8        0.94156       0.864296
            521            -24          933.8        1.02638       0.864296
            522            118          933.4       0.887769       0.864296
            523             64          793.2       0.925338       0.864296
            524            260            579       0.690107       0.864296
            525            213          404.4       0.655005       0.864296
            526             35            839       0.959954       0.864296
            527             46          866.8       0.949606       0.864296
            528            152          873.6       0.851794       0.864296
            529             36          764.8       0.955045       0.864296
            530             86          570.8       0.869062       0.864296
            531            223          535.4        0.70596       0.864296
            532            337          288.6       0.461317       0.326678
            533            155            693       0.817217       0.864296
            534             86          810.8       0.904103       0.864296
            535            121          602.8       0.832827       0.864296
            536             71          671.8       0.904416       0.864296
            537             84          722.2       0.895807       0.864296
            538             38          947.4       0.961437       0.864296
            539            164          859.2       0.839719       0.864296
            540            -27          639.4        1.04409       0.864296
            541             13          857.4       0.985064       0.864296
            542            162          820.6       0.835131       0.864296
            543            145            800       0.846561       0.864296
            544             61          673.8       0.916984       0.864296
            545             11          625.8       0.982726       0.864296
            546            121          672.8       0.847569       0.864296
            547             81          831.8       0.911262       0.864296
            548             86          817.8       0.904846       0.864296
            549            109          693.2       0.864124       0.864296
            550            348          275.4       0.441771       0.326678
            551            474          201.2       0.297986       0.326678
            552            275            234       0.459725       0.326678
            553            371          258.8       0.410924       0.326678
            554            390             94       0.194215       0.326678
            555            287          348.6       0.548458       0.326678
            556            462          180.6       0.281046       0.326678
            557            388          237.4       0.379597       0.326678
            558            111          820.8       0.880876       0.864296
            559            265            405       0.604478       0.864296
            560            435            193       0.307325       0.326678
            561            396           70.8       0.151671       0.326678
            562             48          869.4       0.947678       0.864296
            563            139          860.2       0.860889       0.864296
            564             91          778.8       0.895378       0.864296
            565             69          754.2       0.916181       0.864296
            566            155            797       0.837185       0.864296
            567             60            991       0.942912       0.864296
            568            158          822.4       0.838841       0.864296
            569             65            888       0.931794       0.864296
            570             81          824.8       0.910576       0.864296
            571            113          639.4       0.849814       0.864296
            572            117          605.6       0.838085       0.864296
            573             86          736.8       0.895479       0.864296
            574            201          213.8       0.515429       0.326678
            575             71          819.8       0.920296       0.864296
            576             37          508.6       0.932185       0.864296
            577            142          979.6       0.873395       0.864296
            578             76          721.8       0.904738       0.864296
            579            457          215.6       0.320547       0.326678
            580            424          213.2       0.334589       0.326678
            581            398          290.4       0.421848       0.326678
            582            403          345.4       0.461518       0.326678
            583            343          369.4       0.518529       0.326678
            584            354          177.2       0.333584       0.326678
            585            414           -5.8     -0.0142087       0.326678
            586            326          198.8       0.378811       0.326678
            587            505            155       0.234848       0.326678
            588            157          665.6       0.809142       0.864296
            589             87          712.6       0.891196       0.864296
            590            165            619       0.789541       0.864296
            591            330            285       0.463415       0.326678
            592            165            352       0.680851       0.864296
            593             35            669       0.950284       0.864296
            594             81          795.8       0.907619       0.864296
            595             75            714       0.904943       0.864296
            596             78          533.4       0.872424       0.864296
            597             72          749.6       0.912366       0.864296
            598             79          531.2       0.870534       0.864296
            599            165            535       0.764286       0.864296
            600            389          183.2       0.320168       0.326678
            601            338          197.4       0.368696       0.326678
            602            121          526.8       0.813214       0.864296
            603            365            173       0.321561       0.326678
            604            341          415.8       0.549419       0.326678
            605             51          760.8       0.937177       0.864296
            606             51          669.8       0.929245       0.864296
            607             16          710.8       0.977986       0.864296
            608            141          768.8       0.845021       0.864296
            609             61          771.8       0.926753       0.864296
            610             95            706       0.881398       0.864296
            611            106          629.8       0.855939       0.864296
            612             68          733.4       0.915148       0.864296
            613             78          656.4       0.893791       0.864296
            614             89          751.2       0.894073       0.864296
            615            169          588.2       0.776809       0.864296
            616            127          710.6       0.848376       0.864296
            617            120            777       0.866221       0.864296
            618            111          638.8       0.851961       0.864296
            619             -6          771.2        1.00784       0.864296
            620            101          685.8       0.871632       0.864296
            621            117          663.6       0.850115       0.864296
            622             46          722.8       0.940166       0.864296
            623             60            756       0.926471       0.864296
            624             47          991.6       0.954747       0.864296
            625            114         1010.2       0.898595       0.864296
            626            133          769.4       0.852615       0.864296
            627             83          745.4       0.899807       0.864296
            628            220            713       0.764202       0.864296
            629             66          586.8       0.898897       0.864296
            630             57          701.6       0.924862       0.864296
            631            163          708.4       0.812945       0.864296
            632            107          759.6       0.876529       0.864296
            633             38          599.4       0.940383       0.864296
            634            114          754.2       0.868694       0.864296
            635            128          729.4       0.850711       0.864296
            636             98          662.4        0.87112       0.864296
            637             76          771.8       0.910356       0.864296
            638            179          746.2       0.806528       0.864296
            639             99          593.2       0.856978       0.864296
            640             20            653       0.970282       0.864296
            641             62          646.6       0.912504       0.864296
            642            175            660       0.790419       0.864296
            643             89          673.2       0.883233       0.864296
            644            266          413.8       0.608708       0.864296
            645            364          204.2        0.35938       0.326678
            646             88          675.4       0.884726       0.864296
            647            405            127       0.238722       0.326678
            648            523           60.4       0.103531       0.326678
            649            416          219.8       0.345706       0.326678
            650            339          246.2       0.420711       0.326678
            651            221          512.8       0.698828       0.864296
            652            338           37.4      0.0996271       0.326678
            653            359          174.2       0.326707       0.326678
            654            498          157.4       0.240159       0.326678
            655            203          483.4       0.704254       0.864296
            656            252          437.6       0.634571       0.864296
            657            348          114.4       0.247405       0.326678
            658            223          254.4       0.532886       0.326678
            659            231          470.8       0.670846       0.864296
            660            121          672.8       0.847569       0.864296
            661            117          700.6       0.856898       0.864296
            662             62          756.6       0.924261       0.864296
            663             89          982.2       0.916916       0.864296
            664             83          781.4        0.90398       0.864296
            665            207          657.6       0.760583       0.864296
            666            102          653.6       0.865008       0.864296
            667            107          673.6       0.862926       0.864296
            668             33          814.4       0.961057       0.864296
            669             89          671.2       0.882926       0.864296
            670            122          686.6       0.849122       0.864296
            671            146          855.8       0.854262       0.864296
            672             82          549.6       0.870171       0.864296
            673             85            657       0.885445       0.864296
            674            195            467       0.705438       0.864296
            675            504          296.2       0.370157       0.326678
            676            552           91.6       0.142324       0.326678
            677            220            465       0.678832       0.864296
            678            243          483.4       0.665474       0.864296
            679             44          946.2       0.955565       0.864296
            680            144          841.2       0.853837       0.864296
            681             76          803.8       0.913617       0.864296
            682            148          787.4       0.841779       0.864296
            683            101          678.8        0.87048       0.864296
            684            121          820.8       0.871523       0.864296
            685            319          383.2       0.545713       0.326678
            686            484          125.2       0.205515       0.326678
            687            234          668.2       0.740634       0.864296
            688             74          622.2       0.893709       0.864296
            689            350            137       0.281314       0.326678
            690            318          156.4        0.32968       0.326678
            691            351          231.8       0.397735       0.326678
            692            402          169.6       0.296711       0.326678
            693            312          137.6        0.30605       0.326678
            694            381          137.8       0.265613       0.326678
            695            393           20.4      0.0493469       0.326678
            696            360            294       0.449541       0.326678
            697            258          209.4        0.44801       0.326678
            698            371          -32.2     -0.0950413       0.326678
            699            368          176.4       0.324026       0.326678
            700            102          565.6       0.847214       0.864296
            701             93          696.4       0.882189       0.864296
            702            128          703.4       0.846043       0.864296
            703             30            627       0.954338       0.864296
            704             73          710.4       0.906816       0.864296
            705            107          713.6       0.869608       0.864296
            706            213          879.4       0.805016       0.864296
            707              4          935.2       0.995741       0.864296
            708            118          825.4       0.874921       0.864296
            709             51          890.8       0.945848       0.864296
            710            163          639.4       0.796859       0.864296
            711            483          125.4       0.206114       0.326678
            712            324           48.2         0.1295       0.326678
            713            197          477.6       0.707975       0.864296
            714             54          713.2       0.929614       0.864296
            715             91          828.8       0.901065       0.864296
            716             79          883.2       0.917896       0.864296
            717             43          802.4       0.949137       0.864296
            718             45            736       0.942382       0.864296
            719            115            865       0.882653       0.864296
            720             14          823.2       0.983278       0.864296
            721             80            731       0.901356       0.864296
            722            148          575.4       0.795411       0.864296
            723             84          943.2       0.918224       0.864296
            724            112          805.6       0.877942       0.864296
            725             82          592.6       0.878446       0.864296
            726             92          818.6       0.898968       0.864296
            727             35           1074        0.96844       0.864296
            728            117          978.6       0.893209       0.864296
            729             69          866.2       0.926219       0.864296
            730             79          658.2       0.892838       0.864296
            731             52          800.6        0.93901       0.864296
            732             67          758.6       0.918847       0.864296
            733             67          733.6       0.916313       0.864296
            734            282          569.6       0.668859       0.864296
            735            345            172       0.332689       0.326678
            736            -10            791         1.0128       0.864296
            737             38          919.4       0.960309       0.864296
            738            149          645.2        0.81239       0.864296
            739            267          350.6       0.567681       0.326678
            740            398          124.4       0.238132       0.326678
            741            365            220       0.376068       0.326678
            742            151          358.8       0.703805       0.864296
            743             98          717.4       0.879814       0.864296
            744            159          653.2       0.804235       0.864296
            745            361          132.8       0.268935       0.326678
            746             39          766.2       0.951565       0.864296
            747            308          375.4       0.549312       0.326678
            748            370            132       0.262948       0.326678
            749            396          141.8       0.263667       0.326678
            750            310            362        0.53869       0.326678
            751            101          747.8       0.881008       0.864296
            752            111          615.8       0.847276       0.864296
            753            136          629.8       0.822408       0.864296
            754            187          545.6       0.744745       0.864296
            755            310             98       0.240196       0.326678
            756            359          195.2       0.352219       0.326678
            757            409           87.2       0.175736       0.326678
            758            153          571.4       0.788791       0.864296
            759            330            201       0.378531       0.326678
            760            458          192.4       0.295818       0.326678
            761            246           76.8       0.237918       0.326678
            762            179          617.2       0.775182       0.864296
            763            124          667.2       0.843276       0.864296
            764             50            704       0.933687       0.864296
            765            310            320       0.507937       0.326678
            766            339          188.2        0.35698       0.326678
            767            273          405.4       0.597583       0.864296
            768            129          754.2        0.85394       0.864296
            769             57          802.6        0.93369       0.864296
            770            235            492       0.676754       0.864296
            771            400            233       0.368088       0.326678
            772            383          215.4        0.35996       0.326678
            773             64          787.2       0.924812       0.864296
            774            337          304.6       0.474751       0.326678
            775            426          165.8       0.280162       0.326678
            776            483          332.4       0.407653       0.326678
            777            264          559.2         0.6793       0.864296
            778             98          842.4       0.895789       0.864296
            779             88          757.4       0.895907       0.864296
            780            123          698.4       0.850256       0.864296
            781            387          246.6       0.389205       0.326678
            782            315            349       0.525602       0.326678
            783            166          667.8       0.800911       0.864296
            784            130            632       0.829396       0.864296
            785            180            622       0.775561       0.864296
            786            103          757.4       0.880288       0.864296
            787             56         1022.8        0.94809       0.864296
            788             33          852.4       0.962729       0.864296
            789             63          717.4       0.919272       0.864296
            790             28          831.4       0.967419       0.864296
            791             90            799       0.898763       0.864296
            792             42          683.6       0.942117       0.864296
            793            150            422       0.737762       0.864296
            794            156          519.8       0.769162       0.864296
            795             45            601       0.930341       0.864296
            796             91          835.8       0.901813       0.864296
            797             26          762.8       0.967039       0.864296
            798             18          802.4       0.978059       0.864296
            799            197          597.6       0.752077       0.864296
            800            159          562.2       0.779534       0.864296
            801            132          606.6       0.821284       0.864296
            802            322          165.6       0.339623       0.326678
            803            159          552.2       0.776434       0.864296
            804            196          333.8       0.630049       0.864296
            805            283          303.4       0.517394       0.326678
            806            328          122.4       0.271758       0.326678
            807             54          723.2        0.93052       0.864296
            808            156          621.8       0.799434       0.864296
            809            102          851.6       0.893037       0.864296
            810            431          346.8       0.445873       0.326678
            811            342          203.6       0.373167       0.326678
            812            113          725.4       0.865219       0.864296
            813            306          153.8       0.334493       0.326678
            814            436          265.8        0.37874       0.326678
            815            308          524.4       0.629986       0.326678
            816            344          419.2       0.549266       0.326678
            817            336          256.8       0.433198       0.326678
            818            394           87.2       0.181214       0.326678
            819            504          164.2       0.245735       0.326678
            820            398           50.4         0.1124       0.326678
            821            155            405       0.723214       0.864296
            822             49          735.2       0.937516       0.864296
            823            129          568.2       0.814974       0.864296
            824             77          706.6       0.901736       0.864296
            825            106          632.8       0.856524       0.864296
            826            184          733.2       0.799389       0.864296
            827            145            767       0.841009       0.864296
            828             36          791.8       0.956511       0.864296
            829            116          685.8       0.855326       0.864296
            830            218          443.4       0.670396       0.864296
            831            373          219.4       0.370358       0.326678
            832            452          174.6       0.278647       0.326678
            833            342           71.6       0.173114       0.326678
            834            403          238.4       0.371687       0.326678
            835            379          200.2       0.345649       0.326678
            836             77          731.6       0.904774       0.864296
            837             14          618.2       0.977855       0.864296
            838             68          671.4       0.908034       0.864296
            839            162          690.6       0.809993       0.864296
            840            226          465.8       0.673316       0.864296
            841            369           46.2       0.111272       0.326678
            842            302          182.6       0.376806       0.326678
            843            379          281.2       0.425932       0.326678
            844            176          425.8       0.707544       0.864296
            845             20            833       0.976553       0.864296
            846            150            795        0.84127       0.864296
            847            115            751       0.867206       0.864296
            848             80            814       0.910515       0.864296
            849            218          444.4       0.670894       0.864296
            850            214          388.2       0.644636       0.864296
            851            119          634.2       0.842007       0.864296
            852             87          825.6       0.904668       0.864296
            853             90            742       0.891827       0.864296
            854            123          704.4       0.851342       0.864296
            855             89          792.2       0.899001       0.864296
            856            364          256.2       0.413093       0.326678
            857            112          608.6       0.844574       0.864296
            858            142          666.6       0.824388       0.864296
            859             98          908.4       0.902623       0.864296
            860             48          914.4       0.950125       0.864296
            861             45            575       0.927419       0.864296
            862             97          835.6        0.89599       0.864296
            863             84          764.2       0.900967       0.864296
            864            108          827.4       0.884541       0.864296
            865             91          926.8       0.910591       0.864296
            866             84          856.2       0.910657       0.864296
            867             98          806.4       0.891641       0.864296
            868             60            578       0.905956       0.864296
            869            383          301.4       0.440386       0.326678
            870            145            797       0.846072       0.864296
            871            171          613.8        0.78211       0.864296
            872             15            717       0.979508       0.864296
            873             48          993.4       0.953908       0.864296
            874             98          834.4       0.894895       0.864296
            875             15            901       0.983624       0.864296
            876             65            913       0.933538       0.864296
            877             85            786       0.902411       0.864296
            878            104          632.2       0.858734       0.864296
            879            107          850.6       0.888262       0.864296
            880             38          832.4       0.956342       0.864296
            881            143          622.4        0.81317       0.864296
            882            131          863.8       0.868315       0.864296
            883             65            872        0.93063       0.864296
            884             89          862.2       0.906434       0.864296
            885             99          636.2       0.865343       0.864296
            886             81          757.8       0.903433       0.864296
            887             76          753.8       0.908412       0.864296
            888            100            739        0.88081       0.864296
            889             19          769.2       0.975894       0.864296
            890             80            794       0.908467       0.864296
            891             87          750.6       0.896132       0.864296
            892            107          652.6       0.859136       0.864296
            893            144          825.2       0.851424       0.864296
            894             54          777.2       0.935034       0.864296
            895             80            767       0.905549       0.864296
            896            126          708.8       0.849066       0.864296
            897            104          732.2       0.875628       0.864296
            898            126          793.8       0.863014       0.864296
            899            108          827.4       0.884541       0.864296
            900            128          601.4       0.824513       0.864296
            901            461           94.8       0.170565       0.326678
            902            376          220.8       0.369973       0.326678
            903            442          113.6       0.204464       0.326678
            904            397          281.6       0.414972       0.326678
            905            249          396.2       0.614073       0.864296
            906            148          783.4       0.841099       0.864296
            907             29          903.2       0.968891       0.864296
            908             26          784.8       0.967933       0.864296
            909             48         1053.4       0.956419       0.864296
            910             75            758       0.909964       0.864296
            911            121          902.8       0.881813       0.864296
            912             88          825.4       0.903657       0.864296
            913             99          790.2       0.888664       0.864296
            914            116          977.8       0.893948       0.864296
            915             92          883.6       0.905699       0.864296
            916             23          736.4       0.969713       0.864296
            917             65            728       0.918033       0.864296
            918            105            638       0.858681       0.864296
            919            174          935.2        0.84313       0.864296
            920             45            834       0.948805       0.864296
            921             89          792.2       0.899001       0.864296
            922             78          774.4       0.908494       0.864296
            923             31          739.8       0.959782       0.864296
            924             33          781.4       0.959479       0.864296
            925             79          752.2       0.904957       0.864296
            926            153          789.4       0.837649       0.864296
            927            107          741.6        0.87391       0.864296
            928            319          476.2       0.598843       0.864296
            929            409          207.2       0.336254       0.326678
            930            400            206       0.339934       0.326678
            931            155            695       0.817647       0.864296
            932             84          693.2        0.89192       0.864296
            933             28          828.4       0.967305       0.864296
            934             30            801       0.963899       0.864296
            935             15            784       0.981227       0.864296
            936             62          687.6       0.917289       0.864296
            937            303          128.4       0.297636       0.326678
            938            489          143.2       0.226511       0.326678
            939            355            182        0.33892       0.326678
            940             49          711.2       0.935543       0.864296
            941             92          573.6       0.861779       0.864296
            942             88          682.4       0.885774       0.864296
            943            245            486       0.664843       0.864296
            944             64          721.2       0.918492       0.864296
            945            177          571.6       0.763559       0.864296
            946            108          843.4       0.886483       0.864296
            947             64          669.2       0.912711       0.864296
            948             55            773       0.933575       0.864296
            949             76          604.8       0.888367       0.864296
            950            231          387.8       0.626697       0.864296
            951            376          191.8       0.337795       0.326678
            952             91          526.8       0.852703       0.864296
            953            161          670.8       0.806444       0.864296
            954             32          616.6       0.950663       0.864296
            955             64          665.2       0.912233       0.864296
            956            171          678.8       0.798776       0.864296
            957            295             96       0.245524       0.326678
            958            326          212.8       0.394952       0.326678
            959            477           83.6       0.149126       0.326678
            960            301          231.8        0.43506       0.326678
            961            128          595.4       0.823058       0.864296
            962             85            856       0.909671       0.864296
            963             74          680.2       0.901883       0.864296
            964             30            805       0.964072       0.864296
            965             56          833.8       0.937065       0.864296
            966             46          854.8       0.948934       0.864296
            967            101          693.8       0.872924       0.864296
            968             34          750.2       0.956644       0.864296
            969             77          923.6       0.923046       0.864296
            970            331          194.8       0.370483       0.326678
            971            374          177.2        0.32148       0.326678
            972            358          182.4       0.337528       0.326678
            973            288          170.4       0.371728       0.326678
            974            378          196.4       0.341922       0.326678
            975            409          151.2       0.269904       0.326678
            976            436           37.8      0.0797805       0.326678
            977            376            4.8       0.012605       0.326678
            978            470            108       0.186851       0.326678
            979             66          652.8        0.90818       0.864296
            980             69          855.2       0.925341       0.864296
            981            155            627        0.80179       0.864296
            982             95            627       0.868421       0.864296
            983             44          639.2       0.935597       0.864296
            984             78          755.4       0.906407       0.864296
            985              4          634.2       0.993732       0.864296
            986            133          553.4       0.806235       0.864296
            987            354           86.2        0.19582       0.326678
            988            313          109.4       0.258996       0.326678
            989             28          596.4       0.955157       0.864296
            990            175            705       0.801136       0.864296
            991             52          579.6       0.917669       0.864296
            992             72          622.6       0.896343       0.864296
            993             65            835       0.927778       0.864296
            994             59          754.2       0.927447       0.864296
            995            212          331.6       0.610007       0.864296
            996            110            659       0.856957       0.864296
            997             62          670.6        0.91537       0.864296
            998             48          817.4       0.944534       0.864296
            999             91          725.8        0.88859       0.864296
           1000             32          563.6       0.946273       0.864296
           1001             60            860       0.934783       0.864296
           1002             39          584.2        0.93742       0.864296
           1003             22          606.6       0.965002       0.864296
           1004            191          415.8       0.685234       0.864296
           1005            347          165.6       0.323059       0.326678
           1006            393          193.4       0.329809       0.326678
           1007            242          313.6       0.564435       0.326678
           1008            286           69.8       0.196178       0.326678
