              0        1030.44        200.882       0.163143       0.239796
              1        1149.44        128.082       0.100258       0.239796
              2        1166.44         83.682      0.0669391       0.239796
              3        1202.44        343.482       0.222186       0.239796
              4        1045.44        222.882        0.17573       0.239796
              5        1164.44        253.082       0.178538       0.239796
              6         758.44        774.282       0.505168       0.239796
              7         886.44        531.682        0.37492       0.239796
              8         778.44        545.282       0.411931       0.239796
              9         343.44        1321.28       0.793695       0.859405
             10         613.44        831.282       0.575392       0.859405
             11         312.44        1372.48       0.814567       0.859405
             12         194.44        1361.08          0.875       0.859405
             13         152.44        1409.48       0.902402       0.859405
             14         610.44        995.882       0.619977       0.859405
             15        1162.44        235.482       0.168451       0.239796
             16         730.44        938.882       0.562433       0.239796
             17         768.44        1078.28        0.58389       0.239796
             18         932.44        676.482       0.420457       0.239796
             19         997.44        387.482       0.279786       0.239796
             20        1210.44        348.882        0.22374       0.239796
             21         976.44        553.682       0.361855       0.239796
             22        1078.44        467.282       0.302307       0.239796
             23         958.44        561.282       0.369332       0.239796
             24         230.44        1138.88       0.831712       0.859405
             25         206.44        1471.68       0.876982       0.859405
             26         215.44        1684.88        0.88663       0.859405
             27         151.44        1532.68       0.910078       0.859405
             28         144.44        1490.08       0.911632       0.859405
             29         116.44        1600.68       0.932189       0.859405
             30         229.44        1634.08       0.876878       0.859405
             31          62.44        1309.48       0.954487       0.859405
             32         270.44        1603.88       0.855713       0.859405
             33         179.44        1654.08       0.902134       0.859405
             34         108.44        1518.28       0.933338       0.859405
             35         211.44        1714.68       0.890225       0.859405
             36         144.44        1580.08       0.916243       0.859405
             37         113.44        1474.28       0.928552       0.859405
             38         295.44        1250.88        0.80894       0.859405
             39         536.44        1126.68        0.67745       0.859405
             40         249.44        972.082       0.795796       0.859405
             41         965.44        407.882       0.297004       0.239796
             42        1111.44        224.682        0.16816       0.239796
             43        1249.44        268.082       0.176658       0.239796
             44        1065.44        211.882        0.16588       0.239796
             45        1247.44        281.482       0.184105       0.239796
             46        1103.44        416.282        0.27392       0.239796
             47         443.44        1225.28       0.734264       0.859405
             48         533.44        1225.28       0.696689       0.859405
             49         267.44        1597.48       0.856595       0.859405
             50         313.44        1334.28       0.809774       0.859405
             51        1094.44        227.082       0.171834       0.239796
             52        1075.44        193.882       0.152745       0.239796
             53          95.44        1385.88       0.935571       0.859405
             54         492.44        1142.48       0.698799       0.859405
             55         931.44        391.682       0.296029       0.239796
             56         545.44        964.882       0.638858       0.859405
             57         789.44        633.082       0.445042       0.239796
             58         197.44        1524.48       0.885337       0.859405
             59         201.44        1328.68        0.86835       0.859405
             60         622.44        985.482       0.612892       0.859405
             61        1298.44        147.282       0.101874       0.239796
             62         934.44        200.082       0.176358       0.239796
             63         898.44        312.282        0.25793       0.239796
             64         262.44        1178.48       0.817867       0.859405
             65         840.44        390.882       0.317449       0.239796
             66         346.44        1083.68       0.757755       0.859405
             67        1090.44        387.882        0.26238       0.239796
             68         960.44        341.882       0.262517       0.239796
             69        1018.44        236.282       0.188314       0.239796
             70        1141.44        238.682       0.172943       0.239796
             71         831.44        641.682       0.435593       0.239796
             72         169.44        1562.08       0.902144       0.859405
             73         137.44        1499.48       0.916038       0.859405
             74         165.44        1466.88       0.898647       0.859405
             75         362.44        1038.48       0.741285       0.859405
             76         990.44        270.882        0.21476       0.239796
             77        1010.44        314.882       0.237589       0.239796
             78         493.44        934.282       0.654386       0.859405
             79         231.44        1459.68       0.863144       0.859405
             80         143.44        1466.28       0.910891       0.859405
             81         213.44        1354.28       0.863853       0.859405
             82         234.44        1158.08       0.831644       0.859405
             83         358.44        1193.28       0.769005       0.859405
             84         662.44        743.482       0.528822       0.239796
             85        1093.44        160.282       0.127845       0.239796
             86         229.44        1546.08       0.870776       0.859405
             87         770.44        747.882       0.492571       0.859405
             88         399.44        1346.08       0.771163       0.859405
             89         439.44        1421.08       0.763808       0.859405
             90         251.44        2329.68       0.902585       0.859405
             91         363.44        1722.28       0.825749       0.859405
             92         730.44        985.882       0.574416       0.859405
             93        1028.44        336.282       0.246411       0.239796
             94        1226.44        436.682       0.262568       0.239796
             95        1164.44        453.082       0.280109       0.239796
             96         166.44        1713.68       0.911474       0.859405
             97         135.44        1508.88       0.917632       0.859405
             98         222.44        1573.48       0.876142       0.859405
             99         175.44        1461.88       0.892849       0.859405
            100         170.44        1439.88       0.894158       0.859405
            101         182.44        1504.48        0.89185       0.859405
            102         132.44        1573.48       0.922365       0.859405
            103         131.44        1538.68       0.921299       0.859405
            104        1239.44        207.082       0.143159       0.239796
            105        1054.44        393.082       0.271555       0.239796
            106         895.44        749.882       0.455766       0.239796
            107         149.44        2056.08       0.932243       0.859405
            108         186.44        1728.68       0.902648       0.859405
            109         196.44        1644.68       0.893304       0.859405
            110         146.44        1730.68       0.921987       0.859405
            111          28.44        1958.28       0.985685       0.859405
            112         287.44        1616.48       0.849027       0.859405
            113         175.44        1782.88       0.910413       0.859405
            114         221.44        1777.68       0.889231       0.859405
            115         231.44        1433.68       0.861007       0.859405
            116         260.44        1504.88       0.852469       0.859405
            117         111.44        1505.68       0.931087       0.859405
            118         233.44        1660.28        0.87673       0.859405
            119         252.44        1799.48       0.876974       0.859405
            120         210.44        1523.88       0.878662       0.859405
            121         221.44        1602.68       0.878605       0.859405
            122         167.44        1443.48        0.89606       0.859405
            123         266.44        1672.68       0.862598       0.859405
            124          98.44        1647.28       0.943611       0.859405
            125         182.44        1818.48       0.908822       0.859405
            126         124.44        1682.08       0.931116       0.859405
            127         261.44        1717.68       0.867901       0.859405
            128         146.44        962.682       0.867968       0.859405
            129         171.44        1410.68       0.891639       0.859405
            130         956.44        635.682       0.399267       0.239796
            131        1113.44        215.282       0.162022       0.239796
            132        1019.44        338.082       0.249043       0.239796
            133         695.44        868.882       0.555437       0.239796
            134        1013.44        514.282       0.336633       0.239796
            135        1169.44        117.082      0.0910066       0.239796
            136        1077.44        239.482        0.18185       0.239796
            137         332.44        1175.48       0.779538       0.859405
            138         153.44        1634.28        0.91417       0.859405
            139        1013.44        526.282       0.341803       0.239796
            140        1201.44        395.682       0.247747       0.239796
            141        1210.44        315.882       0.206956       0.239796
            142        1311.44        232.682       0.150689       0.239796
            143        1276.44        251.682         0.1647       0.239796
            144        1289.44        351.082       0.214006       0.239796
            145         400.44        1141.88       0.740366       0.859405
            146          81.44        1627.68        0.95235       0.859405
            147         203.44        1800.28       0.898469       0.859405
            148         309.44        1472.08       0.826306       0.859405
            149         217.44        1744.48        0.88917       0.859405
            150         163.44        1672.28       0.910967       0.859405
            151         116.44        1815.68       0.939735       0.859405
            152         230.44        1820.88       0.887663       0.859405
            153         282.44        1483.48       0.840061       0.859405
            154         182.44        1459.48       0.888886       0.859405
            155         196.44        1856.68       0.904321       0.859405
            156        1146.44        340.682       0.229088       0.239796
            157        1182.44        236.482       0.166663       0.239796
            158        1184.44        264.082       0.182311       0.239796
            159        1189.44        211.082       0.150717       0.239796
            160        1182.44        415.482       0.260014       0.239796
            161         724.44        986.082        0.57648       0.859405
            162         196.44        1782.68       0.900744       0.859405
            163         253.44        1600.28        0.86328       0.859405
            164          91.44        1636.68       0.947087       0.859405
            165         148.44        1478.28       0.908749       0.859405
            166         157.44        1557.48       0.908194       0.859405
            167         273.44        1534.28       0.848738       0.859405
            168         234.44        1564.08       0.869649       0.859405
            169         312.44        1322.48       0.808896       0.859405
            170         291.44        1491.68       0.836556       0.859405
            171         389.44        1322.08        0.77246       0.859405
            172         454.44        1103.08       0.708229       0.859405
            173         108.44        1752.28       0.941722       0.859405
            174         316.44        1605.68       0.835369       0.859405
            175         990.44        956.882       0.491384       0.239796
            176        1067.44        519.482       0.327352       0.239796
            177        1313.44        229.282       0.148622       0.239796
            178        1083.44        281.282       0.206109       0.239796
            179         519.44        1088.08       0.676869       0.859405
            180        1279.44        154.082       0.107485       0.239796
            181        1098.44        241.282       0.180099       0.239796
            182        1211.44        319.682       0.208789       0.239796
            183         589.44        1266.08       0.682332       0.859405
            184         178.44        2008.28       0.918398       0.859405
            185         638.44        1046.28       0.621041       0.859405
            186         199.44        1551.08       0.886068       0.859405
            187         163.44        1666.28       0.910675       0.859405
            188         218.44        1317.28       0.857761       0.859405
            189         450.44        1090.88       0.707757       0.859405
            190         898.44        518.282       0.365832       0.239796
            191         297.44        1411.48       0.825949       0.859405
            192         228.44        1805.28       0.887674       0.859405
            193         207.44        1658.48       0.888827       0.859405
            194         755.44        790.882        0.51146       0.239796
            195        1066.44        564.682       0.346192       0.239796
            196         226.44        1956.68       0.896277       0.859405
            197         190.44        2023.88       0.913996       0.859405
            198         213.44        1653.28       0.885661       0.859405
            199         243.44        1839.28       0.883115       0.859405
            200         337.44        1928.48        0.85108       0.859405
            201         155.44        1706.88       0.916534       0.859405
            202         186.44        1727.68       0.902598       0.859405
            203         142.44        1716.48       0.923375       0.859405
            204         277.44        1651.48       0.856168       0.859405
            205         194.44        1709.08       0.897853       0.859405
            206         162.44        1684.48       0.912048       0.859405
            207         280.44        1368.88       0.829966       0.859405
            208         249.44        1841.08       0.880681       0.859405
            209         322.44        1545.48        0.82738       0.859405
            210         624.44        930.082       0.598307       0.859405
            211         154.44        1526.08         0.9081       0.859405
            212         230.44        1523.88       0.868644       0.859405
            213         251.44        1680.68       0.869863       0.859405
            214         292.44        1443.48       0.831536       0.859405
            215         498.44        944.282       0.654514       0.859405
            216         626.44        1048.68       0.626033       0.859405
            217        1279.44        113.082      0.0812066       0.239796
            218        1119.44        305.082       0.214164       0.239796
            219        1244.44        133.082      0.0966097       0.239796
            220        1071.44        227.682       0.175258       0.239796
            221        1313.44        175.282        0.11774       0.239796
            222        1075.44        299.882       0.218045       0.239796
            223         741.44        864.682       0.538366       0.239796
            224         194.44        1796.08       0.902317       0.859405
            225         304.44        1671.08       0.845894       0.859405
            226         187.44        1390.48       0.881211       0.859405
            227         260.44        1629.88       0.862225       0.859405
            228         253.44        1640.28       0.866168       0.859405
            229         143.44        1622.28       0.918764       0.859405
            230         738.44        783.282       0.514734       0.859405
            231         486.44        1078.68         0.6892       0.859405
            232         304.44        1644.08       0.843759       0.859405
            233         117.44        1989.48        0.94426       0.859405
            234         133.44        2002.28        0.93752       0.859405
            235          62.44        1715.48        0.96488       0.859405
            236         171.44        1985.68       0.920524       0.859405
            237         176.44        1577.68       0.899414       0.859405
            238         107.44        1776.48        0.94297       0.859405
            239         272.44        1810.48       0.869203       0.859405
            240         159.44        1880.08       0.921825       0.859405
            241         729.44        601.082       0.451764       0.239796
            242        1163.44        423.282       0.266765       0.239796
            243         666.44        1320.68        0.66462       0.859405
            244        1212.44        242.482       0.166663       0.239796
            245         767.44        814.482       0.514869       0.239796
            246         181.44        1620.68       0.899319       0.859405
            247         191.44        1599.68       0.893117       0.859405
            248         138.44        1620.28       0.921284       0.859405
            249         175.44        1596.88       0.901011       0.859405
            250         205.44        1573.88        0.88454       0.859405
            251         244.44        1725.08       0.875889       0.859405
            252         168.44        1742.28       0.911845       0.859405
            253         186.44        1542.68       0.892176       0.859405
            254         229.44        1801.08       0.887004       0.859405
            255         173.44        1549.28       0.899322       0.859405
            256         257.44        1485.48       0.852294       0.859405
            257         779.44        987.082       0.558771       0.859405
            258        1171.44        261.682       0.182596       0.239796
            259        1301.44        275.682       0.174801       0.239796
            260        1207.44        300.482       0.199269       0.239796
            261         330.44        1559.88       0.825194       0.859405
            262         165.44        1856.88       0.918193       0.859405
            263         182.44        1766.48       0.906389       0.859405
            264         235.44        1410.88        0.85699       0.859405
            265         185.44        1778.88       0.905596       0.859405
            266        1263.44        324.282       0.204244       0.239796
            267        1102.44        340.482       0.235967       0.239796
            268        1156.44        274.682       0.191935       0.239796
            269        1179.44        121.082      0.0931026       0.239796
            270         471.44        1153.68       0.709905       0.859405
            271         632.44        845.482       0.572075       0.859405
            272         362.44        1354.48       0.788901       0.859405
            273        1118.44        504.282       0.310763       0.239796
            274         957.44        594.482       0.383062       0.239796
            275         151.44        1645.68       0.915732       0.859405
            276         486.44        1159.68       0.704493       0.859405
            277        1035.44        332.882       0.243278       0.239796
            278        1174.44        302.082        0.20459       0.239796
            279        1218.44        202.282        0.14238       0.239796
            280        1051.44        379.682       0.265304       0.239796
            281        1065.44        262.882       0.197905       0.239796
            282        1186.44        274.682       0.187994       0.239796
            283        1152.44        321.482       0.218113       0.239796
            284         203.44        1646.28       0.890016       0.859405
            285         119.44        1600.08       0.930539       0.859405
            286         617.44        1123.48       0.645337       0.859405
            287        1252.44        203.482       0.139762       0.239796
            288         294.44        1574.08       0.842421       0.859405
            289         154.44        1701.08       0.916767       0.859405
            290         173.44        1591.28       0.901718       0.859405
            291         435.44        1266.88       0.744208       0.859405
            292        1019.44        346.082       0.253443       0.239796
            293        1029.44        363.082       0.260737       0.239796
            294        1070.44        211.882       0.165233       0.239796
            295        1011.44        314.682       0.237295       0.239796
            296        1279.44        316.082       0.198106       0.239796
            297         978.44        279.282       0.222054       0.239796
            298        1216.44        154.682       0.112814       0.239796
            299         592.44        1141.48       0.658324       0.859405
            300         181.44        1489.68       0.891426       0.859405
            301         146.44        1643.68       0.918196       0.859405
            302         165.44        1586.88       0.905588       0.859405
            303          63.44        1342.28        0.95487       0.859405
            304         185.44        1825.88       0.907802       0.859405
            305         605.44        1038.88         0.6318       0.859405
            306        1039.44        384.082       0.269811       0.239796
            307         138.44        1545.28       0.917777       0.859405
            308         175.44        1869.88       0.914224       0.859405
            309         175.44        1622.88       0.902442       0.859405
            310         112.44        1722.48       0.938722       0.859405
            311         217.44        1634.48       0.882587       0.859405
            312         103.44        1883.28       0.947934       0.859405
            313         173.44        1777.28       0.911089       0.859405
            314         230.44        1685.88       0.879749       0.859405
            315        1084.44        323.082        0.22954       0.239796
            316         983.44        320.282       0.245667       0.239796
            317         184.44        1728.08       0.903562       0.859405
            318         180.44        1529.88       0.894499       0.859405
            319          99.44        1544.08       0.939496       0.859405
            320         206.44        1289.68       0.862017       0.859405
            321         133.44        1689.28       0.926791       0.859405
            322         163.44        1791.28       0.916387       0.859405
            323         150.44        1759.88       0.921249       0.859405
            324          23.44        1584.28        0.98542       0.859405
            325         103.44        1607.28       0.939534       0.859405
            326         176.44        1605.68       0.900994       0.859405
            327         185.44        1584.88       0.895251       0.859405
            328         109.44        1594.08       0.935757       0.859405
            329         164.44        1428.08       0.896742       0.859405
            330         242.44        1611.48       0.869229       0.859405
            331         171.44        1789.68       0.912581       0.859405
            332         518.44        1183.28       0.695344       0.859405
            333        1026.44        254.682       0.198796       0.239796
            334        1061.44        237.682       0.182956       0.239796
            335         308.44        1393.28       0.818748       0.859405
            336         151.44        1462.68       0.906178       0.859405
            337         137.44        1440.48       0.912898       0.859405
            338         105.44        1942.88       0.948524       0.859405
            339         178.44        1629.28        0.90129       0.859405
            340         255.44        1580.88       0.860896       0.859405
            341         144.44        1581.08       0.916292       0.859405
            342         178.44        1605.28       0.899962       0.859405
            343         207.44        1817.48       0.897557       0.859405
            344         843.44        613.282       0.421001       0.239796
            345        1099.44        342.082       0.237306       0.239796
            346         301.44        1485.68       0.831327       0.859405
            347         112.44        1606.48       0.934587       0.859405
            348         815.44        759.882       0.482366       0.239796
            349         170.44        1610.88       0.904318       0.859405
            350         231.44        1450.68       0.862412       0.859405
            351         129.44        1692.08       0.928939       0.859405
            352         578.44        1149.28       0.665201       0.859405
            353         354.44        1258.08       0.780195       0.859405
            354         161.44        1589.68       0.907808       0.859405
            355        1180.44        368.882       0.238093       0.239796
            356         514.44        1030.08       0.666926       0.859405
            357         192.44        1565.48        0.89053       0.859405
            358         432.44        957.482       0.688875       0.859405
            359         931.44        260.682       0.218671       0.239796
            360        1055.44        232.882       0.180764       0.239796
            361         807.44        636.482       0.440801       0.239796
            362         656.44        801.682       0.549804       0.859405
            363         257.44        1665.48        0.86612       0.859405
            364         225.44        1458.88       0.866154       0.859405
            365         969.44        164.082       0.144754       0.239796
            366         385.44        1295.88       0.770752       0.859405
            367          80.44        1575.88       0.951435       0.859405
            368         141.44        1460.68       0.911717       0.859405
            369          87.44        1488.48       0.944515       0.859405
            370         211.44        1629.68       0.885157       0.859405
            371         385.44        1293.88       0.770479       0.859405
            372          49.44        1613.08       0.970262       0.859405
            373         630.44        994.882       0.612114       0.859405
            374        1055.44        261.882       0.198799       0.239796
            375         503.44        1044.28       0.674722       0.859405
            376        1254.44        269.082       0.176618       0.239796
            377         289.44        1437.08       0.832357       0.859405
            378         880.44        237.882       0.212713       0.239796
            379        1128.44        363.282       0.243532       0.239796
            380        1120.44        318.882        0.22155       0.239796
            381         755.44        859.882       0.532329       0.239796
            382         186.44        1537.68       0.891864       0.859405
            383         151.44        1393.68       0.901988       0.859405
            384         184.44        1701.08       0.902181       0.859405
            385         116.44        1573.68       0.931106       0.859405
            386         164.44        1475.08       0.899702       0.859405
            387         112.44        1626.48       0.935339       0.859405
            388         230.44        1576.88       0.872496       0.859405
            389         206.44        1858.68       0.900035       0.859405
            390         227.44        1339.48       0.854849       0.859405
            391         236.44        1798.68        0.88382       0.859405
            392         247.44        1785.48       0.878284       0.859405
            393         223.44        1912.28        0.89538       0.859405
            394         263.44        1908.28       0.878695       0.859405
            395         137.44        1756.48       0.927431       0.859405
            396         657.44        1087.48       0.623227       0.859405
            397         179.44        1617.08       0.900118       0.859405
            398         760.44        940.882        0.55303       0.859405
            399        1180.44        332.882       0.219968       0.239796
            400        1493.44        297.282       0.166012       0.239796
            401         139.44        1623.08       0.920886       0.859405
            402         115.44        1574.88       0.931705       0.859405
            403          61.44        1653.68       0.964177       0.859405
            404         215.44        1363.88       0.863587       0.859405
            405         329.44        1351.08       0.803966       0.859405
            406        1105.44        367.882       0.249696       0.239796
            407        1126.44        279.682       0.198903       0.239796
            408        1123.44        352.282       0.238718       0.239796
            409        1118.44        185.282       0.142118       0.239796
            410         911.44        667.682       0.422819       0.239796
            411        1024.44        372.082       0.266435       0.239796
            412         984.44        274.082       0.217781       0.239796
            413         801.44        389.682       0.327155       0.239796
            414         207.44        1482.48       0.877249       0.859405
            415         124.44        1691.08       0.931458       0.859405
            416         187.44        1614.48       0.895978       0.859405
            417        1149.44        205.082       0.151405       0.239796
            418         213.44        1395.28       0.867323       0.859405
            419         425.44        1275.88       0.749936       0.859405
            420        1200.44        200.882       0.143352       0.239796
            421        1073.44        498.282       0.317029       0.239796
            422         997.44        421.482       0.297044       0.239796
            423         298.44        1382.28       0.822433       0.859405
            424         679.44        804.082       0.542009       0.239796
            425        1152.44        194.482        0.14439       0.239796
            426        1019.44        428.082       0.295734       0.239796
            427         448.44        1292.28       0.742383       0.859405
            428         125.44        1886.88       0.937664       0.859405
            429         234.44        1611.08       0.872968       0.859405
            430         151.44        1694.68       0.917969       0.859405
            431         553.44        1083.28       0.661861       0.859405
            432         288.44        1697.28       0.854743       0.859405
            433         914.44        556.082       0.378153       0.239796
            434         817.44        725.482         0.4702       0.239796
            435         563.44        1062.28       0.653422       0.859405
            436         188.44        1399.28       0.881314       0.859405
            437         228.44        1619.28       0.876367       0.859405
            438         248.44        1692.28       0.871986       0.859405
            439          52.44        1867.48       0.972686       0.859405
            440          47.44        1590.48       0.971036       0.859405
            441         167.44        1710.48       0.910838       0.859405
            442         466.44        1191.68       0.718694       0.859405
            443         847.44        433.482       0.338414       0.239796
            444         787.44        557.482       0.414509       0.239796
            445        1046.44        252.682       0.194502       0.239796
            446        1013.44        228.282       0.183843       0.239796
            447         857.44        728.482       0.459343       0.239796
            448         970.44        299.882       0.236068       0.239796
            449        1193.44        312.282       0.207397       0.239796
            450         955.44        360.882       0.274159       0.239796
            451         127.44        201.482       0.612553       0.859405
            452         112.44        285.482       0.717432       0.859405
            453           8.44        271.282       0.969827       0.859405
            454          16.44        326.682       0.952087       0.859405
            455          17.44        169.482       0.906699       0.859405
            456          34.44        154.082       0.817316       0.859405
            457          38.44        159.282       0.805586       0.859405
            458         -27.56        199.482        1.16031       0.859405
            459          52.44        182.482       0.776777       0.859405
            460          67.44        226.482       0.770551       0.859405
            461          30.44        257.882       0.894424       0.859405
            462         -22.56        220.482        1.11398       0.859405
            463          49.44        220.082       0.816564       0.859405
            464          53.44         63.282        0.54216       0.859405
            465          32.44         60.482        0.65089       0.859405
            466          69.44        207.082       0.748881       0.859405
            467          -2.56         87.482        1.03015       0.859405
            468         124.44        196.082       0.611758       0.859405
            469         121.44        138.682       0.533142       0.859405
            470          73.44        297.282         0.8019       0.859405
            471          21.44        289.682       0.931088       0.859405
            472          88.44        188.282       0.680401       0.859405
            473          79.44        143.082       0.643002       0.859405
            474          -0.56        282.082        1.00199       0.859405
            475         106.44        136.682       0.562195       0.859405
            476           1.44        214.682       0.993337       0.859405
            477          58.44        180.282       0.755196       0.859405
            478          56.44        204.682       0.783856       0.859405
            479          82.44         98.482       0.544334       0.859405
            480          51.44        138.682       0.729437       0.859405
            481          44.44        204.082       0.821183       0.859405
            482           8.44        223.282       0.963577       0.859405
            483          14.44        438.082        0.96809       0.859405
            484         765.44        844.882       0.524666       0.239796
            485        1160.44        184.882       0.137426       0.239796
            486        1017.44        248.482       0.196285       0.239796
            487        1112.44        179.482       0.138926       0.239796
            488        1020.44        260.882       0.203604       0.239796
            489        1002.44        170.482       0.145348       0.239796
            490         198.44        1438.28       0.878758       0.859405
            491         131.44        1615.68       0.924768       0.859405
            492         133.44        1653.28       0.925316       0.859405
            493         175.44        1467.88       0.893241       0.859405
            494         408.44        1360.28       0.769076       0.859405
            495          91.44        1501.68       0.942603       0.859405
            496         848.44        578.282       0.405322       0.239796
            497         301.44        1313.68       0.813364       0.859405
            498         159.44        1527.08       0.905462       0.859405
            499         177.44        1425.48       0.889302       0.859405
            500         217.44        1557.48       0.877493       0.859405
            501         175.44        1596.88       0.901011       0.859405
            502          80.44        1719.88       0.955319       0.859405
            503         101.44        1260.68       0.925528       0.859405
            504         183.44        1546.28       0.893948       0.859405
            505         245.44        1784.88       0.879113       0.859405
            506         144.44        1559.08       0.915211       0.859405
            507         153.44        1831.28       0.922689       0.859405
            508         102.44        1622.48       0.940612       0.859405
            509         123.44        1594.28       0.928137       0.859405
            510         114.44        1527.08       0.930284       0.859405
            511         690.44        680.882       0.496515       0.859405
            512         359.44        1027.08       0.740761       0.859405
            513         129.44        1526.08       0.921813       0.859405
            514         105.44        1396.88       0.929815       0.859405
            515          50.44        1786.88       0.972547       0.859405
            516         138.44        1407.28       0.910437       0.859405
            517         113.44        1241.28       0.916263       0.859405
            518         129.44        1639.08       0.926809       0.859405
            519         114.44        1679.08       0.936193       0.859405
            520         147.44        1537.48       0.912494       0.859405
            521         145.44        1457.88       0.909288       0.859405
            522         136.44        1608.68       0.921816       0.859405
            523          77.44        1727.48       0.957095       0.859405
            524         199.44        1495.08       0.882303       0.859405
            525         268.44        1384.28       0.837577       0.859405
            526         133.44        1450.28       0.915743       0.859405
            527         155.44        1507.88       0.906548       0.859405
            528         113.44        1620.28       0.934569       0.859405
            529         165.44        1558.88       0.904055       0.859405
            530         144.44        1493.08       0.911794       0.859405
            531          79.44        1463.08         0.9485       0.859405
            532         138.44        1347.28        0.90682       0.859405
            533          79.44        1323.08       0.943359       0.859405
            534         424.44        897.082       0.678825       0.859405
            535         265.44        1294.88       0.829881       0.859405
            536          42.44        1611.48        0.97434       0.859405
            537         544.44        939.082       0.633008       0.859405
            538         157.44        1495.48        0.90475       0.859405
            539         238.44        1597.28       0.870111       0.859405
            540         183.44        1609.28       0.897675       0.859405
            541         140.44        1436.88       0.910963       0.859405
            542         100.44        1536.88       0.938656       0.859405
            543         222.44        1397.48       0.862685       0.859405
            544         995.44        498.882       0.333852       0.239796
            545        1100.44        410.882       0.271869       0.239796
            546        1025.44        331.882       0.244512       0.239796
            547         953.44        270.282       0.220869       0.239796
            548         790.44        638.882       0.446983       0.239796
            549         824.44        427.082        0.34125       0.239796
            550         949.44        424.082       0.308755       0.239796
            551         509.44        1021.08       0.667146       0.859405
            552         709.44        856.082       0.546835       0.859405
            553         301.44        1174.68       0.795789       0.859405
            554         823.44        716.282       0.465202       0.239796
            555        1016.44        319.682       0.239261       0.239796
            556         990.44        326.882       0.248141       0.239796
            557         966.44        312.682        0.24445       0.239796
            558         915.44        565.882       0.382011       0.239796
            559         761.44        351.682       0.315942       0.239796
            560        1312.44        296.482       0.184274       0.239796
            561         982.44        312.482       0.241313       0.239796
            562        1060.44        259.882       0.196832       0.239796
            563         509.44        1137.08       0.690596       0.859405
            564         156.44        1535.68       0.907548       0.859405
            565         157.44        1673.48       0.914011       0.859405
            566         231.44        1940.68        0.89345       0.859405
            567         193.44        1570.28       0.890323       0.859405
            568         187.44        1789.48       0.905186       0.859405
            569         117.44        1727.48       0.936344       0.859405
            570         165.44        1640.88       0.908411       0.859405
            571         906.44        302.682       0.250332       0.239796
            572        1028.44        323.282       0.239163       0.239796
            573         941.44        297.682       0.240236       0.239796
            574        1059.44        387.082       0.267595       0.239796
            575         577.44        863.482       0.599257       0.859405
            576         105.44        1580.88       0.937473       0.859405
            577         134.44        1740.08        0.92828       0.859405
            578         243.44        1435.28       0.854985       0.859405
            579         896.44        341.682       0.275968       0.239796
            580         154.44        1535.08        0.90859       0.859405
            581         186.44        1522.68       0.890915       0.859405
            582         157.44        1688.48       0.914709       0.859405
            583         191.44        1483.68       0.885716       0.859405
            584         112.44        1827.48       0.942039       0.859405
            585         307.44        1291.48        0.80772       0.859405
            586         142.44        1753.48        0.92487       0.859405
            587         104.44        1640.08       0.940133       0.859405
            588         197.44        1444.48       0.879751       0.859405
            589         364.44        1076.08       0.747008       0.859405
            590         816.44        298.682       0.267847       0.239796
            591        1022.44        294.482       0.223614       0.239796
            592         892.44        469.482        0.34472       0.239796
            593         613.44        1074.28       0.636528       0.859405
            594        1082.44        108.482      0.0910908       0.239796
            595        1055.44        156.882       0.129406       0.239796
            596        1043.44        291.282       0.218234       0.239796
            597         655.44        803.882        0.55086       0.859405
            598         182.44        1208.48       0.868835       0.859405
            599         877.44        402.482       0.314458       0.239796
            600         889.44        409.082       0.315037       0.239796
            601         113.44        1540.28       0.931403       0.859405
            602         682.44        758.482       0.526387       0.239796
            603        1059.44        122.082       0.103326       0.239796
            604        1097.44        269.482       0.197145       0.239796
            605         376.44        1012.68       0.729009       0.859405
            606         179.44        1448.08       0.889746       0.859405
            607         201.44        1591.68        0.88766       0.859405
            608         530.44        1086.88       0.672026       0.859405
            609         925.44        312.882       0.252666       0.239796
            610        1085.44        204.882       0.158784       0.239796
            611         967.44        626.482       0.393044       0.239796
            612         139.44        1554.08       0.917663       0.859405
            613         162.44        1544.48       0.904835       0.859405
            614         435.44        908.882        0.67609       0.859405
            615          62.44        1859.48       0.967512       0.859405
            616         719.44        611.082        0.45928       0.239796
            617         958.44        296.282       0.236134       0.239796
            618         970.44        203.882       0.173617       0.239796
            619         487.44        1224.48       0.715267       0.859405
            620          76.44        1321.68       0.945327       0.859405
            621         563.44        919.282       0.619996       0.859405
            622         450.44        1257.88       0.736326       0.859405
            623        1220.44        181.882       0.129701       0.239796
            624        1087.44        288.482       0.209665       0.239796
            625         918.44        231.282       0.201163       0.239796
            626        1023.44        248.282       0.195233       0.239796
            627         962.44        416.482       0.302034       0.239796
            628         930.44         84.882      0.0836011       0.239796
            629         870.44        201.882       0.188266       0.239796
            630         904.44        440.082       0.327315       0.239796
            631          66.44        1693.68       0.962253       0.859405
            632         132.44        1520.48       0.919875       0.859405
            633         478.44        925.282       0.659163       0.859405
            634         998.44        182.282       0.154382       0.239796
            635         806.44        291.682       0.265619       0.239796
            636         757.44        675.482       0.471402       0.239796
            637         103.44        1333.28       0.928003       0.859405
            638          97.44        1571.48       0.941615       0.859405
            639         196.44        1439.68       0.879936       0.859405
            640         278.44        1363.28       0.830398       0.859405
            641          89.44        1458.08       0.942204       0.859405
            642         314.44        1147.08       0.784854       0.859405
            643         141.44        1811.68       0.927583       0.859405
            644         234.44        1547.08       0.868405       0.859405
            645         135.44        1671.88        0.92506       0.859405
            646         194.44        1653.08       0.894756       0.859405
            647         157.44        1407.48       0.899394       0.859405
            648         361.44        1261.68       0.777318       0.859405
            649        1063.44        250.282       0.190514       0.239796
            650        1003.44        237.282       0.191245       0.239796
            651         197.44        1543.48       0.886589       0.859405
            652         164.44        1503.08       0.901387       0.859405
            653         136.44        1540.68       0.918646       0.859405
            654         292.44        1181.48       0.801591       0.859405
            655         136.44        1633.68       0.922921       0.859405
            656         183.44        1767.28       0.905963       0.859405
            657         134.44        1550.08       0.920191       0.859405
            658         209.44        1512.08        0.87834       0.859405
            659         176.44        1419.68       0.889457       0.859405
            660          89.44        1529.08        0.94474       0.859405
            661         299.44        1220.08       0.802938       0.859405
            662        1076.44        376.682       0.259223       0.239796
            663        1070.44        195.882       0.154686       0.239796
            664        1085.44        161.882       0.129784       0.239796
            665         969.44        214.082       0.180886       0.239796
            666        1095.44         24.882      0.0222097       0.239796
            667         251.44        1351.68       0.843156       0.859405
            668         162.44        1468.48         0.9004       0.859405
            669         101.44        1480.68       0.935884       0.859405
            670          66.44        1173.68       0.946425       0.859405
            671         776.44        485.682       0.384814       0.239796
            672         957.44        198.482       0.171709       0.239796
            673         185.44        1455.88       0.887018       0.859405
            674         163.44        1566.28       0.905511       0.859405
            675          90.44        1677.88       0.948855       0.859405
            676          82.44        1493.48       0.947688       0.859405
            677         137.44        1433.48        0.91251       0.859405
            678         208.44        1650.28       0.887858       0.859405
            679         129.44        1380.08       0.914251       0.859405
            680         189.44        1456.08       0.884875       0.859405
            681         170.44        1679.88       0.907886       0.859405
            682         146.44        1376.68       0.903855       0.859405
            683         115.44        1486.88       0.927955       0.859405
            684         189.44        1528.08       0.889702       0.859405
            685          54.44        1626.08       0.967605       0.859405
            686          27.44        1721.48        0.98431       0.859405
            687         121.44        1665.68       0.932047       0.859405
            688          26.44        1543.68       0.983161       0.859405
            689         100.44        1456.88       0.935505       0.859405
            690         174.44        1539.08       0.898198       0.859405
            691          53.44        1433.28       0.964055       0.859405
            692         108.44        1300.28       0.923022       0.859405
            693         105.44        1332.88       0.926692       0.859405
            694         242.44        1363.48       0.849034       0.859405
            695        1079.44        158.082       0.127741       0.239796
            696         877.44        224.482       0.203719       0.239796
            697         413.44        1126.28       0.731484       0.859405
            698         126.44        1335.68       0.913523       0.859405
            699         273.44        1429.28        0.83941       0.859405
            700         189.44        1506.08        0.88827       0.859405
            701         253.44        1374.28       0.844298       0.859405
            702         161.44        1232.68         0.8842       0.859405
            703         159.44        1607.08       0.909744       0.859405
            704         868.44        341.282       0.282116       0.239796
            705        1028.44        383.282         0.2715       0.239796
            706        1035.44        301.882       0.225736       0.239796
            707        1017.44        231.482       0.185345       0.239796
            708         998.44        188.282       0.158657       0.239796
            709        1022.44        256.482       0.200545       0.239796
            710        1140.44        239.882       0.173787       0.239796
            711         996.44        216.682       0.178615       0.239796
            712         969.44        156.082       0.138675       0.239796
            713         351.44        1400.68        0.79942       0.859405
            714         148.44        1516.28       0.910832       0.859405
            715         241.44        1342.68       0.847587       0.859405
            716         203.44        1352.28       0.869231       0.859405
            717         135.44        1376.88       0.910442       0.859405
            718         133.44        1616.28       0.923736       0.859405
            719         156.44        1746.68       0.917798       0.859405
            720         224.44        1706.08       0.883741       0.859405
            721           0.44        1653.88       0.999734       0.859405
            722         101.44        1380.68       0.931558       0.859405
            723         144.44        1512.08       0.912805       0.859405
            724         890.44        472.882        0.34686       0.239796
            725        1176.44        112.682      0.0874099       0.239796
            726         668.44        665.282       0.498816       0.239796
            727        1028.44        157.282       0.132647       0.239796
            728        1025.44        339.882       0.248939       0.239796
            729         985.44        105.882      0.0970218       0.239796
            730         917.44        363.482       0.283766       0.239796
            731        1199.44        178.082       0.129277       0.239796
            732         443.44        1167.28       0.724695       0.859405
            733         257.44        1420.48       0.846572       0.859405
            734         168.44        1556.28       0.902338       0.859405
            735         101.44        1640.68       0.941772       0.859405
            736          46.44        1573.68       0.971335       0.859405
            737         132.44        1342.48       0.910205       0.859405
            738         172.44        1497.48       0.896738       0.859405
            739         333.44        1304.28         0.7964       0.859405
            740        1125.44        255.882       0.185244       0.239796
            741        1108.44          2.282     0.00205452       0.239796
            742         965.44        216.882       0.183437       0.239796
            743        1061.44        153.682       0.126475       0.239796
            744        1008.44        205.282       0.169134       0.239796
            745         108.44        1516.28       0.933256       0.859405
            746         159.44        1377.08       0.896233       0.859405
            747         194.44        1510.08       0.885927       0.859405
            748         208.44        1465.28       0.875463       0.859405
            749         157.44        1336.48       0.894613       0.859405
            750         524.44        941.082       0.642148       0.859405
            751        1028.44        303.282       0.227737       0.239796
            752        1091.44        248.682       0.185567       0.239796
            753         922.44        272.482       0.228033       0.239796
            754        1105.44        342.882       0.236744       0.239796
            755         915.44        314.882       0.255935       0.239796
            756         234.44        1880.08       0.889129       0.859405
            757         188.44        1387.28        0.88041       0.859405
            758         214.44        1364.08       0.864151       0.859405
            759          53.44        1484.28       0.965247       0.859405
            760          93.44        1588.28       0.944438       0.859405
            761          16.44        1727.68       0.990574       0.859405
            762         191.44        1583.68       0.892154       0.859405
            763         139.44        1664.08       0.922685       0.859405
            764          32.44        1573.48         0.9798       0.859405
            765          96.44        1621.68       0.943869       0.859405
            766         764.44        661.082       0.463747       0.239796
            767         928.44        324.282       0.258862       0.239796
            768        1206.44         91.682      0.0706266       0.239796
            769         559.44        1026.08       0.647157       0.859405
            770         231.44        1489.68        0.86553       0.859405
            771         196.44        1194.68        0.85879       0.859405
            772         145.44        1307.88       0.899926       0.859405
            773         133.44        1591.28       0.922631       0.859405
            774         833.44        306.282       0.268734       0.239796
            775         990.44        121.882       0.109574       0.239796
            776         987.44        189.482       0.160998       0.239796
            777        1001.44        240.682       0.193767       0.239796
            778         350.44        1095.88       0.757703       0.859405
            779          70.44        1448.88       0.953637       0.859405
            780         126.44        1339.68       0.913759       0.859405
            781         234.44        1237.08       0.840682       0.859405
            782         200.44        1529.88        0.88416       0.859405
            783         846.44        225.682         0.2105       0.239796
            784         909.44        251.082       0.216353       0.239796
            785         315.44        1086.88       0.775059       0.859405
            786         158.44        1630.28       0.911423       0.859405
            787          92.44        1476.48       0.941081       0.859405
            788          26.44        1464.68       0.982268       0.859405
            789          99.44        1714.08       0.945167       0.859405
            790         172.44        1284.48       0.881641       0.859405
            791         278.44        964.282       0.775943       0.859405
            792         207.44        1384.48       0.869692       0.859405
            793         626.44        753.682       0.546098       0.239796
            794        1132.44        223.482       0.164819       0.239796
            795        1143.44        182.282       0.137496       0.239796
            796         498.44        1021.28       0.672019       0.859405
            797         143.44        1377.28       0.905676       0.859405
            798         190.44        1250.88       0.867871       0.859405
            799         234.44        1499.08       0.864761       0.859405
            800         220.44        1388.88       0.863023       0.859405
            801         289.44        1106.08       0.792594       0.859405
            802        1198.44        107.282       0.082163       0.239796
            803        1001.44        297.682       0.229141       0.239796
            804        1098.44        210.282       0.160677       0.239796
            805         962.44        151.482        0.13599       0.239796
            806        1018.44         97.282       0.087192       0.239796
            807        1051.44        180.682       0.146643       0.239796
            808        1003.44        118.282       0.105447       0.239796
            809         195.44        1241.88       0.864025       0.859405
            810         225.44        1464.88       0.866629       0.859405
            811         251.44        1297.68       0.837689       0.859405
            812         158.44        1463.28       0.902301       0.859405
            813         127.44        1336.48       0.912946       0.859405
            814         143.44        1290.28       0.899953       0.859405
            815         153.44        1460.28       0.904915       0.859405
            816         141.44        1344.68       0.904826       0.859405
            817         179.44        1334.08       0.881442       0.859405
            818         728.44        603.282       0.453009       0.239796
            819         871.44        101.682        0.10449       0.239796
            820        1074.44        279.082       0.206189       0.239796
            821         819.44        154.082       0.158273       0.239796
            822         813.44        404.282       0.331999       0.239796
            823         976.44        318.682       0.246063       0.239796
            824        1071.44        146.682       0.120417       0.239796
            825        1002.44        138.482       0.121377       0.239796
            826         782.44        255.482       0.246148       0.239796
            827        1076.44        208.682       0.162383       0.239796
            828        1049.44        118.082       0.101139       0.239796
            829         739.44        164.082       0.181603       0.239796
            830        1112.44        331.482       0.229571       0.239796
            831        1068.44        257.282       0.194069       0.239796
            832        1158.44        142.282       0.109387       0.239796
            833         639.44        755.082       0.541463       0.239796
            834         117.44        1404.48       0.922834       0.859405
            835         638.44        656.282        0.50689       0.239796
            836         955.44        137.882       0.126113       0.239796
            837        1110.44        307.882       0.217075       0.239796
            838         769.44        484.082       0.386178       0.239796
            839         130.44        1608.88       0.925005       0.859405
            840         524.44        1023.08        0.66111       0.859405
            841         778.44        225.282       0.224447       0.239796
            842         676.44        696.682       0.507371       0.239796
            843         566.44        760.682       0.573182       0.239796
            844        1050.44        229.882        0.17955       0.239796
            845         635.44        847.882        0.57161       0.239796
            846         880.44        230.882       0.207754       0.239796
            847        1074.44        239.082       0.182016       0.239796
            848        1038.44        284.282       0.214922       0.239796
            849         276.44        1004.68        0.78422       0.859405
            850         157.44        1520.48        0.90617       0.859405
            851         137.44        1426.48       0.912118       0.859405
            852         134.44        1591.08       0.922087       0.859405
            853          33.44        1751.28       0.981263       0.859405
            854         100.44        1566.88        0.93976       0.859405
            855         145.44        1492.88       0.911226       0.859405
            856         127.44        1506.48       0.922004       0.859405
            857         922.44        387.482       0.295805       0.239796
            858         909.44        175.082       0.161437       0.239796
            859         279.44        988.082       0.779538       0.859405
            860         789.44        514.082       0.394379       0.239796
            861        1132.44        216.482       0.160485       0.239796
            862         936.44        160.682       0.146458       0.239796
            863        1088.44        148.282       0.119899       0.239796
            864         757.44        423.482       0.358603       0.239796
            865         991.44        312.682       0.239764       0.239796
            866        1126.44         53.682      0.0454885       0.239796
            867        1043.44         70.282      0.0631055       0.239796
            868        1017.44        176.482       0.147817       0.239796
            869        1066.44         34.682       0.031497       0.239796
            870         750.44        404.882       0.350449       0.239796
            871         629.44        697.082       0.525496       0.239796
            872        1058.44        214.282       0.168365       0.239796
            873         376.44        945.682       0.715276       0.859405
            874         439.44        1074.08       0.709657       0.859405
            875         535.44        862.882       0.617084       0.859405
            876         191.44        1453.68       0.883632       0.859405
            877         109.44        1332.08        0.92408       0.859405
            878         709.44        582.082       0.450695       0.239796
            879        1034.44        169.082       0.140489       0.239796
            880         565.44        693.882       0.550996       0.239796
            881         879.44         77.082      0.0805857       0.239796
            882         392.44        753.482       0.657533       0.859405
            883         112.44        1405.48       0.925925       0.859405
            884          63.44        1256.28       0.951929       0.859405
            885         132.44        1504.48       0.919092       0.859405
            886         130.44        1454.88        0.91772       0.859405
            887         573.44        799.282       0.582261       0.859405
            888         176.44        1268.68       0.877907       0.859405
            889         985.44        189.882       0.161557       0.239796
            890        1012.44        231.482        0.18609       0.239796
            891         969.44        343.082       0.261391       0.239796
            892         971.44        215.682       0.181685       0.239796
            893         988.44        264.282       0.210966       0.239796
            894         882.44        393.482        0.30839       0.239796
            895         904.44        346.082        0.27675       0.239796
            896         597.44        576.482       0.491074       0.239796
            897         509.44        733.082       0.589995       0.239796
            898         670.44        703.882       0.512167       0.239796
            899         852.44        282.482         0.2489       0.239796
            900         968.44         48.282      0.0474879       0.239796
            901         896.44        270.682       0.231923       0.239796
            902         941.44        183.682       0.163255       0.239796
            903        1039.44        150.082        0.12617       0.239796
            904         899.44        234.082       0.206509       0.239796
            905         837.44        426.482       0.337427       0.239796
            906         971.44        203.682       0.173328       0.239796
            907         994.44        282.082       0.220977       0.239796
            908         937.44        173.482        0.15616       0.239796
            909         849.44        -11.918     -0.0142301       0.239796
            910         417.44        950.482       0.694836       0.859405
            911         190.44        1276.88       0.870213       0.859405
            912          -0.56        1323.08        1.00042       0.859405
            913         116.44        1225.68       0.913242       0.859405
            914         160.44        1404.88       0.897504       0.859405
            915         820.44        630.882       0.434695       0.239796
            916         870.44        265.882       0.233985       0.239796
            917         899.44        214.082       0.192257       0.239796
            918         651.44        556.682       0.460783       0.239796
            919          83.44        1361.28       0.942245       0.859405
            920         100.44        1212.88       0.923522       0.859405
            921         143.44        1156.28       0.889638       0.859405
            922         180.44        1133.88       0.862712       0.859405
            923         873.44         30.282      0.0335081       0.239796
            924         643.44        714.282       0.526089       0.239796
            925         823.44        307.282       0.271757       0.239796
            926         911.44        206.682       0.184847       0.239796
            927         996.44        238.682       0.193246       0.239796
            928         343.44        1027.28       0.749446       0.859405
            929         108.44        1551.28       0.934664       0.859405
            930         102.44        1321.48       0.928058       0.859405
            931          32.44        1177.48       0.973188       0.859405
            932          46.44        1058.68       0.957977       0.859405
            933         120.44        1280.88       0.914053       0.859405
            934          33.44        1154.28       0.971845       0.859405
            935         180.44        1112.88       0.860483       0.859405
            936         114.44        1257.08        0.91656       0.859405
            937          95.44        1058.88       0.917319       0.859405
            938         124.44        1448.08       0.920866       0.859405
            939          77.44        1158.48       0.937342       0.859405
            940         117.44        1570.48       0.930423       0.859405
            941         831.44        640.682        0.43521       0.239796
            942          72.44        1378.48       0.950073       0.859405
            943         143.44        1481.28       0.911714       0.859405
            944         202.44        1750.48        0.89634       0.859405
            945         145.44        1636.88       0.918399       0.859405
            946          98.44        1542.28       0.940002       0.859405
            947         147.44        1398.48       0.904626       0.859405
            948         126.44        1467.68       0.920684       0.859405
            949         196.44        1576.68       0.889212       0.859405
            950         115.44        1213.88       0.913159       0.859405
            951         116.44        1586.68       0.931631       0.859405
            952         130.44        1624.88       0.925689       0.859405
            953         128.44        1590.28        0.92527       0.859405
            954         145.44        1633.88       0.918261       0.859405
            955          65.44        1545.88       0.959387       0.859405
            956         117.44        1525.48       0.928518       0.859405
            957         334.44        1018.08       0.752729       0.859405
            958         563.44        940.282       0.625303       0.859405
            959        1111.44        244.682       0.180428       0.239796
            960         711.44        805.682       0.531059       0.239796
            961         921.44        277.682       0.231571       0.239796
            962         849.44        138.082       0.139827       0.239796
            963         957.44        389.482       0.289164       0.239796
            964         965.44         60.882      0.0593206       0.239796
            965         956.44        271.682       0.221217       0.239796
            966        1108.44        187.282       0.144539       0.239796
            967         997.44        160.482       0.138595       0.239796
            968         993.44        221.282       0.182167       0.239796
            969         905.44        142.882       0.136296       0.239796
            970         901.44        210.682       0.189441       0.239796
            971         915.44         60.882      0.0623585       0.239796
            972         501.44        772.682       0.606443       0.859405
            973         942.44        312.482       0.249005       0.239796
            974         980.44        114.882       0.104884       0.239796
            975         969.44        232.082       0.193157       0.239796
            976        1067.44        267.482       0.200373       0.239796
            977         214.44        1332.08        0.86134       0.859405
            978          74.44        1274.08       0.944799       0.859405
            979         172.44        1171.48       0.871689       0.859405
            980         517.44        850.482       0.621733       0.859405
            981         851.44        462.682       0.352085       0.239796
            982          66.44        1132.68       0.944593       0.859405
            983         103.44        1042.28       0.909716       0.859405
            984         185.44        1181.88       0.864377       0.859405
            985         152.44        1336.48       0.897617       0.859405
            986         539.44        719.082        0.57137       0.859405
            987        1332.44        -10.518     -0.0079566       0.239796
            988        1087.44        123.482       0.101974       0.239796
            989         783.44        521.282       0.399535       0.239796
            990         214.44        1237.08       0.852265       0.859405
            991         199.44        1183.08       0.855742       0.859405
            992         118.44        1166.28       0.907809       0.859405
            993          45.44        1523.88       0.971045       0.859405
            994         189.44        1190.08       0.862677       0.859405
            995          72.44        1251.48       0.945284       0.859405
            996         269.44        1193.08        0.81577       0.859405
            997         107.44        1294.48       0.923362       0.859405
            998          62.44        1130.48       0.947658       0.859405
            999         104.44        1270.08       0.924017       0.859405
           1000          86.44        1029.68       0.922553       0.859405
           1001         758.44        256.282       0.252564       0.239796
           1002        1039.44        139.082       0.118014       0.239796
           1003         826.44        403.682       0.328164       0.239796
           1004         965.44        110.882       0.103019       0.239796
           1005        1108.44        157.282       0.124263       0.239796
           1006         290.44        1158.88       0.799603       0.859405
           1007         175.44        1126.88       0.865287       0.859405
           1008         817.44        434.482       0.347052       0.239796
           1009         529.44        710.082       0.572868       0.859405
           1010         155.44        1084.88       0.874678       0.859405
           1011         742.44        530.482       0.416744       0.239796
           1012         262.44        1009.48       0.793667       0.859405
           1013         638.44        406.282        0.38889       0.239796
           1014        1065.44        100.882      0.0864958       0.239796
           1015         145.44        1123.88       0.885419       0.859405
           1016        1072.44        159.482       0.129458       0.239796
           1017         987.44        300.482       0.233308       0.239796
           1018         581.44        647.682       0.526947       0.239796
           1019         923.44        322.282       0.258711       0.239796
           1020         652.44        648.482       0.498479       0.239796
           1021         127.44        1111.48       0.897136       0.859405
           1022         261.44        1658.68       0.863842       0.859405
           1023        1049.44        231.082       0.180459       0.239796
           1024        1132.44         80.482      0.0663538       0.239796
           1025        1164.44         57.082      0.0467302       0.239796
           1026         981.44        103.682      0.0955487       0.239796
           1027         995.44        171.882       0.147245       0.239796
           1028         968.44        194.282       0.167092       0.239796
           1029         184.44        1190.08       0.865815       0.859405
           1030         220.44        1122.88       0.835899       0.859405
           1031         225.44        966.882       0.810924       0.859405
           1032          99.44        1075.08       0.915336       0.859405
           1033         166.44        1093.68       0.867918       0.859405
           1034         185.44        905.882       0.830078       0.859405
           1035         224.44        1083.08       0.828347       0.859405
           1036         170.44        877.882       0.837416       0.859405
           1037         113.44        1145.28       0.909877       0.859405
           1038         133.44        1066.28       0.888774       0.859405
           1039         134.44        1183.08        0.89796       0.859405
           1040         176.44        1311.68       0.881434       0.859405
           1041         269.44        1092.08       0.802104       0.859405
           1042         212.44        1118.48       0.840381       0.859405
           1043         478.44        831.282       0.634701       0.859405
           1044         191.44        1090.68       0.850685       0.859405
           1045         148.44        898.282       0.858186       0.859405
           1046         132.44        1231.48       0.902898       0.859405
           1047         347.44        994.482       0.741088       0.859405
           1048         189.44        956.082       0.834626       0.859405
           1049         231.44        1008.68       0.813373       0.859405
           1050         150.44        1209.88       0.889409       0.859405
           1051         546.44        880.682       0.617104       0.859405
           1052         240.44        1030.88       0.810874       0.859405
           1053        1149.44         46.082      0.0385455       0.239796
           1054        1092.44        152.482       0.122483       0.239796
           1055        1064.44         91.082      0.0788233       0.239796
           1056        1072.44        131.482       0.109211       0.239796
           1057        1135.44         60.882       0.050891       0.239796
           1058         662.44        1037.48       0.610312       0.859405
           1059        1201.44         76.682      0.0599958       0.239796
           1060        1111.44        106.682      0.0875791       0.239796
           1061         531.44        561.682       0.513833       0.239796
           1062         215.44        1037.88       0.828105       0.859405
           1063         184.44        1150.08       0.861793       0.859405
           1064         789.44        350.082       0.307218       0.239796
           1065         999.44        282.082       0.220115       0.239796
           1066         888.44        404.282       0.312737       0.239796
           1067         189.44        1083.08        0.85113       0.859405
           1068          88.44        1030.28       0.920946       0.859405
           1069         267.44        941.482       0.778778       0.859405
           1070         194.44        1014.08       0.839109       0.859405
           1071          21.44        984.682        0.97869       0.859405
           1072         134.44        939.082       0.874767       0.859405
           1073         143.44        1132.28       0.887562       0.859405
           1074         163.44        1060.28        0.86644       0.859405
           1075          51.44        1108.68        0.95566       0.859405
           1076         791.44        388.682       0.329357       0.239796
           1077         936.44        234.682       0.200391       0.239796
           1078         917.44         66.482      0.0675684       0.239796
           1079        1126.44         48.682      0.0414272       0.239796
           1080        1066.44         62.682      0.0555139       0.239796
           1081         954.44        147.082       0.133526       0.239796
           1082         983.44         71.282      0.0675837       0.239796
           1083         985.44        114.882       0.104408       0.239796
           1084         928.44         84.282      0.0832232       0.239796
           1085         334.44        661.082       0.664056       0.859405
           1086          72.44        1052.48       0.935604       0.859405
           1087         131.44        1083.68        0.89183       0.859405
           1088          38.44        1189.28        0.96869       0.859405
           1089         847.44        310.482       0.268137       0.239796
           1090         820.44         96.882       0.105614       0.239796
           1091         896.44        197.682       0.180676       0.239796
           1092        1031.44        108.682      0.0953249       0.239796
           1093         984.44        156.082       0.136851       0.239796
           1094        1061.44         91.682      0.0795076       0.239796
           1095         774.44        169.082       0.179203       0.239796
           1096         873.44        265.282       0.232965       0.239796
           1097         474.44        449.082       0.486271       0.239796
           1098          55.44        1121.88        0.95291       0.859405
           1099         122.44        1136.48       0.902742       0.859405
           1100          92.44        1349.48       0.935891       0.859405
           1101          37.44        1346.48       0.972946       0.859405
           1102         121.44        1180.68       0.906737       0.859405
           1103         502.44        649.482       0.563825       0.859405
           1104         800.44        448.882         0.3593       0.239796
           1105         342.44        1085.48       0.760183       0.859405
           1106         984.44        245.082       0.199331       0.239796
           1107          99.44        1320.08       0.929948       0.859405
           1108          85.44        1347.88        0.94039       0.859405
           1109         102.44        1241.48       0.923775       0.859405
           1110         121.44        1147.68       0.904312       0.859405
           1111          54.44        1133.08       0.954157       0.859405
           1112         139.44        1368.08       0.907504       0.859405
           1113          37.44        1266.48       0.971287       0.859405
           1114         152.44        1242.48       0.890718       0.859405
           1115         123.44        1162.28       0.903992       0.859405
           1116         699.44        339.082       0.326504       0.239796
           1117         556.44        711.682       0.561209       0.859405
           1118         400.44        1251.88        0.75765       0.859405
           1119         215.44        1181.88       0.845819       0.859405
