              0         162.02        1758.91       0.915655       0.894347
              1         133.02        1809.71       0.931529       0.894347
              2         130.02        2044.31       0.940202       0.894347
              3         130.02        1636.31        0.92639       0.894347
              4         128.02        1544.71       0.923466       0.894347
              5          55.02        1917.31       0.972104       0.894347
              6         134.02        1560.51        0.92091       0.894347
              7         170.02        2118.31       0.925701       0.894347
              8         209.02        1746.51       0.893113       0.894347
              9          86.02        1819.11       0.954848       0.894347
             10         257.02        1606.91       0.862108       0.894347
             11         896.02        343.106       0.276894       0.288496
             12         191.02        1607.11       0.893767       0.894347
             13         601.02        1037.11       0.633105       0.894347
             14        1223.02        422.706       0.256851       0.288496
             15        1351.02        524.106       0.279504       0.288496
             16        1050.02        390.306       0.270984       0.288496
             17        1020.02        338.306       0.249061       0.288496
             18        1291.02        519.106       0.286779       0.288496
             19         381.02        1466.11       0.793723       0.894347
             20         679.02        857.506       0.558081       0.288496
             21        1132.02        411.906       0.266791       0.288496
             22        1041.02        521.106       0.333588       0.288496
             23        1103.02        358.706       0.245399       0.288496
             24        1173.02        296.706       0.201878       0.288496
             25         522.02        399.906       0.433772       0.288496
             26          89.02        233.506       0.723991       0.894347
             27          48.02         78.706       0.621072       0.894347
             28          28.02        157.706       0.849133       0.894347
             29         -31.98        355.706        1.09879       0.894347
             30         -14.98        178.306        1.09172       0.894347
             31           1.02         91.106       0.988928       0.894347
             32          35.02        239.306       0.872342       0.894347
             33          52.02        292.906       0.849185       0.894347
             34         855.02        748.306       0.466721       0.288496
             35        1181.02        477.106       0.287738       0.288496
             36         157.02        1697.91        0.91535       0.894347
             37         159.02        1963.51        0.92508       0.894347
             38         172.02        1798.91       0.912721       0.894347
             39         170.02        1949.31       0.919776       0.894347
             40          64.02        1779.51       0.965273       0.894347
             41         699.02        1291.51       0.648826       0.894347
             42        1244.02        452.506       0.266725       0.288496
             43        1387.02        353.906       0.203286       0.288496
             44        1008.02        482.706       0.323806       0.288496
             45         939.02        852.506       0.475855       0.288496
             46          82.02        1803.91       0.956509       0.894347
             47         142.02        1735.91       0.924374       0.894347
             48         565.02        982.306       0.634841       0.894347
             49        1120.02        431.306       0.278024       0.288496
             50        1287.02        413.906       0.243342       0.288496
             51        1044.02        375.506       0.264529       0.288496
             52         795.02        931.306       0.539473       0.288496
             53         113.02        2030.71       0.947279       0.894347
             54          82.02        1838.91       0.957302       0.894347
             55          78.02        2019.71       0.962807       0.894347
             56         108.02        1909.71       0.946464       0.894347
             57         174.02        1843.51       0.913746       0.894347
             58          80.02        1683.31        0.95462       0.894347
             59         108.02        1846.71       0.944739       0.894347
             60        1079.02        358.506       0.249391       0.288496
             61        1086.02        379.106       0.258753       0.288496
             62         863.02        622.706       0.419126       0.288496
             63         129.02        1754.51       0.931501       0.894347
             64         164.02        1781.51       0.915694       0.894347
             65         234.02        1987.51       0.894658       0.894347
             66         216.02        2218.11       0.911254       0.894347
             67         158.02        1708.71       0.915349       0.894347
             68         132.02        1735.91       0.929323       0.894347
             69          96.02        1934.11       0.952702       0.894347
             70         126.02        1968.11       0.939822       0.894347
             71         107.02        1782.91       0.943373       0.894347
             72          93.02        1989.71       0.955337       0.894347
             73         128.02        1890.71       0.936584       0.894347
             74         573.02        1159.71       0.669296       0.894347
             75        1224.02        481.506       0.282321       0.288496
             76        1358.02        351.706       0.205709       0.288496
             77        1278.02        312.706       0.196581       0.288496
             78         956.02        693.106       0.420287       0.288496
             79         127.02        2054.91       0.941785       0.894347
             80         552.02        1405.91       0.718059       0.894347
             81          75.02        1719.31        0.95819       0.894347
             82         855.02        723.306       0.458274       0.288496
             83         998.02        355.706       0.262761       0.288496
             84        1190.02        309.306       0.206297       0.288496
             85        1058.02        400.706       0.274696       0.288496
             86         285.02        1913.31       0.870347       0.894347
             87         143.02        1825.71       0.927354       0.894347
             88        1080.02        360.306       0.250156       0.288496
             89         882.02        581.906       0.397497       0.288496
             90        1092.02        337.906        0.23631       0.288496
             91        1512.02        429.906       0.221381       0.288496
             92         981.02        322.106       0.247179       0.288496
             93        1051.02        323.106       0.235136       0.288496
             94        1056.02        333.106       0.239795       0.288496
             95        1131.02        379.106       0.251043       0.288496
             96        1146.02        401.106       0.259259       0.288496
             97        1017.02        509.906       0.333943       0.288496
             98        1086.02        337.106       0.236877       0.288496
             99         825.02        647.306       0.439649       0.288496
            100         888.02        331.706       0.271951       0.288496
            101         974.02        357.506       0.268493       0.288496
            102         905.02        302.306       0.250393       0.288496
            103         606.02        823.106       0.575951       0.288496
            104          88.02        1681.71       0.950263       0.894347
            105         110.02        1831.31       0.943327       0.894347
            106         169.02        1913.51       0.918839       0.894347
            107         318.02        1489.71       0.824077       0.894347
            108         172.02        1781.91       0.911962       0.894347
            109         124.02        1625.51       0.929112       0.894347
            110         266.02        1382.11       0.838592       0.894347
            111         967.02        155.906       0.138839       0.288496
            112         571.02        947.106       0.623865       0.894347
            113          90.02        1891.31       0.954566       0.894347
            114         215.02        1826.31       0.894667       0.894347
            115         140.02        2013.31       0.934975       0.894347
            116         109.02        1940.51       0.946807       0.894347
            117         214.02        1616.51       0.883083       0.894347
            118         455.02        1179.31       0.721586       0.894347
            119         182.02        1823.91       0.909259       0.894347
            120         364.02        1612.51       0.815828       0.894347
            121         924.02        326.506       0.261095       0.288496
            122         977.02        287.906       0.227607       0.288496
            123         512.02        900.906       0.637617       0.894347
            124         151.02        1790.11         0.9222       0.894347
            125          80.02        1577.31       0.951717       0.894347
            126         167.02        1453.91        0.89696       0.894347
            127         750.02        789.306       0.512761       0.288496
            128         991.02        303.106       0.234217       0.288496
            129         971.02        309.106       0.241465       0.288496
            130         117.02        1901.91       0.942038       0.894347
            131         833.02        828.706       0.498702       0.288496
            132         970.02        338.306       0.258579       0.288496
            133         927.02        760.906       0.450793       0.288496
            134         116.02        1767.11        0.93839       0.894347
            135         134.02        1849.51       0.932433       0.894347
            136         194.02        1612.51         0.8926       0.894347
            137         184.02        1841.51        0.90915       0.894347
            138         235.02        1778.31       0.883268       0.894347
            139         161.02        1853.11       0.920055       0.894347
            140         544.02        1119.51       0.672972       0.894347
            141         973.02        279.706       0.223278       0.288496
            142        1046.02        339.106        0.24482       0.288496
            143         749.02        680.506       0.476036       0.288496
            144         830.02        626.306       0.430059       0.288496
            145         209.02        1794.51       0.895674       0.894347
            146         949.02        542.506       0.363725       0.288496
            147         989.02        363.506       0.268761       0.288496
            148         289.02        1342.51       0.822853       0.894347
            149          45.02        1921.31       0.977105       0.894347
            150         135.02        1742.31       0.928079       0.894347
            151         106.02        1942.11       0.948236       0.894347
            152         167.02        1715.91       0.911298       0.894347
            153         240.02        1865.31       0.885994       0.894347
            154         557.02        938.906       0.627642       0.894347
            155         927.02        278.906        0.23128       0.288496
            156         883.02        409.706       0.316932       0.288496
            157         871.02        669.106       0.434449       0.288496
            158         897.02        833.906       0.481769       0.288496
            159         864.02        215.506        0.19963       0.288496
            160         540.02        1289.31       0.704798       0.894347
            161         177.02        1781.91       0.909634       0.894347
            162         170.02        2057.31       0.923666       0.894347
            163         131.02        2071.11       0.940503       0.894347
            164         157.02        2019.91       0.927871       0.894347
            165         104.02        1893.51       0.947926       0.894347
            166          95.02        1655.31       0.945713       0.894347
            167         493.02        1440.71       0.745041       0.894347
            168         901.02        508.106       0.360582       0.288496
            169        1049.02        436.506       0.293839       0.288496
            170        1245.02        609.306       0.328586       0.288496
            171         635.02        903.306       0.587201       0.288496
            172          70.02        2027.31       0.966615       0.894347
            173         112.02        2079.91       0.948894       0.894347
            174         141.02        1436.11       0.910584       0.894347
            175         189.02        1719.51        0.90096       0.894347
            176         106.02        1683.11       0.940742       0.894347
            177         125.02        2104.31        0.94392       0.894347
            178         588.02        1150.71        0.66181       0.894347
            179         950.02        424.306       0.308738       0.288496
            180         163.02        1530.71       0.903751       0.894347
            181          80.02        1654.31       0.953861       0.894347
            182         433.02        1158.71       0.727956       0.894347
            183        1171.02        153.106       0.115628       0.288496
            184         865.02        478.306       0.356061       0.288496
            185         745.02        671.306       0.473977       0.288496
            186         199.02        1296.51       0.866923       0.894347
            187          90.02        1874.31       0.954173       0.894347
            188         120.02        1832.31       0.938525       0.894347
            189          94.02        1713.51       0.947984       0.894347
            190         182.02        1854.91        0.91064       0.894347
            191          19.02        1709.51       0.988996       0.894347
            192         964.02        499.506       0.341303       0.288496
            193         184.02        1854.51       0.909729       0.894347
            194         233.02        1645.71       0.875969       0.894347
            195          88.02        1916.71       0.956094       0.894347
            196         142.02        1778.91       0.926067       0.894347
            197         854.02        320.506       0.272881       0.288496
            198         316.02        1385.11       0.814229       0.894347
            199         208.02        1711.71       0.891641       0.894347
            200         930.02        640.306       0.407754       0.288496
            201         134.02        1848.51       0.932399       0.894347
            202          46.02        1691.11       0.973508       0.894347
            203         148.02        1688.71       0.919411       0.894347
            204         843.02        490.706       0.367921       0.288496
            205         948.02        308.706       0.245643       0.288496
            206         917.02        321.906       0.259827       0.288496
            207         961.02        307.106       0.242173       0.288496
            208         797.02        887.906        0.52697       0.288496
            209         162.02        1701.91       0.913076       0.894347
            210         978.02        332.706       0.253833       0.288496
            211        1029.02        323.506       0.239187       0.288496
            212         225.02        1462.31       0.866641       0.894347
            213         182.02        1390.91       0.884279       0.894347
            214        1092.02        387.906       0.262112       0.288496
            215        1164.02        256.506       0.180571       0.288496
            216        1104.02        128.506       0.104262       0.288496
            217         922.02        286.906       0.237323       0.288496
            218        1000.02        209.306       0.173077       0.288496
            219         308.02        1186.71       0.793929       0.894347
            220         626.02        941.106        0.60053       0.894347
            221        1015.02        313.306       0.235865       0.288496
            222         513.02        777.706       0.602534       0.894347
            223         124.02        1542.51       0.925582       0.894347
            224         270.02        1435.31       0.841661       0.894347
            225         144.02        1594.51        0.91716       0.894347
            226         202.02        1721.91       0.894996       0.894347
            227         136.02        1481.11       0.915888       0.894347
            228          35.02        1536.31       0.977713       0.894347
            229         138.02        1312.71       0.904861       0.894347
            230         131.02        1572.11       0.923071       0.894347
            231         136.02        1638.11       0.923331       0.894347
            232          23.02        1760.71       0.987094       0.894347
            233         318.02        1514.71       0.826477       0.894347
            234         103.02        1709.71       0.943168       0.894347
            235         189.02        1427.51        0.88307       0.894347
            236          88.02        1616.71       0.948367       0.894347
            237         259.02        1383.51       0.842304       0.894347
            238         839.02        252.506       0.231333       0.288496
            239         888.02        153.706       0.147549       0.288496
            240         958.02        306.706       0.242508       0.288496
            241        1058.02        192.706       0.154075       0.288496
            242         856.02        280.106       0.246545       0.288496
            243        1088.02        484.706       0.308195       0.288496
            244        1028.02        306.706       0.229789       0.288496
            245        1008.02        161.706       0.138243       0.288496
            246         961.02        497.106       0.340921       0.288496
            247         940.02        410.306       0.303857       0.288496
            248         993.02        340.706       0.255454       0.288496
            249        1043.02        267.706       0.204243       0.288496
            250        1110.02        367.306       0.248629       0.288496
            251         949.02        349.506       0.269156       0.288496
            252        1157.02        284.906       0.197587       0.288496
            253         883.02        517.706       0.369598       0.288496
            254        1048.02        278.706       0.210071       0.288496
            255         995.02        415.306       0.294475       0.288496
            256         987.02        228.906       0.188257       0.288496
            257         434.02        956.506       0.687874       0.894347
            258          57.02        1646.91       0.966536       0.894347
            259         504.02        922.506        0.64668       0.894347
            260        1074.02        561.506       0.343318       0.288496
            261         378.02        1267.71       0.770302       0.894347
            262         942.02        172.906       0.155083       0.288496
            263         267.02        1657.91       0.861283       0.894347
            264         216.02        2172.11       0.909544       0.894347
            265         176.02        2181.11       0.925324       0.894347
            266         462.02        1508.91       0.765582       0.894347
            267        1086.02        244.106       0.183521       0.288496
            268        1046.02        482.106       0.315488       0.288496
            269         221.02        1878.11       0.894709       0.894347
            270         774.02        885.506        0.53359       0.288496
            271        1066.02        298.106       0.218533       0.288496
            272        1085.02        300.306       0.216776       0.288496
            273         835.02        1030.31       0.552346       0.288496
            274         968.02        426.706       0.305943       0.288496
            275        1030.02        308.306       0.230367       0.288496
            276         989.02        542.506       0.354226       0.288496
            277         108.02        1980.71       0.948284       0.894347
            278         123.02        1969.71       0.941215       0.894347
            279         208.02        1925.71       0.902509       0.894347
            280         116.02        1737.11       0.937392       0.894347
            281         144.02        1644.51       0.919476       0.894347
            282         241.02        1696.11       0.875579       0.894347
            283         146.02        2006.11       0.932151       0.894347
            284         103.02        1813.71       0.946252       0.894347
            285         206.02        1856.11       0.900093       0.894347
            286         112.02        1832.91       0.942404       0.894347
            287          67.02        1833.91       0.964743       0.894347
            288        1013.02        377.706       0.271589       0.288496
            289        1102.02        281.906         0.2037       0.288496
            290        1105.02        301.306        0.21425       0.288496
            291         911.02        557.106       0.379467       0.288496
            292         167.02        1861.91       0.917681       0.894347
            293         203.02        1571.71       0.885605       0.894347
            294        1283.02        256.706       0.166722       0.288496
            295        1344.02        401.506        0.23002       0.288496
            296         962.02        396.906       0.292073       0.288496
            297        1120.02        480.306        0.30013       0.288496
            298        1186.02        197.106       0.142508       0.288496
            299        1018.02        279.706       0.215535       0.288496
            300        1054.02        273.506       0.206027       0.288496
            301        1054.02        191.506       0.153755       0.288496
            302        1112.02        300.906       0.212967       0.288496
            303         869.02        523.506        0.37594       0.288496
            304         456.02        1079.11       0.702943       0.894347
            305        1046.02        419.106       0.286055       0.288496
            306         928.02        437.706       0.320493       0.288496
            307         932.02        400.906       0.300771       0.288496
            308         644.02        324.506       0.335051       0.288496
            309         934.02        282.506       0.232224       0.288496
            310         974.02        362.506        0.27123       0.288496
            311        1109.02        189.506       0.145939       0.288496
            312        1000.02        326.306       0.246022       0.288496
            313         394.02        1436.51        0.78475       0.894347
            314         127.02        1647.91       0.928436       0.894347
            315         839.02        603.506       0.418368       0.288496
            316         144.02        1489.51       0.911835       0.894347
            317         147.02        1866.91       0.926998       0.894347
            318         170.02        1957.31       0.920078       0.894347
            319         110.02        1515.31       0.932309       0.894347
            320         725.02        1058.31       0.593445       0.894347
            321         963.02        309.706       0.243341       0.288496
            322        1152.02        324.906       0.219988       0.288496
            323         477.02        1313.91       0.733646       0.894347
            324         164.02        1899.51       0.920515       0.894347
            325          91.02        2017.11       0.956824       0.894347
            326         121.02        1843.11       0.938385       0.894347
            327         577.02        956.906       0.623828       0.894347
            328         207.02        1795.91       0.896641       0.894347
            329         907.02        426.906       0.320037       0.288496
            330         905.02        468.306       0.341001       0.288496
            331        1021.02        337.106       0.248214       0.288496
            332        1129.02        463.506       0.291051       0.288496
            333        1197.02        245.906       0.170422       0.288496
            334         975.02        313.306       0.243188       0.288496
            335         904.02        180.506       0.166438       0.288496
            336         259.02        1667.51       0.865551       0.894347
            337         119.02        1866.51       0.940056       0.894347
            338         128.02        1555.71       0.923966       0.894347
            339         126.02        1754.11       0.932973       0.894347
            340         196.02        2105.11       0.914816       0.894347
            341         123.02        1781.71       0.935413       0.894347
            342         185.02        1396.31       0.882997       0.894347
            343         179.02        1812.51       0.910109       0.894347
            344         141.02        2265.11       0.941391       0.894347
            345         163.02        1918.71        0.92169       0.894347
            346         130.02        1857.31       0.934575       0.894347
            347         717.02        606.906       0.458414       0.288496
            348         974.02        538.506       0.356031       0.288496
            349        1159.02        396.506       0.254902       0.288496
            350        1029.02        301.506       0.226607       0.288496
            351         769.02        827.506       0.518317       0.288496
            352         695.02        748.306       0.518459       0.288496
            353         948.02        269.706       0.221483       0.288496
            354        1118.02        315.706         0.2202       0.288496
            355         309.02        1462.51       0.825563       0.894347
            356         221.02        1851.11       0.893337       0.894347
            357         131.02        1903.11       0.935589       0.894347
            358          98.02        1859.71       0.949932       0.894347
            359         537.02        1088.91       0.669714       0.894347
            360         687.02        711.906       0.508895       0.288496
            361         113.02        1785.71       0.940476       0.894347
            362         127.02        1993.91       0.940111       0.894347
            363        1029.02        481.506       0.318767       0.288496
            364          95.02        1834.31        0.95075       0.894347
            365          86.02        1707.11       0.952028       0.894347
            366         168.02        2126.71        0.92678       0.894347
            367         144.02        1816.51        0.92654       0.894347
            368         139.02        1721.51       0.925279       0.894347
            369         290.02        1797.31       0.861057       0.894347
            370         992.02        299.906       0.232139       0.288496
            371         222.02        1703.91        0.88472       0.894347
            372         105.02        1789.31       0.944561       0.894347
            373          91.02        1670.11       0.948317       0.894347
            374          71.02        1864.11         0.9633       0.894347
            375        1058.02        296.706       0.219016       0.288496
            376         451.02        1486.11       0.767171       0.894347
            377          82.02        1798.91       0.956394       0.894347
            378          85.02        1867.31       0.956452       0.894347
            379         131.02        1634.11       0.925773       0.894347
            380         199.02        1936.51       0.906805       0.894347
            381          78.02        1972.71       0.961955       0.894347
            382         128.02        1536.71       0.923098       0.894347
            383         115.02        1738.31       0.937939       0.894347
            384         211.02        1917.11       0.900842       0.894347
            385         132.02        1660.91       0.926366       0.894347
            386         162.02        1824.91       0.918457       0.894347
            387         128.02        2176.71       0.944453       0.894347
            388         129.02        2113.51       0.942467       0.894347
            389         188.02        1805.71       0.905694       0.894347
            390         135.02        1722.31       0.927304       0.894347
            391         498.02        1191.71       0.705266       0.894347
            392        1096.02        248.106       0.184585       0.288496
            393         929.02        253.506       0.214377       0.288496
            394         979.02        416.506       0.298458       0.288496
            395        1089.02        273.506       0.200735       0.288496
            396         995.02        385.306       0.279141       0.288496
            397         729.02        797.506       0.522432       0.288496
            398         196.02        1819.11       0.902726       0.894347
            399         118.02        1784.71       0.937973       0.894347
            400         148.02        1696.71        0.91976       0.894347
            401         632.02        976.906       0.607179       0.894347
            402         597.02        1272.91       0.680725       0.894347
            403          91.02        1453.11       0.941054       0.894347
            404         134.02        2162.51       0.941642       0.894347
            405          45.02        1616.31       0.972901       0.894347
            406         142.02        1806.91       0.927129       0.894347
            407         168.02        1666.71       0.908422       0.894347
            408         104.02        406.506       0.796249       0.894347
            409         104.02        1440.51       0.932652       0.894347
            410         889.02        239.506       0.212229       0.288496
            411         999.02        395.506       0.283613       0.288496
            412        1056.02        432.106       0.290369       0.288496
            413        1132.02        127.906       0.101519       0.288496
            414        1068.02        170.706       0.137808       0.288496
            415         439.02        1543.51       0.778555       0.894347
            416         101.02        1850.11       0.948225       0.894347
            417         154.02        1734.51       0.918444       0.894347
            418         194.02        2258.51        0.92089       0.894347
            419         121.02        1772.11       0.936074       0.894347
            420         141.02        1928.11       0.931846       0.894347
            421         195.02        1739.31       0.899179       0.894347
            422         135.02        1944.31       0.935065       0.894347
            423          97.02        1718.91       0.946573       0.894347
            424         107.02        1776.91       0.943193       0.894347
            425         128.02        1808.71       0.933899       0.894347
            426         111.02        1910.11        0.94507       0.894347
            427          64.02        1539.51       0.960075       0.894347
            428         123.02        1809.71       0.936349       0.894347
            429         427.02        1377.91       0.763414       0.894347
            430         982.02        457.906       0.318007       0.288496
            431         503.02        1397.71       0.735354       0.894347
            432         168.02        1438.71       0.895427       0.894347
            433         112.02        1962.91       0.946013       0.894347
            434         130.02        2138.31        0.94268       0.894347
            435         169.02        1957.51       0.920518       0.894347
            436         140.02        1942.31       0.932758       0.894347
            437         149.02        2118.51       0.934281       0.894347
            438         126.02        1973.11       0.939965       0.894347
            439         274.02        1899.51       0.873928       0.894347
            440        1149.02        374.506       0.245815       0.288496
            441         935.02        647.306       0.409085       0.288496
            442        1157.02        443.906       0.277281       0.288496
            443        1116.02        326.106       0.226129       0.288496
            444         216.02        1693.11       0.886849       0.894347
            445         167.02        1990.91       0.922602       0.894347
            446         131.02        1688.11       0.927976       0.894347
            447         126.02        1836.11       0.935774       0.894347
            448         553.02        1447.71        0.72359       0.894347
            449         849.02        776.506       0.477695       0.288496
            450         664.02        790.506        0.54348       0.288496
            451         182.02        1939.91       0.914219       0.894347
            452         151.02        1565.11       0.911999       0.894347
            453         775.02        376.306       0.326846       0.288496
            454         294.02        1378.51       0.824206       0.894347
            455         117.02        1895.91       0.941866       0.894347
            456         141.02        2096.11       0.936964       0.894347
            457        1038.02        394.706       0.275493       0.288496
            458        1123.02        524.706       0.318443       0.288496
            459         991.02        576.106       0.367619       0.288496
            460        1105.02        399.306       0.265438       0.288496
            461        1052.02        389.906       0.270406       0.288496
            462        1174.02        448.506       0.276425       0.288496
            463         868.02        721.706       0.453981       0.288496
            464         156.02        1944.11       0.925709       0.894347
            465         340.02        1764.31       0.838419       0.894347
            466         890.02        922.306       0.508907       0.288496
            467         973.02        432.706       0.307817       0.288496
            468        1081.02        283.106       0.207537       0.288496
            469        1086.02        303.106       0.218199       0.288496
            470         308.02        1577.71       0.836657       0.894347
            471         139.02        1873.51       0.930923       0.894347
            472          89.02        1920.51       0.955701       0.894347
            473          52.02        1812.91       0.972106       0.894347
            474          47.02        1819.91       0.974814       0.894347
            475          22.02        1790.91       0.987854       0.894347
            476          91.02        1939.11       0.955165       0.894347
            477         169.02        1869.51       0.917087       0.894347
            478         460.02        1435.31       0.757287       0.894347
            479        1058.02        376.706       0.262563       0.288496
            480         653.02        871.706       0.571713       0.288496
            481         150.02        1842.31       0.924701       0.894347
            482          80.02        1782.31       0.957032       0.894347
            483         103.02        1917.71       0.949018       0.894347
            484         134.02        1983.51       0.936709       0.894347
            485         104.02        1564.51       0.937658       0.894347
            486         320.02        1415.31       0.815585       0.894347
            487        1089.02        374.506       0.255893       0.288496
            488         379.02        1197.51       0.759585       0.894347
            489         883.02        315.706       0.263368       0.288496
            490        1131.02        293.106       0.205815       0.288496
            491        1146.02        283.106       0.198097       0.288496
            492         218.02        2050.71       0.903902       0.894347
            493         691.02        851.106       0.551904       0.894347
            494         102.02        1946.91       0.950208       0.894347
            495         768.02        896.706       0.538651       0.288496
            496         109.02        1715.51       0.940247       0.894347
            497          25.02        1479.31       0.983368       0.894347
            498         210.02        2022.31       0.905919       0.894347
            499         158.02        1815.71       0.919938       0.894347
            500          83.02        1749.71       0.954701       0.894347
            501         147.02        1841.91       0.926081       0.894347
            502         161.02        1757.11       0.916053       0.894347
            503          93.02        2196.71       0.959375       0.894347
            504         122.02        1992.91       0.942305       0.894347
            505          40.02        1961.31       0.980003       0.894347
            506         414.02        1215.51       0.745926       0.894347
            507         144.02        1690.51       0.921495       0.894347
            508         193.02        1743.71       0.900337       0.894347
            509         138.02        1868.71       0.931221       0.894347
            510          90.02        1928.31       0.955399       0.894347
            511         662.02        788.906       0.543726       0.288496
            512         901.02        244.106        0.21317       0.288496
            513         141.02        1877.11       0.930123       0.894347
            514         121.02        1560.11       0.928013       0.894347
            515         140.02        1799.31         0.9278       0.894347
            516          87.02        2145.91       0.961029       0.894347
            517         119.02        2337.51       0.951549       0.894347
            518         207.02        1890.91       0.901322       0.894347
            519         146.02        1532.11       0.912986       0.894347
            520         149.02        2255.51       0.938025       0.894347
            521         174.02        1873.51        0.91501       0.894347
            522          62.02        1841.91       0.967425       0.894347
            523         148.02        2227.71       0.937695       0.894347
            524         135.02        2008.31       0.937004       0.894347
            525         959.02        241.506       0.201167       0.288496
            526         820.02        859.306       0.511697       0.288496
            527         616.02        1029.11       0.625548       0.288496
            528         954.02        444.506       0.317839       0.288496
            529        1108.02        480.706       0.302573       0.288496
            530         908.02        787.706       0.464524       0.288496
            531          70.02        2009.31       0.966326       0.894347
            532         677.02        961.906       0.586912       0.288496
            533        1091.02        177.106        0.13966       0.288496
            534         550.02        1016.31       0.648847       0.894347
            535         163.02        2143.71       0.929328       0.894347
            536          84.02        1962.51       0.958945       0.894347
            537          95.02        1702.31       0.947133       0.894347
            538         123.02        1792.71       0.935784       0.894347
            539         158.02        1821.71       0.920181       0.894347
            540         259.02        1498.51       0.852622       0.894347
            541         961.02        370.106        0.27804       0.288496
            542         904.02        189.506       0.173298       0.288496
            543         387.02        1508.91       0.795868       0.894347
            544         519.02        987.506       0.655486       0.894347
            545        1007.02        253.906       0.201365       0.288496
            546         582.02        950.906       0.620321       0.288496
            547         948.02        375.706       0.283825       0.288496
            548        1044.02        316.506       0.232635       0.288496
            549         259.02        1730.51       0.869808       0.894347
            550         120.02        1565.31       0.928785       0.894347
            551         202.02        1990.91       0.907877       0.894347
            552         482.02        1069.91       0.689405       0.894347
            553         121.02        1470.11       0.923941       0.894347
            554          40.02        1687.31       0.976831       0.894347
            555         157.02        1594.91       0.910373       0.894347
            556          41.02        2068.11       0.980551       0.894347
            557         156.02        1549.11       0.908499       0.894347
            558         610.02        1223.31        0.66726       0.894347
            559         869.02        372.506       0.300039       0.288496
            560         228.02        1642.71       0.878111       0.894347
            561         150.02        1526.31       0.910507       0.894347
            562         187.02        1708.91       0.901357       0.894347
            563          99.02        2015.51       0.953172       0.894347
            564         172.02        1738.91       0.909981       0.894347
            565          71.02        1933.11       0.964563       0.894347
            566         194.02        2044.51       0.913327       0.894347
            567          85.02        2036.31       0.959921       0.894347
            568          48.02        1881.71       0.975116       0.894347
            569         212.02        1796.91       0.894461       0.894347
            570         170.02        2123.31       0.925863       0.894347
            571         164.02        1974.51       0.923302       0.894347
            572         100.02        1537.31       0.938913       0.894347
            573         131.02        1775.11       0.931264       0.894347
            574          99.02        1823.51       0.948495       0.894347
            575         110.02        1857.31       0.944076       0.894347
            576         104.02        1709.51       0.942642       0.894347
            577         147.02        1971.91       0.930616       0.894347
            578         122.02        1833.91       0.937615       0.894347
            579         103.02        1994.71        0.95089       0.894347
            580         167.02        1768.91       0.913726       0.894347
            581          33.02        1955.71       0.983396       0.894347
            582         630.02        779.306       0.552964       0.288496
            583         988.02        424.706       0.300629       0.288496
            584        1156.02        239.106       0.171387       0.288496
            585         464.02        1490.51       0.762592       0.894347
            586          79.02        1618.51        0.95345       0.894347
            587          73.02        1994.71       0.964686       0.894347
            588         110.02        1813.31       0.942797       0.894347
            589         962.02        361.906       0.273358       0.288496
            590         976.02        481.106       0.330175       0.288496
            591         782.02        660.906       0.458032       0.288496
            592          49.02        2046.51       0.976607       0.894347
            593          46.02        1781.11       0.974813       0.894347
            594          49.02        1986.51       0.975918       0.894347
            595         113.02        1815.71       0.941402       0.894347
            596         106.02        2013.11        0.94997       0.894347
            597          83.02        1909.71       0.958338       0.894347
            598         101.02        2022.11       0.952419       0.894347
            599         149.02        2062.51       0.932617       0.894347
            600         156.02        1946.11        0.92578       0.894347
            601         168.02        1663.71       0.908272       0.894347
            602         925.02        417.306       0.310883       0.288496
            603        1031.02        246.106       0.192703       0.288496
            604         870.02        326.306       0.272757       0.288496
            605         942.02        330.906       0.259957       0.288496
            606        1110.02        205.306       0.156088       0.288496
            607        1092.02        383.906       0.260112       0.288496
            608         896.02        430.106       0.324333       0.288496
            609         481.02        1236.11       0.719869       0.894347
            610         122.02        1554.91       0.927236       0.894347
            611         130.02        1995.31       0.938824       0.894347
            612         157.02        1678.91       0.914474       0.894347
            613         622.02        768.906       0.552802       0.288496
            614        1139.02        228.506       0.167094       0.288496
            615        1004.02        274.506       0.214705       0.288496
            616         976.02        301.106       0.235768       0.288496
            617        1048.02        295.706       0.220064       0.288496
            618         827.02        944.906       0.533265       0.288496
            619         811.02        503.106       0.382845       0.288496
            620        1109.02        190.506       0.146597       0.288496
            621         988.02        360.706       0.267442       0.288496
            622         925.02        485.306       0.344109       0.288496
            623         776.02        587.106       0.430706       0.288496
            624         907.02        348.906       0.277808       0.288496
            625        1077.02        306.906       0.221765       0.288496
            626        1070.02        475.306       0.307577       0.288496
            627         405.02        1169.31       0.742734       0.894347
            628         143.02        2027.71       0.934114       0.894347
            629         210.02        1862.31       0.898655       0.894347
            630         108.02        1970.71       0.948035       0.894347
            631         142.02        1849.91       0.928702       0.894347
            632         686.02        855.106       0.554858       0.288496
            633         917.02        276.906       0.231929       0.288496
            634         945.02        355.306       0.273244       0.288496
            635         969.02        351.506       0.266186       0.288496
            636         963.02        341.706       0.261899       0.288496
            637         918.02        753.706       0.450855       0.288496
            638         903.02        244.706       0.213209       0.288496
            639         745.02        196.306       0.208542       0.288496
            640         946.02        319.106       0.252233       0.288496
            641        1004.02        174.506       0.148071       0.288496
            642         843.02        259.706       0.235513       0.288496
            643         826.02        137.106       0.142355       0.288496
            644         606.02        1255.11        0.67438       0.894347
            645         167.02        1967.91       0.921768       0.894347
            646         144.02        2055.51       0.934522       0.894347
            647         121.02        1847.11        0.93851       0.894347
            648         120.02        2088.31       0.945651       0.894347
            649         116.02        1861.11       0.941319       0.894347
            650         159.02        1781.51       0.918053       0.894347
            651         147.02        1924.91       0.929042       0.894347
            652         139.02        1832.51       0.929486       0.894347
            653         984.02        564.506       0.364544       0.288496
            654         960.02        350.306       0.267343       0.288496
            655        1229.02        322.506       0.207864       0.288496
            656         957.02        350.906       0.268292       0.288496
            657         243.02        1748.71       0.877985       0.894347
            658          63.02        1808.71       0.966331       0.894347
            659          74.02        1659.51       0.957301       0.894347
            660         289.02        1513.51       0.839658       0.894347
            661        1245.02        313.306       0.201053       0.288496
            662         937.02        794.906       0.458972       0.288496
            663         381.02        1549.11       0.802593       0.894347
            664         410.02        1384.31       0.771491       0.894347
            665        1025.02        336.306       0.247043       0.288496
            666        1029.02        390.506       0.275096       0.288496
            667         916.02        460.106       0.334349       0.288496
            668         547.02        1122.91       0.672429       0.894347
            669         197.02        1930.91       0.907412       0.894347
            670         495.02        946.306       0.656552       0.894347
            671         142.02        1682.91       0.922178       0.894347
            672          70.02        1905.31       0.964553       0.894347
            673         129.02        1827.51       0.934057       0.894347
            674         125.02        2016.31       0.941616       0.894347
            675          95.02        1808.31       0.950077       0.894347
            676         498.02        1262.71       0.717151       0.894347
            677        1071.02        373.106       0.258361       0.288496
            678         937.02        287.906        0.23504       0.288496
            679         907.02        317.906       0.259531       0.288496
            680         288.02        1579.71       0.845791       0.894347
            681         345.02        1627.31       0.825069       0.894347
            682         967.02        436.906       0.311203       0.288496
            683         695.02        941.306       0.575256       0.288496
            684        1099.02        398.506        0.26611       0.288496
            685         880.02        571.306       0.393644       0.288496
            686        1051.02        145.106       0.121313       0.288496
            687         226.02        1560.11       0.873458       0.894347
            688         646.02        1058.11       0.620908       0.894347
            689        1032.02        513.906       0.332426       0.288496
            690         160.02        1824.31       0.919358       0.894347
            691         675.02        742.306       0.523737       0.288496
            692         182.02        1848.91       0.910376       0.894347
            693         899.02        637.506       0.414901       0.288496
            694        1141.02        321.106       0.219616       0.288496
            695         570.02        1255.31       0.687716       0.894347
            696         555.02        1149.31       0.674346       0.894347
            697        1001.02        396.106       0.283515       0.288496
            698        1104.02        292.506       0.209453       0.288496
            699         252.02        1538.91        0.85928       0.894347
            700         120.02        1897.31       0.940505       0.894347
            701          84.02        1756.51        0.95435       0.894347
            702         161.02        1624.11       0.909799       0.894347
            703         117.02        1909.91       0.942267       0.894347
            704         813.02        552.706       0.404698       0.288496
            705        1119.02        282.506        0.20157       0.288496
            706        1063.02        246.706       0.188365       0.288496
            707        1040.02        481.306       0.316373       0.288496
            708         981.02        343.106       0.259119       0.288496
            709         882.02        336.906       0.276396       0.288496
            710        1142.02        295.906       0.205787       0.288496
            711        1166.02        317.106       0.213809       0.288496
            712        1046.02        352.106       0.251841       0.288496
            713        1055.02        285.306       0.212863       0.288496
            714        1065.02        274.306       0.204809       0.288496
            715         830.02        254.306       0.234529       0.288496
            716        1044.02        311.506       0.229805       0.288496
            717         924.02        527.506       0.363415       0.288496
            718        1019.02        225.506       0.181198       0.288496
            719        1323.02        425.706       0.243438       0.288496
            720        1030.02        355.306       0.256478       0.288496
            721         989.02        284.506         0.2234       0.288496
            722        1085.02        303.306       0.218469       0.288496
            723         608.02        854.706       0.584324       0.288496
            724         116.02        1873.11       0.941673       0.894347
            725         243.02        1711.71       0.875676       0.894347
            726         103.02        1752.71       0.944485       0.894347
            727         211.02        1500.11       0.876678       0.894347
            728          90.02        1809.31       0.952604       0.894347
            729         259.02        1824.51       0.875682       0.894347
            730         490.02        1284.31       0.723828       0.894347
            731         803.02        363.706       0.311732       0.288496
            732         948.02        410.706       0.302273       0.288496
            733         112.02        1855.91       0.943077       0.894347
            734         131.02        1686.11       0.927897       0.894347
            735          87.02        2018.91       0.958679       0.894347
            736         122.02        2107.91       0.945281       0.894347
            737          51.02        1881.11       0.973594       0.894347
            738         117.02        1740.91       0.937016       0.894347
            739          99.02        1639.51       0.943044       0.894347
            740         120.02        1703.31       0.934175       0.894347
            741           7.02        2082.91       0.996641       0.894347
            742          89.02        2040.51       0.958197       0.894347
            743         159.02        1868.51       0.921569       0.894347
            744         231.02        1489.11       0.865696       0.894347
            745         990.02        190.306       0.161232       0.288496
            746        1026.02        203.106       0.165244       0.288496
            747         520.02        1364.31       0.724029       0.894347
            748         168.02        1851.71        0.91681       0.894347
            749         110.02        1804.31       0.942528       0.894347
            750         674.02        1089.51         0.6178       0.894347
            751         578.02        1142.71       0.664084       0.894347
            752          86.02        1745.11       0.953023       0.894347
            753         398.02        1144.71       0.742002       0.894347
            754          92.02        1949.91       0.954935       0.894347
            755         125.02        1878.31       0.937594       0.894347
            756         526.02        1216.11       0.698059       0.894347
            757         991.02        240.106        0.19503       0.288496
            758        1021.02        232.106       0.185222       0.288496
            759        1025.02        242.306       0.191195       0.288496
            760        1168.02        348.706       0.229907       0.288496
            761        1069.02        351.506       0.247448       0.288496
            762         350.02        1388.31       0.798645       0.894347
            763         659.02        1155.51       0.636809       0.894347
            764         720.02        1131.31       0.611079       0.894347
            765        1081.02        283.106       0.207537       0.288496
            766         989.02        358.506       0.266048       0.288496
            767        1151.02        241.106       0.173193       0.288496
            768        1048.02        457.706       0.303977       0.288496
            769         980.02        158.306       0.139069       0.288496
            770         983.02        389.706       0.283892       0.288496
            771         586.02        1027.11       0.636718       0.894347
            772          77.02        1819.91       0.959397       0.894347
            773         188.02        1946.71       0.911923       0.894347
            774          75.02        1887.31        0.96177       0.894347
            775         147.02        1787.91       0.924018       0.894347
            776         135.02        1849.31       0.931957       0.894347
            777         158.02        1723.71       0.916024       0.894347
            778          36.02        1718.11       0.979466       0.894347
            779         170.02        1768.31       0.912285       0.894347
            780         162.02        1856.91       0.919749       0.894347
            781         185.02        1956.31       0.913596       0.894347
            782         920.02        439.306       0.323179       0.288496
            783        1040.02         96.306      0.0847521       0.288496
            784        1270.02        280.306       0.180805       0.288496
            785         956.02        247.106       0.205387       0.288496
            786        1089.02        172.506       0.136744       0.288496
            787         919.02        355.506       0.278932       0.288496
            788        1042.02        274.906       0.208748       0.288496
            789         294.02        1919.51       0.867171       0.894347
            790          90.02        1653.31       0.948363       0.894347
            791         146.02        1628.11       0.917695       0.894347
            792         135.02        1700.31       0.926433       0.894347
            793         222.02        1769.91        0.88854       0.894347
            794         215.02        1805.31       0.893572       0.894347
            795         170.02        1630.31       0.905562       0.894347
            796         117.02        1984.91       0.944327       0.894347
            797         102.02        1725.91       0.944188       0.894347
            798         155.02        1557.31       0.909468       0.894347
            799         125.02        1877.31       0.937563       0.894347
            800         123.02        1845.71       0.937513       0.894347
            801         128.02        2022.71       0.940476       0.894347
            802         128.02        2075.71       0.941907       0.894347
            803        1011.02        666.106       0.397171       0.288496
            804        1066.02        197.106       0.156046       0.288496
            805         346.02        1506.11       0.813177       0.894347
            806         131.02        2105.11       0.941408       0.894347
            807          62.02        1712.91       0.965058       0.894347
            808         130.02        1627.31       0.926013       0.894347
            809         138.02        1889.71       0.931934       0.894347
            810          87.02        1558.91        0.94713       0.894347
            811         822.02        588.906        0.41739       0.288496
            812         987.02        358.906       0.266661       0.288496
            813         390.02        1692.31         0.8127       0.894347
            814        1034.02        129.506       0.111305       0.288496
            815        1016.02        284.106       0.218522       0.288496
            816        1119.02        294.506       0.208348       0.288496
            817         951.02        336.106       0.261129       0.288496
            818        1009.02        358.506       0.262157       0.288496
            819         869.02        588.506        0.40377       0.288496
            820         731.02        862.106       0.541141       0.288496
            821         360.02        1305.31       0.783814       0.894347
            822          32.02        1665.91       0.981142       0.894347
            823         108.02        1936.71       0.947171       0.894347
            824         148.02        2060.71       0.932984       0.894347
            825         165.02        1746.31       0.913662       0.894347
            826          46.02        1537.11       0.970931       0.894347
            827          78.02        1368.71       0.946071       0.894347
            828          76.02        1579.11        0.95407       0.894347
            829         143.02        1553.71       0.915708       0.894347
            830         127.02        1831.91       0.935158       0.894347
            831          63.02        1585.71       0.961777       0.894347
            832          49.02        1591.51       0.970119       0.894347
            833         146.02        1775.11       0.923992       0.894347
            834         483.02        1110.71       0.696924       0.894347
            835         913.02        243.706       0.210686       0.288496
            836         752.02        487.906       0.393496       0.288496
            837         236.02        1134.11       0.827738       0.894347
            838         916.02        397.106       0.302413       0.288496
            839         101.02        1802.11       0.946919       0.894347
            840          77.02        1514.91       0.951618       0.894347
            841         798.02        812.706       0.504559       0.288496
            842         743.02        441.706       0.372834       0.288496
            843         870.02         86.306      0.0902475       0.288496
            844         884.02        215.506       0.195999       0.288496
            845         966.02        281.106       0.225403       0.288496
            846         235.02        1266.31       0.843458       0.894347
            847        1061.02        530.106       0.333164       0.288496
            848         402.02        922.906       0.696572       0.894347
            849         186.02        1373.11        0.88069       0.894347
            850         864.02        337.506       0.280898       0.288496
            851         403.02        1110.71       0.733756       0.894347
            852         101.02        1859.11       0.948462       0.894347
            853         391.02        1145.11       0.745451       0.894347
            854         939.02        188.506       0.167186       0.288496
            855         824.02        337.506       0.290571       0.288496
            856         189.02        1469.51       0.886031       0.894347
            857          70.02        1596.31       0.957979       0.894347
            858         142.02        1649.91       0.920744       0.894347
            859          67.02        1886.91         0.9657       0.894347
            860          46.02        1806.11       0.975153       0.894347
            861         186.02        1428.11       0.884755       0.894347
            862          72.02        1721.91       0.959853       0.894347
            863          55.02        1567.31       0.966086       0.894347
            864         134.02        1531.51       0.919533       0.894347
            865         486.02        806.106        0.62386       0.894347
            866         746.02        330.106       0.306754       0.288496
            867         872.02        195.906       0.183445       0.288496
            868         730.02        255.306       0.259108       0.288496
            869        1052.02        107.906      0.0930283       0.288496
            870         799.02        292.506       0.267979       0.288496
            871         878.02        368.706       0.295739       0.288496
            872         840.02        350.306       0.294294       0.288496
            873         755.02        311.306       0.291943       0.288496
            874         822.02        147.906       0.152492       0.288496
            875         861.02        181.106       0.173785       0.288496
            876         659.02        267.506       0.288719       0.288496
            877          79.02        1451.51       0.948371       0.894347
            878          24.02        1107.51       0.978772       0.894347
            879         146.02        1299.11       0.898957       0.894347
            880         198.02        1454.71       0.880186       0.894347
            881          88.02        1401.71       0.940915       0.894347
            882         151.02        1404.11       0.902889       0.894347
            883         122.02        1350.91       0.917158       0.894347
            884         158.02        1649.71       0.912586       0.894347
            885         133.02        1281.71       0.905975       0.894347
            886         142.02        1665.91       0.921446       0.894347
            887          30.02        1383.31       0.978759       0.894347
            888         150.02        1676.31       0.917857       0.894347
            889          71.02        1553.11       0.956272       0.894347
            890         130.02        1663.31       0.927498       0.894347
            891         122.02        1544.91       0.926799       0.894347
            892         112.02        1501.91       0.930592       0.894347
            893         122.02        1614.91       0.929749       0.894347
            894          53.02        1453.71       0.964811       0.894347
            895          38.02        1349.71       0.972603       0.894347
            896         370.02        1528.31       0.805081       0.894347
            897         539.02        818.506       0.602939       0.894347
            898          64.02        1683.51       0.963365       0.894347
            899         110.02        1606.31       0.935898       0.894347
            900         412.02        1065.91       0.721217       0.894347
            901         937.02        280.906       0.230643       0.288496
            902         740.02        195.306       0.208811       0.288496
            903          99.02        1347.51       0.931546       0.894347
            904         490.02        612.306       0.555467       0.894347
            905         137.02        1235.91       0.900199       0.894347
            906         123.02        1447.71        0.92168       0.894347
            907          64.02        1521.51       0.959622       0.894347
            908          -9.98        1525.31        1.00659       0.894347
            909         153.02        1670.71       0.916095       0.894347
            910          42.02        1854.91       0.977848       0.894347
            911          77.02        1801.91       0.959008       0.894347
            912          98.02        1535.71       0.940002       0.894347
            913         135.02        1617.31       0.922948       0.894347
            914         109.02        1617.51       0.936856       0.894347
            915          72.02        1567.91       0.956083       0.894347
            916         192.02        1435.91       0.882046       0.894347
            917         160.02        1817.31       0.919073       0.894347
            918         761.02        266.106       0.259078       0.288496
            919         282.02        993.906       0.778968       0.894347
            920          73.02        1517.71       0.954096       0.894347
            921          89.02        1393.51       0.939954       0.894347
            922         132.02        1445.91       0.916333       0.894347
            923         143.02        1125.71       0.887273       0.894347
            924          23.02        1264.71       0.982124       0.894347
            925          66.02        1482.11       0.957355       0.894347
            926         715.02        602.306       0.457219       0.288496
            927         383.02        1063.71        0.73525       0.894347
            928         122.02        1349.91       0.917102       0.894347
            929         824.02        129.506       0.135818       0.288496
            930          44.02        1389.51       0.969292       0.894347
            931         178.02        1317.71       0.880981       0.894347
            932         160.02        1431.31       0.899442       0.894347
            933         221.02        1449.11       0.867663       0.894347
            934          31.02        1245.11       0.975692       0.894347
            935          91.02        1542.11       0.944266       0.894347
            936          44.02        1311.51       0.967526       0.894347
            937         767.02        396.906       0.341006       0.288496
            938         884.02        295.506       0.250529       0.288496
            939         991.02        189.106       0.160242       0.288496
