              0            119          459.2       0.794189       0.919984
              1             12          604.6       0.980538       0.919984
              2            105            541       0.837461       0.919984
              3             34          619.2       0.947949       0.919984
              4            -32          501.4        1.06817       0.919984
              5             26          696.8       0.964029       0.919984
              6             66          614.8       0.903055       0.919984
              7             77          684.6       0.898897       0.919984
              8             94          570.2       0.858476       0.919984
              9            130            600       0.821918       0.919984
             10             37          374.6       0.910107       0.919984
             11            115            679       0.855164       0.919984
             12             30            642       0.955357       0.919984
             13            101          748.8       0.881149       0.919984
             14            125            706       0.849579       0.919984
             15             38          537.4       0.933959       0.919984
             16             75            711        0.90458       0.919984
             17             66          623.8        0.90432       0.919984
             18             54          406.2        0.88266       0.919984
             19             28          518.4       0.948755       0.919984
             20             60            626       0.912536       0.919984
             21            -18          766.6        1.02404       0.919984
             22            118          630.4        0.84233       0.919984
             23             42          713.6       0.944415       0.919984
             24              9          594.2        0.98508       0.919984
             25             44          628.2       0.934543       0.919984
             26             39          613.2       0.940202       0.919984
             27            157          658.6       0.807504       0.919984
             28             83          686.4       0.892124       0.919984
             29             99          735.2       0.881323       0.919984
             30             99          594.2       0.857184       0.919984
             31            131          631.8       0.828264       0.919984
             32            124          656.2       0.841066       0.919984
             33             73          445.4       0.859182       0.919984
             34             10            554        0.98227       0.919984
             35            110            660       0.857143       0.919984
             36             90            548       0.858934       0.919984
             37             89          557.2       0.862272       0.919984
             38            112          560.6       0.833482       0.919984
             39             65            517       0.888316       0.919984
             40             43          581.4       0.931134       0.919984
             41             18          598.4       0.970798       0.919984
             42             14          846.2       0.983725       0.919984
             43             55            933       0.944332       0.919984
             44             56          779.8       0.932998       0.919984
             45            179          697.2       0.795709       0.919984
             46             93          746.4       0.889207       0.919984
             47             -7          624.4        1.01134       0.919984
             48             21          558.8       0.963781       0.919984
             49             35            483       0.932432       0.919984
             50             86          578.8       0.870638       0.919984
             51            290            102       0.260204       0.254694
             52             25            649       0.962908       0.919984
             53             63          420.4       0.869673       0.919984
             54             -7          799.4        1.00883       0.919984
             55             35            644       0.948454       0.919984
             56            -17          690.4        1.02525       0.919984
             57            -20            740        1.02778       0.919984
             58            -32          696.4        1.04816       0.919984
             59             58          553.4       0.905136       0.919984
             60            114          504.2       0.815594       0.919984
             61             37          502.6       0.931431       0.919984
             62             82          531.6       0.866362       0.919984
             63             64          666.2       0.912353       0.919984
             64             28          644.4       0.958358       0.919984
             65             66          666.8       0.909934       0.919984
             66             24          572.2       0.959745       0.919984
             67             41          520.8        0.92702       0.919984
             68            143          566.4       0.798421       0.919984
             69             88          656.4       0.881784       0.919984
             70            119          446.2       0.789455       0.919984
             71            141          559.8       0.798801       0.919984
             72             35            532       0.938272       0.919984
             73             84          689.2       0.891361       0.919984
             74             41          776.8       0.949865       0.919984
             75             53          836.4       0.940409       0.919984
             76             -4          849.8        1.00473       0.919984
             77            239          303.2       0.559203       0.254694
             78            414          226.2       0.353327       0.254694
             79            346          200.8       0.367228       0.254694
             80            247          163.6       0.398441       0.254694
             81            240            371       0.607201       0.254694
             82            506           16.8      0.0321347       0.254694
             83            296           33.8       0.102486       0.254694
             84            365            125       0.255102       0.254694
             85            276           96.8       0.259657       0.254694
             86            306          260.8       0.460127       0.254694
             87            103          566.4       0.846131       0.919984
             88             60            486        0.89011       0.919984
             89             82          419.6       0.836523       0.919984
             90             97          529.6       0.845196       0.919984
             91            291          281.8       0.491969       0.254694
             92            222          397.6       0.641704       0.254694
             93            305            100       0.246914       0.254694
             94            365            162         0.3074       0.254694
             95            297          123.6       0.293866       0.254694
             96            131          238.8       0.645754       0.919984
             97              0            604              1       0.919984
             98             44          907.2       0.953743       0.919984
             99             81          791.8       0.907195       0.919984
            100             75            929       0.925299       0.919984
            101             56          542.8        0.90648       0.919984
            102            109          705.2       0.866126       0.919984
            103             -2          753.4        1.00266       0.919984
            104             28          904.4        0.96997       0.919984
            105             53          791.4       0.937234       0.919984
            106            131          459.8       0.778267       0.919984
            107            274          130.2       0.322118       0.254694
            108            311           53.8       0.147478       0.254694
            109            284          340.2       0.545018       0.254694
            110             82          514.6       0.862554       0.919984
            111             38          410.4       0.915254       0.919984
            112            108          579.4       0.842886       0.919984
            113             84          533.2       0.863901       0.919984
            114             80            412       0.837398       0.919984
            115             22          586.6       0.963851       0.919984
            116             78          621.4       0.888476       0.919984
            117             55            520       0.904348       0.919984
            118             64          704.2       0.916688       0.919984
            119            102          477.6       0.824017       0.919984
            120            368          346.4       0.484882       0.254694
            121            168          373.4       0.689693       0.919984
            122             59          665.2       0.918531       0.919984
            123             37          487.6        0.92947       0.919984
            124             70            523       0.881956       0.919984
            125             36          477.8       0.929934       0.919984
            126             39          724.2       0.948899       0.919984
            127             48          685.4       0.934551       0.919984
            128            109          750.2       0.873138       0.919984
            129             61          786.8       0.928049       0.919984
            130             50            753       0.937733       0.919984
            131             74          974.2       0.929403       0.919984
            132             78          789.4       0.910076       0.919984
            133             46          652.8       0.934173       0.919984
            134            123          732.4       0.856208       0.919984
            135             39          614.2       0.940294       0.919984
            136             76          484.8       0.864479       0.919984
            137             45            479       0.914122       0.919984
            138             49          582.2        0.92237       0.919984
            139            -25            626         1.0416       0.919984
            140            518          222.4       0.300378       0.254694
            141            409          182.2       0.308187       0.254694
            142            169          296.2       0.636715       0.254694
            143            465             92       0.165171       0.254694
            144            394          122.2        0.23673       0.254694
            145            113          486.4       0.811478       0.919984
            146            317          313.6       0.497304       0.254694
            147            400             75       0.157895       0.254694
            148            277          154.6       0.358202       0.254694
            149            133          642.4       0.828476       0.919984
            150             88          891.4       0.910149       0.919984
            151              2          847.6       0.997646       0.919984
            152             69          798.2       0.920434       0.919984
            153             82          656.6       0.888979       0.919984
            154             52          864.6       0.943269       0.919984
            155             35            932       0.963806       0.919984
            156             95            902       0.904714       0.919984
            157             45            855           0.95       0.919984
            158            102          739.6       0.878802       0.919984
            159             60            868       0.935345       0.919984
            160             47         1020.6       0.955976       0.919984
            161            122          830.6       0.871929       0.919984
            162             52          806.6       0.939436       0.919984
            163             -1          732.2        1.00137       0.919984
            164             -7          833.4        1.00847       0.919984
            165             65            615       0.904412       0.919984
            166             73          713.4       0.907172       0.919984
            167             36          776.8       0.955709       0.919984
            168            228          630.4        0.73439       0.919984
            169              8          715.4       0.988941       0.919984
            170            103          523.4       0.835568       0.919984
            171             51          643.8       0.926598       0.919984
            172             35            567        0.94186       0.919984
            173             42          512.6        0.92427       0.919984
            174            110            869        0.88764       0.919984
            175              1          695.8       0.998565       0.919984
            176             98          614.4       0.862437       0.919984
            177             49          749.2       0.938612       0.919984
            178             62          747.6       0.923419       0.919984
            179             93          943.4       0.910266       0.919984
            180             93          818.4       0.897959       0.919984
            181             62          945.6       0.938468       0.919984
            182             70            832       0.922395       0.919984
            183            102          784.6       0.884954       0.919984
            184             25            549       0.956446       0.919984
            185             93          427.4       0.821291       0.919984
            186            361          145.8       0.287687       0.254694
            187            350            253       0.419569       0.254694
            188            306          485.8       0.613539       0.919984
            189             66          671.8       0.910545       0.919984
            190             -3          668.6        1.00451       0.919984
            191             17          520.6       0.968378       0.919984
            192             99          366.2       0.787188       0.919984
            193             88          559.4       0.864072       0.919984
            194             95            568       0.856712       0.919984
            195            167          719.6        0.81164       0.919984
            196            371          246.8       0.399482       0.254694
            197            285            318       0.527363       0.254694
            198              6          640.8       0.990724       0.919984
            199             78          653.4       0.893355       0.919984
            200             30            566       0.949664       0.919984
            201            107          557.6       0.839001       0.919984
            202             28          609.4       0.956072       0.919984
            203             28          502.4        0.94721       0.919984
            204             81          661.8       0.890953       0.919984
            205            -43          536.6        1.08712       0.919984
            206             40            511       0.927405       0.919984
            207             40            502       0.926199       0.919984
            208             37          691.6       0.949218       0.919984
            209             90            461       0.836661       0.919984
            210            262          427.6        0.62007       0.919984
            211            -18          661.6        1.02797       0.919984
            212             81          443.8       0.845655       0.919984
            213            129          603.2       0.823819       0.919984
            214             27          676.6       0.961626       0.919984
            215             49          431.2       0.897959       0.919984
            216             19          537.2        0.96584       0.919984
            217             72          648.6       0.900083       0.919984
            218             21          604.8       0.966443       0.919984
            219            106          546.8       0.837623       0.919984
            220             51          446.8       0.897549       0.919984
            221             33          547.4       0.943143       0.919984
            222            -39          568.8        1.07361       0.919984
            223             82          691.6       0.894002       0.919984
            224             12          606.6       0.980601       0.919984
            225             52          691.6        0.93007       0.919984
            226             97          529.6       0.845196       0.919984
            227             30            580        0.95082       0.919984
            228             37          741.6       0.952479       0.919984
            229             79          623.2       0.887496       0.919984
            230             75            592       0.887556       0.919984
            231            126          508.8       0.801512       0.919984
            232            124          527.2       0.809582       0.919984
            233             80            505       0.863248       0.919984
            234             65            484       0.881603       0.919984
            235            135            532       0.797601       0.919984
            236            221          386.8       0.636394       0.919984
            237            410            153       0.271758       0.254694
            238            590            124       0.173669       0.254694
            239            416          150.8       0.266055       0.254694
            240            332          123.6       0.271291       0.254694
            241             57          616.6        0.91538       0.919984
            242            318          129.4       0.289227       0.254694
            243            244          113.2       0.316909       0.254694
            244            154          362.2       0.701666       0.919984
            245             35            620       0.946565       0.919984
            246              5            561       0.991166       0.919984
            247             20            444       0.956897       0.919984
            248             59          500.2       0.894492       0.919984
            249             59          545.2        0.90235       0.919984
            250             49          668.2       0.931679       0.919984
            251            107          779.6       0.879314       0.919984
            252             34          879.2       0.962768       0.919984
            253             42          852.6       0.953052       0.919984
            254             76          415.8       0.845466       0.919984
            255             40            655       0.942446       0.919984
            256            118          666.4       0.849567       0.919984
            257            154          439.2       0.740391       0.919984
            258            154          549.2       0.781001       0.919984
            259             59          372.2       0.863173       0.919984
            260             90            577       0.865067       0.919984
            261            116          560.8       0.828605       0.919984
            262            159          612.2       0.793828       0.919984
            263             71          625.8       0.898106       0.919984
            264            112          445.6       0.799139       0.919984
            265              1          750.8        0.99867       0.919984
            266             27          878.6       0.970186       0.919984
            267             56          539.8       0.906009       0.919984
            268             73          487.4       0.869736       0.919984
            269             23          602.4       0.963224       0.919984
            270             97          514.6         0.8414       0.919984
            271            102          594.6       0.853575       0.919984
            272              9          524.2       0.983121       0.919984
            273             34          568.2        0.94354       0.919984
            274             19          684.2       0.972981       0.919984
            275             17          439.6       0.962768       0.919984
            276             18          430.4       0.959857       0.919984
            277            -23          659.6        1.03613       0.919984
            278             19          757.2       0.975522       0.919984
            279            153          481.4       0.758827       0.919984
            280             18          526.4       0.966936       0.919984
            281             23          680.4       0.967302       0.919984
            282            110            418       0.791667       0.919984
            283             26          453.8       0.945811       0.919984
            284             60            573       0.905213       0.919984
            285            134          504.2       0.790034       0.919984
            286            150            373       0.713193       0.919984
            287             -1          594.2        1.00169       0.919984
            288            263          220.4       0.455937       0.254694
            289             65            582       0.899536       0.919984
            290             94          512.2       0.844936       0.919984
            291             66          398.8       0.858003       0.919984
            292             44          627.2       0.934446       0.919984
            293             35            441       0.926471       0.919984
            294              4          431.2       0.990809       0.919984
            295             29          588.2       0.953014       0.919984
            296             15            562       0.974003       0.919984
            297            273          233.4         0.4609       0.254694
            298            260            207       0.443255       0.254694
            299             26          357.8       0.932256       0.919984
            300             -2          540.4        1.00371       0.919984
            301             50            532       0.914089       0.919984
            302            104          405.2       0.795758       0.919984
            303            217          112.6       0.341626       0.254694
            304             40            426       0.914163       0.919984
            305             21          575.8       0.964812       0.919984
            306              3          612.4       0.995125       0.919984
            307             17          664.6       0.975059       0.919984
            308             93          479.4       0.837526       0.919984
            309             13          564.4       0.977485       0.919984
            310             84          550.2        0.86755       0.919984
            311             12          531.6       0.977925       0.919984
            312             29          442.2       0.938455       0.919984
            313             63          376.4       0.856623       0.919984
            314              1          688.8        0.99855       0.919984
            315             20            460       0.958333       0.919984
            316             43          595.4       0.932644       0.919984
            317             54          385.2       0.877049       0.919984
            318             64          439.2       0.872814       0.919984
            319             23          440.4       0.950367       0.919984
            320             15            491       0.970356       0.919984
            321            120            612       0.836066       0.919984
            322              4          621.2       0.993602       0.919984
            323             53          463.4       0.897366       0.919984
            324             13          732.4        0.98256       0.919984
            325             34          951.2       0.965489       0.919984
            326             72          712.6       0.908233       0.919984
            327              1          587.8       0.998302       0.919984
            328             56          591.8       0.913554       0.919984
            329            152          481.6       0.760101       0.919984
            330             21          496.8       0.959444       0.919984
            331             95            651       0.872654       0.919984
            332              9          502.2       0.982394       0.919984
            333             62          548.6       0.898461       0.919984
            334            -14          560.8         1.0256       0.919984
            335            -45            496        1.09978       0.919984
            336             75            668       0.899058       0.919984
            337             82          485.6       0.855532       0.919984
            338             19          478.2       0.961786       0.919984
            339              3          465.4       0.993595       0.919984
            340            101          392.8       0.795464       0.919984
            341            130            615       0.825503       0.919984
            342             30            511       0.944547       0.919984
            343             79          368.2       0.823345       0.919984
            344             -5            606        1.00832       0.919984
            345            102          717.6       0.875549       0.919984
            346             65            762       0.921403       0.919984
            347             83          848.4       0.910887       0.919984
            348             19          663.2       0.972149       0.919984
            349             36          420.8       0.921191       0.919984
            350             81          667.8       0.891827       0.919984
            351             28          653.4       0.958908       0.919984
            352             48          463.4        0.90614       0.919984
            353             23          494.4       0.955547       0.919984
            354             -8          399.6        1.02043       0.919984
            355            134          464.2       0.775995       0.919984
            356            286           78.8       0.216009       0.254694
            357            296           83.8       0.220642       0.254694
            358            287           24.6      0.0789474       0.254694
            359            257           14.6      0.0537555       0.254694
            360            334          136.2       0.289664       0.254694
            361             82          461.6       0.849154       0.919984
            362             92          708.6       0.885086       0.919984
            363              2          780.6       0.997444       0.919984
            364             23          501.4        0.95614       0.919984
            365             -5            636        1.00792       0.919984
            366             12          468.6       0.975031       0.919984
            367             -1          461.2        1.00217       0.919984
            368             43          470.4       0.916245       0.919984
            369            130            465       0.781513       0.919984
            370              5            510       0.990291       0.919984
            371             25            614       0.960876       0.919984
            372             72          602.6        0.89327       0.919984
            373             48          549.4       0.919652       0.919984
            374             43          683.4       0.940804       0.919984
            375             30            449        0.93737       0.919984
            376             30            508       0.944238       0.919984
            377             12          425.6       0.972578       0.919984
            378            279           -5.8     -0.0212299       0.254694
            379            382          140.6       0.269039       0.254694
            380            310            115       0.270588       0.254694
            381            302           91.6       0.232724       0.254694
            382             81          253.8       0.758065       0.919984
            383            250            254       0.503968       0.254694
            384            273          184.4       0.403148       0.254694
            385            269          415.2        0.60684       0.254694
            386            339           62.2       0.155035       0.254694
            387            243           -5.6     -0.0235889       0.254694
            388            223           70.4       0.239945       0.254694
            389            353           99.4       0.219717       0.254694
            390              3          540.4       0.994479       0.919984
            391             82          664.6       0.890169       0.919984
            392             -4          589.8        1.00683       0.919984
            393             41          562.8       0.932097       0.919984
            394            -34          521.8         1.0697       0.919984
            395             73          528.4       0.878617       0.919984
            396            109          448.2       0.804379       0.919984
            397             39          523.2        0.93063       0.919984
            398            -10            864        1.01171       0.919984
            399             73          639.4       0.897529       0.919984
            400            126          508.8       0.801512       0.919984
            401             48          402.4       0.893428       0.919984
            402             59          641.2       0.915738       0.919984
            403             60            570       0.904762       0.919984
            404             90            933       0.912023       0.919984
            405             85            683       0.889323       0.919984
            406             42          998.6       0.959639       0.919984
            407            114          795.2       0.874615       0.919984
            408             11          877.8       0.987624       0.919984
            409             47          927.6       0.951775       0.919984
            410             37         1019.6       0.964982       0.919984
            411             51         1031.8         0.9529       0.919984
            412             28          946.4       0.971264       0.919984
            413            -57          943.4        1.06431       0.919984
            414             38          898.4       0.959419       0.919984
            415             60            919       0.938713       0.919984
            416             49          539.2       0.916695       0.919984
            417             74          473.2       0.864766       0.919984
            418             14          587.2       0.976713       0.919984
            419             42          547.6       0.928765       0.919984
            420             75            494        0.86819       0.919984
            421             44          489.2       0.917479       0.919984
            422             86          596.8       0.874048       0.919984
            423             35            970       0.965174       0.919984
            424             75            891        0.92236       0.919984
            425            -38          869.6         1.0457       0.919984
            426              4          832.2       0.995216       0.919984
            427            246          571.8       0.699193       0.919984
            428            285           -103      -0.565934       0.254694
            429            340            119       0.259259       0.254694
            430            300             17      0.0536278       0.254694
            431            289           85.2       0.227686       0.254694
            432            324          109.2       0.252078       0.254694
            433            197          167.6       0.459682       0.254694
            434            387          134.6       0.258052       0.254694
            435            383           43.4       0.101782       0.254694
            436            268           45.4       0.144863       0.254694
            437            138           29.4       0.175627       0.254694
            438            335             36       0.097035       0.254694
            439            138          339.4       0.710934       0.919984
            440            315             85         0.2125       0.254694
            441            254           62.2       0.196711       0.254694
            442             28          665.4       0.959619       0.919984
            443             -8          624.6        1.01297       0.919984
            444            154          268.2       0.635244       0.919984
            445            311           62.8       0.168004       0.254694
            446            350            -45      -0.147541       0.254694
            447            272          249.6       0.478528       0.254694
            448            294           64.2       0.179229       0.254694
            449            268           35.4       0.116678       0.254694
            450            292          148.6       0.337267       0.254694
            451            321           69.8       0.178608       0.254694
            452             84          278.2       0.768084       0.919984
            453            -13          514.6        1.02592       0.919984
            454             13          511.4        0.97521       0.919984
            455             28          605.4       0.955794       0.919984
            456             48          554.4       0.920319       0.919984
            457             63          730.4       0.920595       0.919984
            458             80            545          0.872       0.919984
            459             39          457.2       0.921403       0.919984
            460             42          551.6       0.929245       0.919984
            461             25            529       0.954874       0.919984
            462            -52          644.4        1.08778       0.919984
            463             27          522.6       0.950873       0.919984
            464            386           76.8       0.165946       0.254694
            465            359          103.2        0.22328       0.254694
            466            394          111.2       0.220111       0.254694
            467            318          133.4       0.295525       0.254694
            468            244          175.2       0.417939       0.254694
            469            336          122.8       0.267655       0.254694
            470            418          201.4       0.325153       0.254694
            471            448           80.4       0.152157       0.254694
            472            290             43       0.129129       0.254694
            473            400             85       0.175258       0.254694
            474            293          168.4       0.364976       0.254694
            475            490            165       0.251908       0.254694
            476            258          147.4       0.363592       0.254694
            477            -24          406.8         1.0627       0.919984
            478             24          477.2       0.952115       0.919984
            479             43          467.4       0.915752       0.919984
            480            268          199.4       0.426615       0.254694
            481            238          101.4       0.298763       0.254694
            482             39          384.2       0.907845       0.919984
            483            114          844.2       0.881027       0.919984
            484             42          537.6       0.927536       0.919984
            485             75            600       0.888889       0.919984
            486             -2          628.4        1.00319       0.919984
            487            -34          793.8        1.04475       0.919984
            488            -33          642.6        1.05413       0.919984
            489             47          387.6       0.891855       0.919984
            490            -14          572.8        1.02505       0.919984
            491            145            444        0.75382       0.919984
            492            304          -39.8      -0.150643       0.254694
            493            112          425.6       0.791667       0.919984
            494            106          496.8       0.824154       0.919984
            495            -19          534.8        1.03684       0.919984
            496             65            534       0.891486       0.919984
            497            -16          687.2        1.02384       0.919984
            498              4          552.2       0.992808       0.919984
            499             12          462.6       0.974716       0.919984
            500             74          472.2       0.864518       0.919984
            501              4          741.2       0.994632       0.919984
            502            -27          528.4        1.05385       0.919984
            503             62          624.6         0.9097       0.919984
            504              1          501.8       0.998011       0.919984
            505             79          566.2       0.877557       0.919984
            506             83          477.4       0.851892       0.919984
            507              1          562.8       0.998226       0.919984
            508             31          575.8       0.948912       0.919984
            509             -6          606.2           1.01       0.919984
            510             25            541        0.95583       0.919984
            511             27          676.6       0.961626       0.919984
            512             67          615.6       0.901846       0.919984
            513             97          463.6       0.826971       0.919984
            514             24          640.2       0.963866       0.919984
            515            228          118.4       0.341801       0.254694
            516            260            141       0.351621       0.254694
            517            390            180       0.315789       0.254694
            518            228          324.4       0.587256       0.254694
            519            389           27.2      0.0653532       0.254694
            520            309           84.2        0.21414       0.254694
            521            436          133.8       0.234819       0.254694
            522            308          125.4        0.28934       0.254694
            523            288          121.4       0.296532       0.254694
            524            392           11.6      0.0287413       0.254694
            525            279          104.2       0.271921       0.254694
            526            323          157.4       0.327644       0.254694
            527            311           82.8       0.210259       0.254694
            528            478           71.4        0.12996       0.254694
            529            280             65       0.188406       0.254694
            530            219          118.2       0.350534       0.254694
            531            535            131       0.196697       0.254694
            532            235            186       0.441805       0.254694
            533             67          393.6       0.854538       0.919984
            534             51          554.8       0.915814       0.919984
            535             40            568       0.934211       0.919984
            536             49          575.2         0.9215       0.919984
            537             59          627.2       0.914019       0.919984
            538             17          703.6       0.976409       0.919984
            539            -20            482        1.04329       0.919984
            540             65            725       0.917722       0.919984
            541            237          355.6       0.600067       0.919984
            542            386          -20.2     -0.0552214       0.254694
            543            335            160       0.323232       0.254694
            544            277           95.6       0.256575       0.254694
            545            342          137.6       0.286906       0.254694
            546            411          114.8       0.218334       0.254694
            547            422          -36.4     -0.0943983       0.254694
            548            254           95.2       0.272623       0.254694
            549            229          224.2       0.494704       0.254694
            550             -7          565.4        1.01254       0.919984
            551            -35            775         1.0473       0.919984
            552             29          836.2       0.966482       0.919984
            553            -14          515.8         1.0279       0.919984
            554            281          164.8       0.369672       0.254694
            555            242          208.6       0.462938       0.254694
            556            485            121        0.19967       0.254694
            557            180            294       0.620253       0.919984
            558             47          438.6       0.903213       0.919984
            559             46          483.8       0.913175       0.919984
            560            344          125.2       0.266837       0.254694
            561            301          129.8         0.3013       0.254694
            562            186          287.8       0.607429       0.919984
            563             29          482.2       0.943271       0.919984
            564             67          588.6       0.897804       0.919984
            565              1          548.8       0.998181       0.919984
            566            250             40       0.137931       0.254694
            567            332           86.6        0.20688       0.254694
            568            386           58.8       0.132194       0.254694
            569            230             65       0.220339       0.254694
            570            369          180.2       0.328114       0.254694
            571            460             31      0.0631365       0.254694
            572            147          354.6       0.706938       0.919984
            573             41          637.8       0.939599       0.919984
            574            108          764.4       0.876204       0.919984
            575             17          639.6       0.974109       0.919984
            576            -34          736.8        1.04838       0.919984
            577             38          365.4       0.905801       0.919984
            578             41          508.8       0.925427       0.919984
            579             14          635.2       0.978435       0.919984
            580             32          566.6       0.946542       0.919984
            581             -7          512.4        1.01385       0.919984
            582            263          221.4        0.45706       0.254694
            583            577          159.6       0.216671       0.254694
            584            443          162.4       0.268252       0.254694
            585             43          656.4       0.938519       0.919984
            586             62          471.6       0.883808       0.919984
            587            132          509.6       0.794264       0.919984
            588             26          583.8       0.957363       0.919984
            589             28          533.4       0.950125       0.919984
            590             34          552.2       0.941999       0.919984
            591             42          509.6       0.923858       0.919984
            592             10            595       0.983471       0.919984
            593             87          684.6       0.887247       0.919984
            594              5            714       0.993046       0.919984
            595            234          236.2       0.502339       0.919984
            596             45            511       0.919065       0.919984
            597             54          669.2       0.925332       0.919984
            598            126          576.8       0.820717       0.919984
            599            -10            774        1.01309       0.919984
            600             76          944.8       0.925549       0.919984
            601             82          924.6       0.918538       0.919984
            602            146          900.8       0.860527       0.919984
            603             50            723       0.935317       0.919984
            604             26          618.8       0.959677       0.919984
            605             87          469.6       0.843694       0.919984
            606             31          765.8       0.961094       0.919984
            607             51          550.8       0.915254       0.919984
            608             40            577        0.93517       0.919984
            609            125            494       0.798061       0.919984
            610            105            369       0.778481       0.919984
            611            166           53.8       0.244768       0.254694
            612            308          327.4       0.515266       0.254694
            613             62          511.6       0.891911       0.919984
            614             48          576.4       0.923126       0.919984
            615            258          162.4       0.386299       0.254694
            616            269          102.2       0.275323       0.254694
            617            228          210.4       0.479927       0.254694
            618            256          259.8       0.503684       0.254694
            619            202          142.6       0.413813       0.254694
            620            374            6.2      0.0163072       0.254694
            621            318          103.4       0.245373       0.254694
            622            416           67.8       0.140141       0.254694
            623            428           70.4       0.141252       0.254694
            624            107          578.6       0.843932       0.919984
            625             30            575       0.950413       0.919984
            626             94          579.2       0.860368       0.919984
            627            -12          682.4         1.0179       0.919984
            628             -2          658.4        1.00305       0.919984
            629             65            450       0.873786       0.919984
            630             56          382.8       0.872379       0.919984
            631             53          539.4       0.910533       0.919984
            632            -14          621.8        1.02303       0.919984
            633             36          818.8       0.957885       0.919984
            634             80            851       0.914071       0.919984
            635            -48         1170.6        1.04276       0.919984
            636             22          932.6       0.976954       0.919984
            637            339          156.2       0.315428       0.254694
            638             39          566.2       0.935558       0.919984
            639             12          625.6       0.981179       0.919984
            640             98          568.4       0.852941       0.919984
            641             52          568.6        0.91621       0.919984
            642             47          398.6       0.894524       0.919984
            643             61          572.8       0.903755       0.919984
            644             22          337.6       0.938821       0.919984
            645             33          552.4       0.943628       0.919984
            646             -7          514.4         1.0138       0.919984
            647            -15            577        1.02669       0.919984
            648            299          321.2       0.517897       0.254694
            649            257          126.6       0.330031       0.254694
            650            198          103.4       0.343066       0.254694
            651            121          411.8       0.772898       0.919984
            652            144          269.2         0.6515       0.919984
            653             86          453.8       0.840682       0.919984
            654            225             45       0.166667       0.254694
            655            110             72       0.395604       0.254694
            656            291           63.8        0.17982       0.254694
            657             41          470.8       0.919891       0.919984
            658            183          262.4       0.589133       0.919984
            659            131          421.8       0.763025       0.919984
            660             10            511       0.980806       0.919984
            661             67          444.6       0.869038       0.919984
            662             86          557.8       0.866418       0.919984
            663            106          721.8        0.87195       0.919984
            664             58          660.4       0.919265       0.919984
            665             78          644.4       0.892027       0.919984
            666             56          620.8       0.917258       0.919984
            667             11          684.8       0.984191       0.919984
            668            -78          866.6        1.09891       0.919984
            669             30            641       0.955291       0.919984
            670            -30            719        1.04354       0.919984
            671            -15            466        1.03326       0.919984
            672             31          600.8       0.950934       0.919984
            673             53          624.4        0.92176       0.919984
            674             47          578.6       0.924872       0.919984
            675             43          534.4       0.925528       0.919984
            676            374          100.2       0.211303       0.254694
            677            295            107       0.266169       0.254694
            678            142          582.6        0.80403       0.919984
            679            141          432.8        0.75427       0.919984
            680            108          671.4       0.861432       0.919984
            681             -3          567.6        1.00531       0.919984
            682            -42          641.4        1.07007       0.919984
            683            199          291.2       0.594043       0.919984
            684            316          128.8       0.289568       0.254694
            685            417           27.6      0.0620783       0.254694
            686            278          229.4       0.452109       0.254694
            687            372          206.6       0.357069       0.254694
            688            294          171.2       0.368014       0.254694
            689            374          159.2       0.298575       0.254694
            690            233           52.4       0.183602       0.254694
            691            594          183.2       0.235718       0.254694
            692            376          115.8       0.235462       0.254694
            693            355            240       0.403361       0.254694
            694             18          516.4       0.966317       0.919984
            695             -1          723.2        1.00138       0.919984
            696            -40            801        1.05256       0.919984
            697              3          587.4       0.994919       0.919984
            698             68          671.4       0.908034       0.919984
            699             40            944        0.95935       0.919984
            700              7          819.6       0.991532       0.919984
            701             21          891.8       0.976994       0.919984
            702             97          680.6       0.875257       0.919984
            703             -5            712        1.00707       0.919984
            704             28          678.4       0.960362       0.919984
            705             11          539.8       0.980029       0.919984
            706             42          664.6        0.94056       0.919984
            707             71          609.8       0.895711       0.919984
            708             95            437       0.821429       0.919984
            709             31          568.8       0.948316       0.919984
            710             10            697       0.985856       0.919984
            711             57          559.6       0.907558       0.919984
            712             65            662       0.910591       0.919984
            713            140            483       0.775281       0.919984
            714            -15            724        1.02116       0.919984
            715             84          652.2       0.885901       0.919984
            716             31          599.8       0.950856       0.919984
            717            124          533.2       0.811321       0.919984
            718             26          561.8       0.955767       0.919984
            719             45            699       0.939516       0.919984
            720             16          437.8       0.964742       0.919984
            721             15            582       0.974874       0.919984
            722             15            452        0.96788       0.919984
            723             49          553.2       0.918632       0.919984
            724             82          525.6       0.865043       0.919984
            725            -16          627.2        1.02618       0.919984
            726            107          496.6        0.82273       0.919984
            727             92          463.6       0.834413       0.919984
            728             47          613.6       0.928853       0.919984
            729            -13          597.6        1.02224       0.919984
            730              0            610              1       0.919984
            731             43          519.4       0.923542       0.919984
            732            112          631.6       0.849381       0.919984
            733             42          561.6       0.930417       0.919984
            734             50            500       0.909091       0.919984
            735             20            516       0.962687       0.919984
            736             42          568.6       0.931215       0.919984
            737             50            483       0.906191       0.919984
            738            395            -38      -0.106443       0.254694
            739            104          225.2       0.684083       0.919984
            740             95            357       0.789823       0.919984
            741            -21          721.2        1.02999       0.919984
            742             14          577.2       0.976319       0.919984
            743             88          703.4       0.888805       0.919984
            744            118          445.4       0.790557       0.919984
            745             51          651.8       0.927433       0.919984
            746              3          719.4       0.995847       0.919984
            747             45            811        0.94743       0.919984
            748             80            754       0.904077       0.919984
            749              2          480.6       0.995856       0.919984
            750             69          572.2       0.892389       0.919984
            751             53          553.4       0.912599       0.919984
            752             38          493.4       0.928491       0.919984
            753              4          585.2       0.993211       0.919984
            754            -18          557.6        1.03336       0.919984
            755            -48          598.6        1.08718       0.919984
            756             -2          425.4        1.00472       0.919984
            757             26          789.8       0.968129       0.919984
            758              9          797.2       0.988837       0.919984
            759             32          890.6       0.965315       0.919984
            760            -33          509.6        1.06924       0.919984
            761             30            466       0.939516       0.919984
            762            158          257.4       0.619644       0.919984
            763            380             58        0.13242       0.254694
            764            262          123.6       0.320539       0.254694
            765            286          148.8       0.342226       0.254694
            766            282          161.6       0.364292       0.254694
            767             69          374.2       0.844314       0.919984
            768             32          462.6       0.935301       0.919984
            769             61          624.8       0.911053       0.919984
            770             18          539.4       0.967707       0.919984
            771             22          572.6          0.963       0.919984
            772             24          558.2       0.958777       0.919984
            773            -23          517.6         1.0465       0.919984
            774             54          431.2       0.888706       0.919984
            775             34          535.2       0.940267       0.919984
            776             78          610.4       0.886694       0.919984
            777             44          906.2       0.953694       0.919984
            778             89          821.2       0.902219       0.919984
            779             48          790.4       0.942748       0.919984
            780             75            967       0.928023       0.919984
            781             32          785.6       0.960861       0.919984
            782             28          533.4       0.950125       0.919984
            783             47          576.6       0.924631       0.919984
            784            -12          590.4        1.02075       0.919984
            785            -18          508.6        1.03669       0.919984
            786             18          639.4       0.972619       0.919984
            787            -31          597.2        1.05475       0.919984
            788              9          730.2       0.987825       0.919984
            789            -18          610.6        1.03037       0.919984
            790            -30            593        1.05329       0.919984
            791            -47          669.4        1.07551       0.919984
            792            -13          515.6        1.02587       0.919984
            793             21          616.8       0.967074       0.919984
            794             23          582.4       0.962009       0.919984
            795            -48          416.6        1.13022       0.919984
            796             57          552.6       0.906496       0.919984
            797            451           88.8       0.164505       0.254694
            798            447           -6.4     -0.0145256       0.254694
            799            431           78.8        0.15457       0.254694
            800             69          175.2       0.717445       0.919984
            801             44          513.2       0.921034       0.919984
            802             39          604.2       0.939366       0.919984
            803             45            911       0.952929       0.919984
            804             24          735.2       0.968388       0.919984
            805             62          453.6       0.879752       0.919984
            806             29          593.2       0.953391       0.919984
            807             29          835.2       0.966443       0.919984
            808             23          803.4       0.972168       0.919984
            809             33          662.4       0.952545       0.919984
            810              8          856.4       0.990745       0.919984
            811            -32          823.4        1.04043       0.919984
            812             36          833.8       0.958611       0.919984
            813            -31          510.2        1.06469       0.919984
            814             36          745.8       0.953952       0.919984
            815             61          752.8       0.925043       0.919984
            816              6          544.8       0.989107       0.919984
            817             28          684.4       0.960696       0.919984
            818            316          142.8       0.311247       0.254694
            819            272           70.6       0.206071       0.254694
            820            324          162.2       0.333608       0.254694
            821            385            181       0.319788       0.254694
            822            395             15      0.0365854       0.254694
            823            329          180.2       0.353888       0.254694
            824            532          229.6       0.301471       0.254694
            825            307           92.6       0.231732       0.254694
            826            231          119.8       0.341505       0.254694
            827            321          190.8       0.372802       0.254694
            828            196           61.8       0.239721       0.254694
            829            376           -5.2     -0.0140237       0.254694
            830            582          241.6       0.293346       0.254694
            831            103          387.4       0.789967       0.919984
            832            153          438.4       0.741292       0.919984
            833            139          447.2        0.76288       0.919984
            834            232          340.6       0.594831       0.919984
            835             22          571.6       0.962938       0.919984
            836             60            504       0.893617       0.919984
            837             48          444.4       0.902518       0.919984
            838             93          573.4       0.860444       0.919984
            839             85            671       0.887566       0.919984
            840             10            801        0.98767       0.919984
            841             21          644.8       0.968459       0.919984
            842             56          497.8        0.89888       0.919984
            843            -11          441.2        1.02557       0.919984
            844             47          570.6       0.923899       0.919984
            845              8          617.4       0.987208       0.919984
            846            312          114.6       0.268636       0.254694
            847            281          117.8       0.295386       0.254694
            848            110            660       0.857143       0.919984
            849            142          671.6       0.825467       0.919984
            850             46          583.8       0.926961       0.919984
            851             71          619.8       0.897221       0.919984
            852             38          539.4       0.934188       0.919984
            853             25            570       0.957983       0.919984
            854             13          440.4       0.971328       0.919984
            855            212          178.6       0.457245       0.254694
            856            455            132       0.224872       0.254694
            857            349           43.2       0.110148       0.254694
            858            259           60.2       0.188596       0.254694
            859            290             82        0.22043       0.254694
            860             75            266       0.780059       0.919984
            861             -8          588.6        1.01378       0.919984
            862             43          627.4       0.935859       0.919984
            863             50            960       0.950495       0.919984
            864             -5            541        1.00933       0.919984
            865             19          499.2       0.963335       0.919984
            866            160            335       0.676768       0.919984
            867            192           80.6       0.295671       0.254694
            868            362            6.6      0.0179056       0.254694
            869            253          -19.6      -0.083976       0.254694
            870            370            122       0.247967       0.254694
            871            234           21.2      0.0830721       0.254694
            872            388           51.4       0.116978       0.254694
            873            407           32.6      0.0741583       0.254694
            874            382          156.6       0.290754       0.254694
            875            324           76.2       0.190405       0.254694
            876            238          138.4       0.367694       0.254694
            877            367           46.6       0.112669       0.254694
            878            137          197.6       0.590556       0.254694
            879            153          197.4       0.563356       0.254694
            880            240            131         0.3531       0.254694
            881            -16          395.2        1.04219       0.919984
            882             76          616.8         0.8903       0.919984
            883            -27          580.4        1.04879       0.919984
            884            -17          485.4        1.03629       0.919984
            885             41          410.8       0.909252       0.919984
            886            328          168.4       0.339243       0.254694
            887            357          351.6        0.49619       0.254694
            888            356          177.8       0.333084       0.254694
            889            298           -9.6     -0.0332871       0.254694
            890            530             94       0.150641       0.254694
            891            449          190.2       0.297559       0.254694
            892            333          130.4       0.281398       0.254694
            893            219          459.2       0.677086       0.919984
            894            114          455.2       0.799719       0.919984
            895             18          533.4       0.967356       0.919984
            896            176          422.8       0.706079       0.919984
            897            308           29.4      0.0871369       0.254694
            898            523          210.4       0.286883       0.254694
            899            248           43.4       0.148936       0.254694
            900            325             94       0.224344       0.254694
            901            185            244       0.568765       0.254694
            902            -55            493        1.12557       0.919984
            903             77          735.6       0.905242       0.919984
            904             -3          804.6        1.00374       0.919984
            905            120            762       0.863946       0.919984
            906             51          917.8       0.947358       0.919984
            907             -9          827.8        1.01099       0.919984
            908             12          868.6       0.986373       0.919984
            909             93          476.4        0.83667       0.919984
            910            358           90.4       0.201606       0.254694
            911            368           61.4        0.14299       0.254694
            912            310             23      0.0690691       0.254694
            913            278           98.4       0.261424       0.254694
            914            303          149.4       0.330239       0.254694
            915            206          173.8       0.457609       0.254694
            916            496          222.8       0.309961       0.254694
            917            387           10.6        0.02666       0.254694
            918            574          145.2       0.201891       0.254694
            919            344          121.2       0.260533       0.254694
            920            391           43.8       0.100736       0.254694
            921            543          185.4        0.25453       0.254694
            922            289          428.2       0.597044       0.919984
            923            117          931.6       0.888423       0.919984
            924             90            529       0.854604       0.919984
            925            128          484.4       0.790986       0.919984
            926             14          379.2       0.964395       0.919984
            927            132          459.6       0.776876       0.919984
            928            314          417.2       0.570569       0.254694
            929            495            147       0.228972       0.254694
            930            449          238.2       0.346624       0.254694
            931            306           82.8       0.212963       0.254694
            932             70            630            0.9       0.919984
            933             60            591       0.907834       0.919984
            934            215            317       0.595865       0.919984
            935            282          117.6       0.294294       0.254694
            936            371          168.8       0.312708       0.254694
            937            197          260.6       0.569493       0.254694
            938            204          304.2       0.598583       0.254694
            939            366           62.8       0.146455       0.254694
            940            416          202.8       0.327731       0.254694
            941            543          210.4       0.279267       0.254694
            942            262          281.6       0.518028       0.254694
            943              3          503.4       0.994076       0.919984
            944             95            504       0.841402       0.919984
            945             18          575.4       0.969666       0.919984
            946             40            600         0.9375       0.919984
            947             24          615.2       0.962453       0.919984
            948             -3          622.6        1.00484       0.919984
            949             94          445.2       0.825668       0.919984
            950             71          444.8        0.86235       0.919984
            951             94          616.2       0.867643       0.919984
            952             70            620       0.898551       0.919984
            953             56          627.8       0.918105       0.919984
            954            101          623.8       0.860651       0.919984
            955              3          505.4       0.994099       0.919984
            956            269           80.2       0.229668       0.254694
            957            352          -67.4      -0.236824       0.254694
            958            305            -19     -0.0664336       0.254694
            959            233           61.4        0.20856       0.254694
            960            262          343.6       0.567371       0.254694
            961            123          675.4       0.845942       0.919984
            962             20            632       0.969325       0.919984
            963             51          498.8       0.907239       0.919984
            964             99          482.2       0.829663       0.919984
            965             34          538.2        0.94058       0.919984
            966             49          690.2       0.933712       0.919984
            967            -27          749.4        1.03738       0.919984
            968             26          767.8       0.967246       0.919984
            969             92          608.6       0.868684       0.919984
            970             21          470.8         0.9573       0.919984
            971            117          451.6       0.794231       0.919984
            972            414           76.2       0.155447       0.254694
            973             -8          524.6        1.01549       0.919984
            974             12          707.6       0.983324       0.919984
            975            133          242.4       0.645711       0.919984
            976            385             64       0.142539       0.254694
            977            272          113.6       0.294606       0.254694
            978            207           27.6       0.117647       0.254694
            979            191          323.8       0.628982       0.254694
            980            301          119.8       0.284696       0.254694
            981            317           -5.4     -0.0173299       0.254694
            982            152          378.6       0.713532       0.919984
            983            -11          630.2        1.01776       0.919984
            984              6          710.8       0.991629       0.919984
            985             19          493.2       0.962905       0.919984
            986            -33          537.6         1.0654       0.919984
            987             38          504.4       0.929941       0.919984
            988            -12          504.4        1.02437       0.919984
            989             52          501.6       0.906069       0.919984
            990            -50            357        1.16287       0.919984
            991             13          682.4       0.981306       0.919984
            992              2          685.6       0.997091       0.919984
            993            -42          471.4        1.09781       0.919984
            994             62          787.6       0.927024       0.919984
            995             83          550.4       0.868961       0.919984
            996             61          485.8       0.888442       0.919984
            997            -32          466.4        1.07366       0.919984
            998             26          578.8       0.957011       0.919984
            999            -10            484         1.0211       0.919984
           1000            -24          567.8        1.04413       0.919984
           1001             26          503.8       0.950925       0.919984
           1002            131          445.8       0.772885       0.919984
           1003             36          644.8       0.947121       0.919984
           1004             27          576.6       0.955268       0.919984
           1005            -13          648.6        1.02045       0.919984
           1006             87          615.6       0.876174       0.919984
           1007            -30            494        1.06466       0.919984
           1008             58          472.4       0.890649       0.919984
           1009            -13          486.6        1.02745       0.919984
           1010             17          500.6       0.967156       0.919984
           1011             51          404.8       0.888109       0.919984
           1012            -10            443        1.02309       0.919984
           1013             32          588.6       0.948437       0.919984
           1014             28          629.4       0.957408       0.919984
           1015            -11          536.2        1.02094       0.919984
           1016             35            372       0.914005       0.919984
           1017             56          570.8       0.910657       0.919984
           1018             95            520       0.845528       0.919984
           1019            -55            667        1.08987       0.919984
           1020             -3          486.6         1.0062       0.919984
           1021              0            533              1       0.919984
           1022             60            710       0.922078       0.919984
           1023             27          671.6       0.961351       0.919984
           1024             15            492       0.970414       0.919984
           1025             61          577.8       0.904508       0.919984
           1026             66          341.8       0.838156       0.919984
           1027             25            831       0.970794       0.919984
           1028             29          464.2         0.9412       0.919984
           1029             56          339.8       0.858514       0.919984
           1030            -34          515.8        1.07057       0.919984
           1031            -33          584.6        1.05983       0.919984
           1032             63          484.4        0.88491       0.919984
           1033             31          483.8       0.939782       0.919984
           1034             48          540.4       0.918423       0.919984
           1035            -28          596.6        1.04924       0.919984
           1036             -5            652        1.00773       0.919984
           1037             27          573.6       0.955045       0.919984
           1038             40            371       0.902676       0.919984
           1039             39          565.2       0.935452       0.919984
           1040            -16          510.2        1.03238       0.919984
           1041             44          572.2       0.928595       0.919984
           1042             45            598       0.930016       0.919984
           1043             25            593       0.959547       0.919984
           1044             -6          563.2        1.01077       0.919984
           1045             60            622       0.912023       0.919984
           1046            -19          508.8        1.03879       0.919984
           1047            336          304.8       0.475655       0.254694
           1048            591          104.8       0.150618       0.254694
           1049            442           86.6       0.163829       0.254694
           1050            407          269.6       0.398463       0.254694
           1051            323          182.4       0.360902       0.254694
           1052            226           67.8       0.230769       0.254694
           1053            484          131.2       0.213264       0.254694
           1054            411           95.8       0.189029       0.254694
           1055             37          515.6       0.933044       0.919984
           1056             56          509.8       0.901025       0.919984
           1057            124           91.2       0.423792       0.254694
           1058            166          309.8       0.651114       0.254694
           1059            261           94.8       0.266442       0.254694
           1060            309          -61.8          -0.25       0.254694
           1061            345            157       0.312749       0.254694
           1062            315             95       0.231707       0.254694
           1063            208          143.4       0.408082       0.254694
           1064            274           61.2       0.182578       0.254694
           1065             46          549.8       0.922793       0.919984
           1066             97          645.6       0.869378       0.919984
           1067             65            658       0.910097       0.919984
           1068             69          659.2       0.905246       0.919984
           1069              0            612              1       0.919984
           1070            142          276.6       0.660774       0.919984
           1071            188          189.4       0.501855       0.254694
           1072            265            146       0.355231       0.254694
           1073            341          172.8       0.336318       0.254694
           1074            338          135.4       0.286016       0.254694
           1075            377          208.6       0.356216       0.254694
           1076            306           27.8      0.0832834       0.254694
           1077            273           -8.6     -0.0325265       0.254694
           1078            155             20       0.114286       0.254694
           1079            267            3.6      0.0133038       0.254694
           1080            325            142       0.304069       0.254694
           1081            176          451.8       0.719656       0.919984
           1082            272           91.6       0.251925       0.254694
           1083             75            461       0.860075       0.919984
           1084             -2          418.4         1.0048       0.919984
           1085             12          563.6       0.979152       0.919984
           1086             40            505       0.926606       0.919984
           1087            -25            637        1.04085       0.919984
           1088            352          180.6       0.339091       0.254694
           1089            304           99.2       0.246032       0.254694
           1090            266           45.8       0.146889       0.254694
           1091            320            103       0.243499       0.254694
           1092            329           99.2       0.231667       0.254694
           1093            375            -41      -0.122754       0.254694
           1094            367           71.6       0.163247       0.254694
           1095            245            104       0.297994       0.254694
           1096            234          113.2       0.326037       0.254694
           1097            350            120       0.255319       0.254694
           1098            163          155.4       0.488065       0.254694
           1099            316          112.8        0.26306       0.254694
           1100            146          410.8       0.737787       0.919984
           1101            215            283       0.568273       0.254694
           1102            266          -57.2      -0.273946       0.254694
           1103            304          175.2       0.365609       0.254694
           1104            218           11.4      0.0496949       0.254694
           1105            317          129.6       0.290193       0.254694
           1106            504          120.2       0.192566       0.254694
           1107            338          -14.6     -0.0451453       0.254694
           1108            287           40.6       0.123932       0.254694
           1109             96          412.8       0.811321       0.919984
           1110             39          430.2        0.91688       0.919984
           1111             23          495.4       0.955633       0.919984
           1112             -5            332        1.01529       0.919984
           1113             -7          559.4        1.01267       0.919984
           1114             88          718.4       0.890873       0.919984
           1115             20            611       0.968304       0.919984
           1116             41          628.8       0.938788       0.919984
           1117             49          654.2       0.930319       0.919984
           1118             19          569.2       0.967698       0.919984
           1119             55            526       0.905336       0.919984
           1120            120            496       0.805195       0.919984
           1121             83          627.4       0.883164       0.919984
           1122            216          287.8       0.571258       0.254694
           1123            243          158.4       0.394619       0.254694
           1124            268           48.4       0.152971       0.254694
           1125            218          146.4       0.401756       0.254694
           1126             56          376.8        0.87061       0.919984
           1127             12          446.6       0.973833       0.919984
           1128             31          842.8       0.964523       0.919984
           1129             27          797.6       0.967257       0.919984
           1130             36          766.8       0.955157       0.919984
           1131             31          746.8       0.960144       0.919984
           1132             56          620.8       0.917258       0.919984
           1133             -9          468.8        1.01957       0.919984
           1134             45            467       0.912109       0.919984
           1135            -51          634.2        1.08745       0.919984
           1136            204          219.2       0.517958       0.254694
           1137            365            185       0.336364       0.254694
           1138            208          -28.6       -0.15942       0.254694
           1139            341           94.8       0.217531       0.254694
           1140            111          359.8       0.764231       0.919984
           1141             92          451.6       0.830758       0.919984
           1142             92          660.6       0.877757       0.919984
           1143             98          535.4       0.845279       0.919984
           1144             26          590.8       0.957847       0.919984
           1145             45            446        0.90835       0.919984
           1146              6          651.8       0.990879       0.919984
           1147             74          645.2       0.897108       0.919984
           1148             65            455          0.875       0.919984
           1149             78          582.4        0.88189       0.919984
           1150             -5            638         1.0079       0.919984
           1151            125            262       0.677003       0.919984
           1152            322          -22.4     -0.0747664       0.254694
           1153             69          503.2       0.879413       0.919984
           1154              6          549.8       0.989205       0.919984
           1155            -24          537.8        1.04671       0.919984
           1156             85            644       0.883402       0.919984
           1157             88          571.4       0.866545       0.919984
           1158            291           26.8      0.0843298       0.254694
           1159            290            205       0.414141       0.254694
           1160            211          137.8       0.395069       0.254694
           1161            244           60.2       0.197896       0.254694
           1162            314           60.2       0.160877       0.254694
           1163            391          -70.2      -0.218828       0.254694
           1164            225             46       0.169742       0.254694
           1165            310             59       0.159892       0.254694
           1166            307          242.6       0.441412       0.254694
           1167            137          431.6       0.759057       0.919984
           1168             34          643.2       0.949793       0.919984
           1169              4          584.2         0.9932       0.919984
           1170            -10            704        1.01441       0.919984
           1171              9          788.2        0.98871       0.919984
           1172             42          852.6       0.953052       0.919984
           1173             59          795.2        0.93093       0.919984
           1174             23          878.4       0.974484       0.919984
           1175             16          548.8       0.971671       0.919984
           1176             65            844       0.928493       0.919984
           1177             68          893.4        0.92927       0.919984
           1178             14          535.2       0.974508       0.919984
           1179             36          453.8       0.926501       0.919984
           1180             24          582.2       0.960409       0.919984
           1181             15            577       0.974662       0.919984
           1182             56          558.8       0.908913       0.919984
           1183            100            669       0.869961       0.919984
           1184             45            442       0.907598       0.919984
           1185             40            547       0.931857       0.919984
           1186             18          784.4       0.977567       0.919984
           1187             61         1000.8        0.94255       0.919984
           1188             24          569.2       0.959541       0.919984
           1189             63          448.4       0.876809       0.919984
           1190             58          463.4       0.888761       0.919984
           1191            203          177.4       0.466351       0.254694
           1192            393          -49.6      -0.144438       0.254694
           1193            200            312       0.609375       0.254694
           1194            259          186.2       0.418239       0.254694
           1195             24          494.2       0.953686       0.919984
           1196             69          493.2       0.877268       0.919984
           1197             -5            505           1.01       0.919984
           1198             26          540.8       0.954128       0.919984
           1199             44          567.2        0.92801       0.919984
           1200             31          490.8        0.94059       0.919984
           1201            247          138.6        0.35944       0.254694
           1202            241           35.8       0.129335       0.254694
           1203            369           45.2       0.109126       0.254694
           1204             26          673.8       0.962847       0.919984
           1205             74          562.2       0.883684       0.919984
           1206            -48          727.6        1.07063       0.919984
           1207            240            355       0.596639       0.919984
           1208            297           89.6       0.231764       0.254694
           1209             50            520       0.912281       0.919984
           1210            -29          434.8        1.07146       0.919984
           1211             12          621.6       0.981061       0.919984
           1212              9          359.2       0.975557       0.919984
           1213            -41          499.2        1.08948       0.919984
           1214             16          393.8       0.960957       0.919984
           1215            -23          560.6        1.04278       0.919984
           1216             46          438.8       0.905116       0.919984
           1217            -25            553        1.04735       0.919984
           1218             -1          465.2        1.00215       0.919984
           1219             34          509.2       0.937408       0.919984
           1220            106          505.8       0.826741       0.919984
           1221             -1          492.2        1.00204       0.919984
           1222             54          509.2       0.904119       0.919984
           1223            135            552       0.803493       0.919984
           1224             69          646.2       0.903523       0.919984
           1225             89          514.2       0.852454       0.919984
           1226             -3          544.6        1.00554       0.919984
           1227            124          582.2       0.824412       0.919984
           1228            -68          550.6         1.1409       0.919984
           1229             61          429.8       0.875713       0.919984
           1230              1          603.8       0.998347       0.919984
           1231             70            672        0.90566       0.919984
           1232              3          531.4       0.994386       0.919984
           1233             11          733.8       0.985231       0.919984
           1234            108          463.4       0.810991       0.919984
           1235            133          234.4       0.637997       0.919984
           1236            287          122.6       0.299316       0.254694
           1237            384            9.2      0.0233978       0.254694
           1238            316          142.8       0.311247       0.254694
           1239            135             89       0.397321       0.254694
           1240            321           52.8       0.141252       0.254694
           1241            284          116.2       0.290355       0.254694
           1242            255             -9     -0.0365854       0.254694
           1243            331          -12.2     -0.0382685       0.254694
           1244            222           23.6      0.0960912       0.254694
           1245            416          141.8       0.254213       0.254694
           1246             37          700.6       0.949837       0.919984
