              0            187          457.6       0.709898       0.793127
              1            160            657       0.804162       0.793127
              2            128          511.4       0.799812       0.793127
              3            218          543.4       0.713685       0.793127
              4            214          371.2       0.634313       0.793127
              5            323          222.4       0.407774       0.162597
              6            165            400       0.707965       0.793127
              7            703            3.4     0.00481314       0.162597
              8            510            105       0.170732       0.162597
              9            347          254.6       0.423205       0.162597
             10            629          192.2       0.234048       0.162597
             11            350            396       0.530831       0.793127
             12            180            544       0.751381       0.793127
             13            115            618       0.843111       0.793127
             14            113          309.4       0.732481       0.793127
             15            112          692.6         0.8608       0.793127
             16            188          427.4       0.694508       0.793127
             17            152          604.6       0.799101       0.793127
             18            202          531.6       0.724646       0.793127
             19            101          516.8       0.836517       0.793127
             20            224          563.2       0.715447       0.793127
             21            167          593.6       0.780436       0.793127
             22            167          643.6        0.79398       0.793127
             23            146          720.8       0.831564       0.793127
             24            161          364.8         0.6938       0.793127
             25            134          500.2        0.78871       0.793127
             26            160            666       0.806295       0.793127
             27            247          174.6       0.414137       0.793127
             28            326          607.8       0.650889       0.793127
             29            207          676.6       0.765731       0.793127
             30            120            572        0.82659       0.793127
             31            201          587.8       0.745183       0.793127
             32            145            447       0.755068       0.793127
             33            441          319.8       0.420347       0.162597
             34            417          146.6       0.260114       0.162597
             35             91          574.8       0.863322       0.793127
             36             61          537.8        0.89813       0.793127
             37             96          475.8       0.832109       0.793127
             38            150            531       0.779736       0.793127
             39            181          483.8       0.727738       0.793127
             40            179          435.2       0.708564       0.793127
             41             87          605.6       0.874386       0.793127
             42             70            445       0.864078       0.793127
             43            174          370.2       0.680265       0.793127
             44            126          558.8       0.816005       0.793127
             45            119          621.2       0.839233       0.793127
             46            174          471.2       0.730316       0.793127
             47            386          479.8        0.55417       0.793127
             48            376          362.8       0.491067       0.793127
             49            350            274       0.439103       0.162597
             50            575             55      0.0873016       0.162597
             51            627           54.6      0.0801056       0.162597
             52            147          629.6       0.810713       0.793127
             53            108          534.4        0.83188       0.793127
             54            166          379.8       0.695859       0.793127
             55            175            594       0.772432       0.793127
             56            206          526.8       0.718886       0.793127
             57            191          515.8       0.729768       0.793127
             58            182          571.6       0.758493       0.793127
             59            413          111.4       0.212433       0.162597
             60            518           71.4        0.12114       0.162597
             61            824           -9.8     -0.0120364       0.162597
             62            529           99.2       0.157911       0.162597
             63            208          554.4       0.727177       0.793127
             64            240            487       0.669876       0.793127
             65            110            551       0.833585       0.793127
             66            351          523.8       0.598765       0.793127
             67            171          458.8       0.728485       0.793127
             68            113          441.4       0.796176       0.793127
             69            192          477.6       0.713262       0.793127
             70             95            546       0.851794       0.793127
             71            206          621.8       0.751148       0.793127
             72            315            210            0.4       0.162597
             73            594          192.2       0.244467       0.162597
             74            471          247.8       0.344741       0.162597
             75            416          168.8       0.288646       0.162597
             76            528          222.4       0.296375       0.162597
             77            197          584.6       0.747953       0.793127
             78             49          584.2       0.922615       0.793127
             79             51          639.8       0.926173       0.793127
             80            157          435.6       0.735066       0.793127
             81            185            618       0.769614       0.793127
             82            149          528.2       0.779976       0.793127
             83            446          170.8       0.276913       0.162597
             84            703          167.4       0.192325       0.162597
             85            569           66.2       0.104219       0.162597
             86            430            280       0.394366       0.162597
             87            162          558.6       0.775187       0.793127
             88            130            454       0.777397       0.793127
             89            139          431.2       0.756226       0.793127
             90            235            595       0.716867       0.793127
             91            175            558       0.761255       0.793127
             92            288          818.4       0.739696       0.793127
             93            396          380.8       0.490216       0.793127
             94            298          416.4       0.582867       0.793127
             95            181          598.8       0.767889       0.793127
             96            170            430       0.716667       0.793127
             97            103          532.4       0.837897       0.793127
             98            129          602.2       0.823578       0.793127
             99            230            615       0.727811       0.793127
            100            155            546       0.778887       0.793127
            101            144          389.2       0.729932       0.793127
            102            217          441.6       0.670513       0.793127
            103            190            494       0.722222       0.793127
            104            184          559.2       0.752422       0.793127
            105            422          316.6       0.428649       0.793127
            106            149          502.2       0.771192       0.793127
            107            488          179.4       0.268804       0.162597
            108            565            168       0.229195       0.162597
            109            155            493       0.760802       0.793127
            110            412          140.6       0.254434       0.162597
            111            526          -50.2      -0.105507       0.162597
            112            585             69       0.105505       0.162597
            113            534           32.2      0.0568704       0.162597
            114            415            293       0.413842       0.162597
            115             76          590.8       0.886023       0.793127
            116            173          518.4       0.749783       0.793127
            117            245            428       0.635958       0.793127
            118            567           93.6       0.141689       0.162597
            119            641           -0.2    -0.00031211       0.162597
            120           1013           30.4      0.0291355       0.162597
            121             68          616.4       0.900643       0.793127
            122            335            531       0.613164       0.793127
            123            438          179.4       0.290573       0.162597
            124            124          543.2       0.814149       0.793127
            125            192          632.6        0.76716       0.793127
            126            -13          653.6        1.02029       0.793127
            127             81          578.8       0.877236       0.793127
            128             87          560.6       0.865658       0.793127
            129            192          648.6       0.771592       0.793127
            130            213          574.4       0.729489       0.793127
            131             72          655.6       0.901045       0.793127
            132            158          594.4       0.790005       0.793127
            133            135            558       0.805195       0.793127
            134             45            551       0.924497       0.793127
            135            145            562       0.794908       0.793127
            136            164          636.2       0.795051       0.793127
            137            195            637       0.765625       0.793127
            138            111          614.8       0.847065       0.793127
            139            116          482.8       0.806279       0.793127
            140            169          460.2       0.731405       0.793127
            141            191          549.8       0.742171       0.793127
            142            120            592       0.831461       0.793127
            143            260            318       0.550173       0.793127
            144            254          569.2       0.691448       0.793127
            145            485             82       0.144621       0.162597
            146            483          196.4       0.289079       0.162597
            147            200            546       0.731903       0.793127
            148            124          533.2       0.811321       0.793127
            149            297          486.6        0.62098       0.793127
            150            140            509       0.784284       0.793127
            151            169          669.2       0.798377       0.793127
            152            223          678.4       0.752607       0.793127
            153            120            719       0.856973       0.793127
            154             98          581.4       0.855755       0.793127
            155            116          378.8       0.765562       0.793127
            156            122          474.6       0.795508       0.793127
            157            225            585       0.722222       0.793127
            158            162          623.6       0.793788       0.793127
            159             96          555.8       0.852716       0.793127
            160            158          471.4       0.748967       0.793127
            161            133          686.4       0.837686       0.793127
            162             82          629.6       0.884767       0.793127
            163             70            534       0.884106       0.793127
            164            123          572.4       0.823123       0.793127
            165            201          629.8       0.758065       0.793127
            166            157          648.6       0.805114       0.793127
            167             97          758.6       0.886629       0.793127
            168            197          499.6       0.717198       0.793127
            169            489           52.2      0.0964523       0.162597
            170            631          101.8       0.138919       0.162597
            171            283          448.4       0.613071       0.793127
            172            153          510.4        0.76937       0.793127
            173            110            510       0.822581       0.793127
            174            237          745.6       0.758803       0.793127
            175            111          564.8        0.83575       0.793127
            176            485            106       0.179357       0.162597
            177            578          122.4       0.174757       0.162597
            178            126          545.8       0.812444       0.793127
            179            352          345.6       0.495413       0.793127
            180            130            795       0.859459       0.793127
            181             97          546.6       0.849285       0.793127
            182            170            656       0.794189       0.793127
            183             94          607.2       0.865944       0.793127
            184            122          624.6       0.836593       0.793127
            185            108          666.4       0.860537       0.793127
            186            355            271       0.432907       0.162597
            187            423           76.4       0.152984       0.162597
            188            542           26.6      0.0467816       0.162597
            189            468           40.4       0.079465       0.162597
            190            511           76.8       0.130657       0.162597
            191            137          663.6       0.828878       0.793127
            192            126          342.8       0.731229       0.793127
            193            453          287.4       0.388169       0.162597
            194             19          564.2       0.967421       0.793127
            195            270            529       0.662078       0.793127
            196            255            284       0.526902       0.793127
            197            173          648.4       0.789384       0.793127
            198            104          631.2       0.858542       0.793127
            199            142          597.6       0.808004       0.793127
            200            154          486.2        0.75945       0.793127
            201            102          650.6        0.86447       0.793127
            202            109          548.2       0.834145       0.793127
            203            611           84.8       0.121874       0.162597
            204            474          117.2       0.198241       0.162597
            205            667           -3.4    -0.00512357       0.162597
            206            657           -4.4    -0.00674226       0.162597
            207            619          134.2       0.178173       0.162597
            208            205            345       0.627273       0.793127
            209             81          587.8       0.878888       0.793127
            210            150            599       0.799733       0.793127
            211            113          610.4       0.843793       0.793127
            212             92          460.6       0.833514       0.793127
            213            159          422.2       0.726428       0.793127
            214            133          465.4       0.777741       0.793127
            215            430            269       0.384835       0.162597
            216            243          409.4       0.627529       0.793127
            217            182          491.6        0.72981       0.793127
            218            120            611       0.835841       0.793127
            219            163          428.4       0.724383       0.793127
            220            228          557.4       0.709702       0.793127
            221            194          420.2       0.684142       0.793127
            222            130            265       0.670886       0.793127
            223            117          475.6       0.802565       0.793127
            224            182          632.6       0.776577       0.793127
            225            139          501.2        0.78288       0.793127
            226             57          559.6       0.907558       0.793127
            227            219          376.2       0.632056       0.793127
            228            179          488.2       0.731715       0.793127
            229            134          489.2       0.784981       0.793127
            230            202          453.6       0.691885       0.793127
            231            123          522.4       0.809421       0.793127
            232            136          536.8        0.79786       0.793127
            233            255            503       0.663588       0.793127
            234            601          -61.2      -0.113375       0.162597
            235            467           53.6       0.102958       0.162597
            236            248          355.4       0.588996       0.793127
            237            160            593       0.787517       0.793127
            238            133          404.4       0.752512       0.793127
            239            176          634.8        0.78293       0.793127
            240            116          625.8       0.843624       0.793127
            241             89          643.2       0.878449       0.793127
            242            124          433.2       0.777459       0.793127
            243            114          582.2       0.836254       0.793127
            244             54          638.2       0.921988       0.793127
            245             56          653.8       0.921105       0.793127
            246            397          277.6       0.411503       0.162597
            247            104          594.2       0.851046       0.793127
            248             68          667.4       0.907533       0.793127
            249            164          561.2       0.773855       0.793127
            250            147          646.6       0.814768       0.793127
            251            128          608.4       0.826181       0.793127
            252            121          587.8       0.829289       0.793127
            253            198          661.4       0.769607       0.793127
            254            264          170.2       0.391985       0.162597
            255            567           78.6       0.121747       0.162597
            256            638          -67.6      -0.118513       0.162597
            257            347          308.6       0.470714       0.793127
            258            153          590.4       0.794189       0.793127
            259            243          354.4       0.593237       0.793127
            260            535            -21      -0.040856       0.162597
            261            580             57      0.0894819       0.162597
            262             48          572.4       0.922631       0.793127
            263            137          457.6       0.769593       0.793127
            264            123          548.4       0.816801       0.793127
            265            565            128       0.184704       0.162597
            266            538           60.4       0.100936       0.162597
            267            508          110.4       0.178525       0.162597
            268            563          122.4       0.178582       0.162597
            269            249          338.2       0.575954       0.793127
            270             67          516.6       0.885195       0.793127
            271             99          456.2       0.821686       0.793127
            272            332          220.6       0.399204       0.162597
            273            691          -24.2     -0.0362927       0.162597
            274            126          397.8        0.75945       0.793127
            275            100            482       0.828179       0.793127
            276            109          578.2       0.841385       0.793127
            277             65            671       0.911685       0.793127
            278            294          603.2       0.672314       0.793127
            279            168          555.4       0.767763       0.793127
            280            138          598.4       0.812602       0.793127
            281             83          677.4       0.890847       0.793127
            282            605             54      0.0819423       0.162597
            283            223          520.4       0.700027       0.793127
            284            316          299.8       0.486846       0.793127
            285            389          372.2       0.488965       0.793127
            286            107          688.6        0.86551       0.793127
            287             91          666.8       0.879916       0.793127
            288             74          610.2       0.891844       0.793127
            289            190            403       0.679595       0.793127
            290            453           94.4       0.172452       0.162597
            291            249          399.2       0.615859       0.793127
            292            694          -22.8      -0.033969       0.162597
            293            543          200.4       0.269572       0.162597
            294            547          -80.4       -0.17231       0.162597
            295            525            151       0.223373       0.162597
            296            529          176.2       0.249858       0.162597
            297            559          196.2       0.259799       0.162597
            298            477            7.6       0.015683       0.162597
            299            428          260.4       0.378268       0.162597
            300            108          461.4       0.810327       0.793127
            301             98          571.4         0.8536       0.793127
            302            198          490.4       0.712377       0.793127
            303            174          458.2       0.724771       0.793127
            304            136          463.8       0.773258       0.793127
            305             59          764.2       0.928328       0.793127
            306             94          582.2       0.860988       0.793127
            307             95            540       0.850394       0.793127
            308             88          564.4       0.865113       0.793127
            309            106          469.8       0.815908       0.793127
            310            205            465        0.69403       0.793127
            311            510            -32     -0.0669456       0.162597
            312            437          222.6       0.337477       0.162597
            313            124          588.2       0.825892       0.793127
            314            167          514.6       0.754988       0.793127
            315             84          685.2       0.890796       0.793127
            316             67          743.6       0.917345       0.793127
            317            117          512.6       0.814168       0.793127
            318             87          720.6       0.892273       0.793127
            319             72          604.6       0.893586       0.793127
            320            152          460.6       0.751877       0.793127
            321            164          580.2       0.779629       0.793127
            322            103          622.4       0.858009       0.793127
            323            117          653.6        0.84817       0.793127
            324             56          540.8       0.906166       0.793127
            325            195            643       0.767303       0.793127
            326            117          678.6       0.852941       0.793127
            327            164          578.2       0.779035       0.793127
            328             15            497       0.970703       0.793127
            329            145            640       0.815287       0.793127
            330             74          528.2       0.877117       0.793127
            331            175            213       0.548969       0.793127
            332            200            401       0.667221       0.793127
            333            101          550.8       0.845044       0.793127
            334            132          527.6       0.799879       0.793127
            335            141          607.8       0.811699       0.793127
            336            114          500.2       0.814393       0.793127
            337             73          562.4       0.885112       0.793127
            338             59          654.2       0.917274       0.793127
            339            158          290.4       0.647636       0.793127
            340            566           65.8       0.104147       0.162597
            341             66          480.8       0.879298       0.793127
            342             22          641.6       0.966847       0.793127
            343            115            551       0.827327       0.793127
            344            153          678.4       0.815973       0.793127
            345            161          614.8       0.792472       0.793127
            346             98          696.4       0.876636       0.793127
            347            121          595.8       0.831194       0.793127
            348            139          662.2        0.82651       0.793127
            349             98          655.4       0.869923       0.793127
            350             40            722       0.947507       0.793127
            351            115            633       0.846257       0.793127
            352            152          594.6        0.79641       0.793127
            353            128          503.4       0.797276       0.793127
            354            196          510.8       0.722694       0.793127
            355            180            605       0.770701       0.793127
            356            102          337.6       0.767971       0.793127
            357            245            411       0.626524       0.793127
            358            283          361.4       0.560832       0.793127
            359            123          635.4       0.837816       0.793127
            360            129          721.2       0.848271       0.793127
            361            193          548.4       0.739682       0.793127
            362            141          576.8       0.803566       0.793127
            363            362          202.6       0.358838       0.162597
            364            323          379.4       0.540148       0.793127
            365            465             26      0.0529532       0.162597
            366            162          519.6       0.762324       0.793127
            367            200            577         0.7426       0.793127
            368            132          512.6       0.795222       0.793127
            369             70            438       0.862205       0.793127
            370             70            600       0.895522       0.793127
            371            173          659.4       0.792167       0.793127
            372            142          606.6       0.810313       0.793127
            373            196          584.8       0.748975       0.793127
            374            122          841.6       0.873391       0.793127
            375             99          570.2       0.852062       0.793127
            376            111          693.8       0.862078       0.793127
            377            170            512       0.750733       0.793127
            378            118          667.4       0.849758       0.793127
            379            104          586.2       0.849319       0.793127
            380            135            585         0.8125       0.793127
            381            207          434.6       0.677369       0.793127
            382            105            569       0.844214       0.793127
            383            486          297.8       0.379944       0.162597
            384            560            107        0.16042       0.162597
            385            163          525.4       0.763219       0.793127
            386            148          572.4       0.794559       0.793127
            387             94          482.2       0.836862       0.793127
            388             84          740.2       0.898083       0.793127
            389             84          512.2       0.859108       0.793127
            390            384          130.2       0.253209       0.162597
            391            313          306.4       0.494672       0.793127
            392            153          427.4       0.736389       0.793127
            393            468          130.4       0.217914       0.162597
            394            235            318       0.575045       0.793127
            395            102          505.6       0.832126       0.793127
            396            161          506.8        0.75891       0.793127
            397            411          139.8       0.253813       0.162597
            398            569          329.2       0.366511       0.162597
            399            158          597.4       0.790839       0.793127
            400             95            709       0.881841       0.793127
            401            157          642.6       0.803652       0.793127
            402            106          536.8       0.835096       0.793127
            403            264          428.2       0.618607       0.793127
            404            435             81       0.156977       0.162597
            405            300            433       0.590723       0.793127
            406            118          493.4          0.807       0.793127
            407            120            516       0.811321       0.793127
            408            188          583.4       0.756287       0.793127
            409             68          616.4       0.900643       0.793127
            410             69          602.2       0.897199       0.793127
            411            168          558.4       0.768722       0.793127
            412            135            662       0.830615       0.793127
            413            164          596.2       0.784267       0.793127
            414            230            560       0.708861       0.793127
            415            143          493.4       0.775299       0.793127
            416             89          543.2       0.859222       0.793127
            417             50            721       0.935149       0.793127
            418             94          523.2       0.847699       0.793127
            419            119          530.2       0.816697       0.793127
            420            234          631.2       0.729542       0.793127
            421            172          619.6       0.782719       0.793127
            422            168          569.4       0.772172       0.793127
            423            178          525.4       0.746943       0.793127
            424            113          588.4       0.838894       0.793127
            425            299          194.2       0.393755       0.162597
            426            315            125       0.284091       0.162597
            427             68          633.4       0.903051       0.793127
            428            553          216.4       0.281258       0.162597
            429             89          481.2       0.843914       0.793127
            430            112          528.6       0.825164       0.793127
            431             79          602.2       0.884028       0.793127
            432            129          465.2       0.782901       0.793127
            433            475             24      0.0480962       0.162597
            434            616          131.8        0.17625       0.162597
            435            407          165.6       0.289207       0.162597
            436            135            335       0.712766       0.793127
            437            326           44.8        0.12082       0.162597
            438            607          149.6       0.197727       0.162597
            439            755             19      0.0245478       0.162597
            440            455              7      0.0151515       0.162597
            441            445             -6     -0.0136674       0.162597
            442            422           44.6      0.0955851       0.162597
            443            445              6      0.0133038       0.162597
            444            370            -41       -0.12462       0.162597
            445            550             -8     -0.0147601       0.162597
            446            538           83.4       0.134213       0.162597
            447            351           42.8       0.108685       0.162597
            448            298          366.4       0.551475       0.793127
            449            230            555       0.707006       0.793127
            450             85            608       0.877345       0.793127
            451            140            488        0.77707       0.793127
            452             70            355       0.835294       0.793127
            453            201          530.8       0.725335       0.793127
            454            130            466       0.781879       0.793127
            455            440             64       0.126984       0.162597
            456            499           52.2      0.0947025       0.162597
            457            541           55.8      0.0934987       0.162597
            458            494          -60.8      -0.140351       0.162597
            459            127          380.6       0.749803       0.793127
            460            111          613.8       0.846854       0.793127
            461            105            512       0.829822       0.793127
            462             98          509.4       0.838657       0.793127
            463             66          551.8       0.893169       0.793127
            464            206          282.8        0.57856       0.793127
            465            367           -6.4     -0.0177482       0.162597
            466            428          163.4       0.276294       0.162597
            467            177          475.6       0.728777       0.793127
            468            100            485        0.82906       0.793127
            469            109          499.2       0.820783       0.793127
            470             95            599       0.863112       0.793127
            471              5            476       0.989605       0.793127
            472            135            627       0.822835       0.793127
            473            121          504.8       0.806647       0.793127
            474             19          473.2       0.961398       0.793127
            475            252          372.6       0.596542       0.793127
            476            229          396.2       0.633717       0.793127
            477             49          467.2       0.905076       0.793127
            478             87          400.6       0.821575       0.793127
            479            353          215.4       0.378958       0.162597
            480            354           86.2        0.19582       0.162597
            481            173          451.4       0.722934       0.793127
            482            338          156.4       0.316343       0.162597
            483            294          241.2       0.450673       0.162597
            484            117          413.6       0.779495       0.793127
            485             38          436.4       0.919899       0.793127
            486             75            349       0.823113       0.793127
            487             93          444.4       0.826945       0.793127
            488             62          433.6       0.874899       0.793127
            489            192          433.6       0.693095       0.793127
            490            110            438        0.79927       0.793127
            491             98          598.4       0.859276       0.793127
            492            104          412.2       0.798528       0.793127
            493            144          451.2       0.758065       0.793127
            494             56          457.8       0.891008       0.793127
            495            119          621.2       0.839233       0.793127
            496            102          423.6       0.805936       0.793127
            497             99          544.2       0.846082       0.793127
            498            147          408.6       0.735421       0.793127
            499            165            420       0.717949       0.793127
            500            217          370.6       0.630701       0.793127
            501            181          186.8       0.507885       0.793127
            502            375            -12     -0.0330579       0.162597
            503            373          149.4       0.285988       0.162597
            504            114          516.2       0.819105       0.793127
            505            124          364.2       0.746006       0.793127
            506            373          217.4       0.368225       0.162597
            507             98          427.4       0.813475       0.793127
            508             64          461.2       0.878142       0.793127
            509             99          392.2       0.798453       0.793127
            510            106          562.8       0.841507       0.793127
            511             61          449.8       0.880579       0.793127
            512             91          435.8       0.827259       0.793127
            513            181          351.8       0.660285       0.793127
            514            128          453.4       0.779842       0.793127
            515             79          401.2       0.835485       0.793127
            516            148          551.4        0.78839       0.793127
            517             99          389.2       0.797214       0.793127
            518            144          392.2       0.731443       0.793127
            519            112          280.6       0.714722       0.793127
            520            573           50.4       0.080847       0.162597
            521            250            188       0.429224       0.162597
            522             74          482.2       0.866954       0.793127
            523             92          569.6       0.860943       0.793127
            524            138          583.4       0.808705       0.793127
            525             69          529.2       0.884654       0.793127
            526             71          444.8        0.86235       0.793127
            527            184          352.2       0.656844       0.793127
            528            195            216       0.525547       0.793127
            529            517           34.6      0.0627266       0.162597
            530            103          472.4       0.820994       0.793127
            531             71          419.8       0.855338       0.793127
            532            112          379.6       0.772172       0.793127
            533             69          602.2       0.897199       0.793127
            534             76          543.8        0.87738       0.793127
            535             98          499.4       0.835956       0.793127
            536            131          409.8       0.757766       0.793127
            537             62          545.6       0.897959       0.793127
            538            242          343.6       0.586749       0.793127
            539            177          421.6        0.70431       0.793127
            540             98          470.4       0.827586       0.793127
            541             63          470.4        0.88189       0.793127
            542             92          433.6       0.824962       0.793127
            543             51          432.8       0.894585       0.793127
            544             85            460       0.844037       0.793127
            545            110            528       0.827586       0.793127
            546            169          403.2       0.704649       0.793127
            547             81          504.8       0.861728       0.793127
            548            113          457.4       0.801893       0.793127
            549             21          645.8       0.968506       0.793127
            550            255            287        0.52952       0.793127
            551            106          377.8       0.780901       0.793127
            552            104          331.2       0.761029       0.793127
            553            232          171.6       0.425173       0.162597
            554            421           -0.2   -0.000475285       0.162597
            555            420            141       0.251337       0.162597
            556            484           28.2      0.0550566       0.162597
            557            480             50      0.0943396       0.162597
            558            437           63.6       0.127048       0.162597
            559            419           39.2      0.0855522       0.162597
            560            476          151.8       0.241797       0.162597
            561            524          -46.8     -0.0980721       0.162597
            562             69          453.2       0.867867       0.793127
            563            123          422.4       0.774477       0.793127
            564             48          493.4       0.911341       0.793127
            565             69          326.2       0.825405       0.793127
            566             95            507       0.842193       0.793127
            567             84          315.2       0.789579       0.793127
            568             67          497.6       0.881332       0.793127
            569             74          493.2       0.869535       0.793127
            570            303          143.4       0.321237       0.162597
            571            455             30      0.0618557       0.162597
            572            194          187.2       0.491081       0.793127
            573            174          321.2       0.648627       0.793127
            574             63          512.4       0.890511       0.793127
            575            122          372.6       0.753336       0.793127
            576             58          261.4        0.81841       0.793127
            577             41           75.8       0.648973       0.793127
            578             70            526        0.88255       0.793127
            579            146          263.8       0.643729       0.793127
            580            114          470.2       0.804861       0.793127
            581            186          550.8       0.747557       0.793127
            582            429          -17.8     -0.0432879       0.162597
            583            401           43.8      0.0984712       0.162597
            584            141          337.8       0.705514       0.793127
            585             73          345.4       0.825526       0.793127
            586             71          337.8       0.826321       0.793127
            587             10            302       0.967949       0.793127
            588            150            357       0.704142       0.793127
            589             89          352.2       0.798277       0.793127
            590            122          667.6       0.845491       0.793127
            591             82          609.6       0.881434       0.793127
            592            174          462.2       0.726501       0.793127
            593            145            198       0.577259       0.793127
            594            288          -75.6      -0.355932       0.162597
            595            409          216.2       0.345809       0.162597
            596            100            490       0.830508       0.793127
            597            135            431       0.761484       0.793127
            598            131          390.8       0.748946       0.793127
            599             51          443.8       0.896928       0.793127
            600            119          319.2       0.728435       0.793127
            601             83          337.4       0.802569       0.793127
            602            127          394.6       0.756518       0.793127
            603             90            374       0.806034       0.793127
            604            206          328.8       0.614809       0.793127
            605             98          451.4       0.821624       0.793127
            606             96          441.8       0.821495       0.793127
            607             74          447.2        0.85802       0.793127
            608            113          490.4       0.812728       0.793127
            609            191          400.8       0.677256       0.793127
            610            114          438.2       0.793553       0.793127
            611            120            446       0.787986       0.793127
            612            124          377.2       0.752594       0.793127
            613             64          473.2       0.880864       0.793127
            614            128          318.4       0.713262       0.793127
            615            164          441.2       0.729015       0.793127
            616            100            454       0.819495       0.793127
            617            133          497.4       0.789023       0.793127
            618            344          152.2       0.306731       0.162597
            619            293          154.4       0.345105       0.162597
            620             97          354.6       0.785208       0.793127
            621            405            272       0.401773       0.162597
            622            342           29.6      0.0796555       0.162597
            623            368           86.4       0.190141       0.162597
            624             49          389.2       0.888179       0.793127
            625             97          468.6       0.828501       0.793127
            626             80            581       0.878971       0.793127
            627            211          340.8       0.617615       0.793127
            628             41          356.8       0.896933       0.793127
            629            128          435.4       0.772808       0.793127
            630             57          433.6       0.883816       0.793127
            631            147          482.6       0.766518       0.793127
            632            211          256.8       0.548953       0.793127
            633             64          538.2       0.893723       0.793127
            634            130            318       0.709821       0.793127
            635            322          -13.4     -0.0434219       0.162597
            636            426           84.8       0.166014       0.162597
            637             93          337.4       0.783922       0.793127
            638             82          503.6       0.859973       0.793127
            639             99          646.2        0.86715       0.793127
            640             33          443.4        0.93073       0.793127
            641             50            506       0.910072       0.793127
            642             71          449.8       0.863671       0.793127
            643             84          444.2       0.840969       0.793127
            644             93          403.4       0.812651       0.793127
            645            123          397.4       0.763643       0.793127
            646            122          609.6       0.833242       0.793127
            647            119          467.2       0.796998       0.793127
            648            144          453.2       0.758875       0.793127
            649             52          554.6       0.914276       0.793127
            650             43          562.4       0.928973       0.793127
            651            151          404.8        0.72832       0.793127
            652            144          442.2        0.75435       0.793127
            653             95            573       0.857784       0.793127
            654            161          578.8       0.782374       0.793127
            655            150            489       0.765258       0.793127
            656             78          473.4       0.858542       0.793127
            657            109          413.2       0.791268       0.793127
            658             84          458.2       0.845076       0.793127
            659             79          348.2       0.815075       0.793127
            660            253          110.4       0.303797       0.162597
            661            177          500.6       0.738784       0.793127
            662            114          589.2       0.837884       0.793127
            663             83          484.4       0.853719       0.793127
            664            101          298.8       0.747374       0.793127
            665            128          518.4        0.80198       0.793127
            666             19          501.2       0.963476       0.793127
            667            131          451.8       0.775223       0.793127
            668             46          378.8       0.891714       0.793127
            669            220            209       0.487179       0.793127
            670            104          207.2        0.66581       0.793127
            671            333          105.4        0.24042       0.162597
            672            215            194       0.474328       0.793127
            673            105            564       0.843049       0.793127
            674             93          433.4       0.823328       0.793127
            675             86          481.8       0.848538       0.793127
            676            112          328.6       0.745801       0.793127
            677            127          364.6        0.74166       0.793127
            678             81          423.8        0.83954       0.793127
            679            317          317.6       0.500473       0.793127
            680             69          595.2       0.896116       0.793127
            681             55            434       0.887526       0.793127
            682             85            494       0.853195       0.793127
            683            184          214.2       0.537921       0.793127
            684            447          -34.4     -0.0833737       0.162597
            685            402           47.6       0.105872       0.162597
            686            319          -37.8      -0.134424       0.162597
            687             51          364.8       0.877345       0.793127
            688            155            211       0.576503       0.793127
            689             96          446.8       0.823139       0.793127
            690            463          -21.6     -0.0489352       0.162597
            691            433          118.4       0.214726       0.162597
            692            294           61.2       0.172297       0.162597
            693            434          -41.8      -0.106578       0.162597
            694            358          330.4       0.479954       0.793127
            695             87          339.6       0.796062       0.793127
            696             56          505.8        0.90032       0.793127
            697            153          402.4       0.724523       0.793127
            698             62          530.6       0.895376       0.793127
            699            142          249.6       0.637385       0.793127
            700             70            389       0.847495       0.793127
            701             86          509.8       0.855656       0.793127
            702            199          136.2       0.406325       0.162597
            703            188          285.4       0.602873       0.793127
            704             80            489       0.859402       0.793127
            705             87          383.6        0.81513       0.793127
            706            193          164.4       0.459989       0.162597
            707            413           67.4         0.1403       0.162597
            708            325            -16     -0.0517799       0.162597
            709            348           20.4      0.0553746       0.162597
            710            160            401       0.714795       0.793127
            711             40            285       0.876923       0.793127
            712            163          436.4       0.728061       0.793127
            713             53          504.4       0.904916       0.793127
            714            127          442.6       0.777037       0.793127
            715            141          456.8       0.764135       0.793127
            716             71          293.8       0.805373       0.793127
            717            106          418.8       0.798018       0.793127
            718            113          453.4       0.800494       0.793127
            719            159          415.2       0.723093       0.793127
            720             77          332.6       0.812012       0.793127
            721             46          231.8       0.834413       0.793127
            722              4          346.2       0.988578       0.793127
            723            132          424.6       0.762846       0.793127
            724            115            416       0.783427       0.793127
            725             26          412.8       0.940747       0.793127
            726             31          435.8        0.93359       0.793127
            727            136          345.8       0.717725       0.793127
            728            323           40.4       0.111172       0.162597
            729            410            -36     -0.0962567       0.162597
            730            361           25.8      0.0667011       0.162597
            731             74          468.2       0.863519       0.793127
            732            186          318.8       0.631537       0.793127
            733            244          175.2       0.417939       0.793127
            734             92          426.6       0.822599       0.793127
            735            117          702.6       0.857247       0.793127
            736             56          439.8       0.887051       0.793127
            737            103          563.4       0.845438       0.793127
            738            107          579.6        0.84416       0.793127
            739            110            604       0.845938       0.793127
            740             55            497       0.900362       0.793127
            741            156          750.8       0.827966       0.793127
            742             97          589.6       0.858724       0.793127
            743            185            508       0.733045       0.793127
            744             86          688.8       0.889004       0.793127
            745            125            616       0.831309       0.793127
            746             78          457.4       0.854315       0.793127
            747             72          518.6        0.87809       0.793127
            748            210            162       0.435484       0.162597
            749            337           97.6       0.224574       0.162597
            750            201          361.8       0.642857       0.793127
            751             99          502.2       0.835329       0.793127
            752             89          580.2       0.867005       0.793127
            753            141          560.8       0.799088       0.793127
            754            199          387.2       0.660525       0.793127
            755            430             38      0.0811966       0.162597
            756            406           83.8        0.17109       0.162597
            757            409          103.2       0.201484       0.162597
            758            357          205.6       0.365446       0.162597
            759            100            750       0.882353       0.793127
            760            112          575.6       0.837115       0.793127
            761             81          540.8       0.869733       0.793127
            762             74          417.2       0.849349       0.793127
            763             26          582.8       0.957293       0.793127
            764             79          524.2       0.869032       0.793127
            765            150            520       0.776119       0.793127
            766            112          514.6       0.821258       0.793127
            767            310            277       0.471891       0.793127
            768            385            -15     -0.0405405       0.162597
            769            466          -16.2      -0.036016       0.162597
            770            381           29.8      0.0725414       0.162597
            771            336          -14.2     -0.0441268       0.162597
            772            328           84.4       0.204656       0.162597
            773            455            127       0.218213       0.162597
            774            268          357.4       0.571474       0.793127
            775            103          652.4       0.863648       0.793127
            776            107          608.6       0.850475       0.793127
            777            144          478.2       0.768563       0.793127
            778            123          580.4       0.825135       0.793127
            779            134          639.2       0.826694       0.793127
            780            468           59.4       0.112628       0.162597
            781            497          176.6       0.262173       0.162597
            782            159          491.2        0.75546       0.793127
            783             77          705.6        0.90161       0.793127
            784             66          718.8       0.915902       0.793127
            785             57          590.6       0.911983       0.793127
            786             69          469.2       0.871795       0.793127
            787            104          800.2       0.884981       0.793127
            788             -2          581.4        1.00345       0.793127
            789            205            429       0.676656       0.793127
            790            454           68.2       0.130601       0.162597
            791            215            454       0.678625       0.793127
            792             43          599.4       0.933064       0.793127
            793             95            383       0.801255       0.793127
            794             81          632.8       0.886523       0.793127
            795            431          114.8       0.210333       0.162597
            796            403          112.4       0.218083       0.162597
            797            410            -57      -0.161473       0.162597
            798            251          462.8       0.648361       0.793127
            799            285            287       0.501748       0.793127
            800            274          456.2        0.62476       0.793127
            801            104          649.2       0.861922       0.793127
            802            151          471.8       0.757547       0.793127
            803            236          496.8       0.677948       0.793127
            804            142          592.6       0.806698       0.793127
            805             74          569.2        0.88495       0.793127
            806            111          613.8       0.846854       0.793127
            807            117          576.6       0.831315       0.793127
            808             30            478       0.940945       0.793127
            809            130            692       0.841849       0.793127
            810            104          536.2       0.837551       0.793127
            811             83          531.4       0.864909       0.793127
            812            111          321.8        0.74353       0.793127
            813             77          120.6       0.610324       0.793127
            814            121          602.8       0.832827       0.793127
            815             85            531       0.862013       0.793127
            816             77          730.6       0.904656       0.793127
            817            113          526.4       0.823272       0.793127
            818             88          438.4       0.832827       0.793127
            819            138          586.4       0.809498       0.793127
            820             78          503.4       0.865841       0.793127
            821            119          627.2       0.840525       0.793127
            822             89          583.2       0.867599       0.793127
            823             71          579.8       0.890904       0.793127
            824            103          595.4        0.85252       0.793127
            825            105            738       0.875445       0.793127
            826            139          608.2       0.813972       0.793127
            827             73          748.4       0.911127       0.793127
            828             40            677       0.944212       0.793127
            829            126          543.8       0.811884       0.793127
            830             87          731.6       0.893721       0.793127
            831             81          602.8       0.881544       0.793127
            832             86          536.8       0.861914       0.793127
            833             90            591       0.867841       0.793127
            834            105            447       0.809783       0.793127
            835            116          589.8       0.835647       0.793127
            836            109          553.2       0.835397       0.793127
            837            133          652.4        0.83066       0.793127
            838            162          585.6       0.783307       0.793127
            839             45            505       0.918182       0.793127
            840              3          606.4       0.995077       0.793127
            841             44          519.2       0.921875       0.793127
            842            129          557.2       0.812008       0.793127
            843            121          505.8       0.806956       0.793127
            844             48          570.4        0.92238       0.793127
            845             80            583       0.879336       0.793127
            846            107          670.6       0.862397       0.793127
            847            142          531.6       0.789192       0.793127
            848            396           97.8       0.198056       0.162597
            849             88          540.4       0.859962       0.793127
            850            173          247.4       0.588487       0.793127
            851             74          574.2       0.885838       0.793127
            852             99          427.2       0.811859       0.793127
            853            319           38.2       0.106943       0.162597
            854            559          -21.8     -0.0405808       0.162597
            855            403          -16.6     -0.0429607       0.162597
            856            430            131       0.233512       0.162597
            857            173          515.4       0.748693       0.793127
            858            136          600.8       0.815418       0.793127
            859             22          625.6       0.966028       0.793127
            860             98          688.4       0.875381       0.793127
            861            111          706.8        0.86427       0.793127
            862             74          609.2       0.891686       0.793127
            863            145            351       0.707661       0.793127
            864            326           71.8       0.180493       0.162597
            865            107          604.6       0.849635       0.793127
            866            306          130.8       0.299451       0.162597
            867            414           11.2      0.0263405       0.162597
            868            332          110.6       0.249887       0.162597
            869            373          -15.6     -0.0436486       0.162597
            870             88          532.4       0.858156       0.793127
            871            146          339.8       0.699465       0.793127
            872             81          424.8       0.839858       0.793127
            873            100            497       0.832496       0.793127
            874            -11          572.2         1.0196       0.793127
            875            371          210.8       0.362324       0.162597
            876            441           22.8      0.0491591       0.162597
            877            362          180.6       0.332842       0.162597
            878            300            226       0.429658       0.162597
            879            401           43.8      0.0984712       0.162597
            880            382           96.6       0.201839       0.162597
            881             98          563.4       0.851829       0.793127
            882            138          570.4       0.805195       0.793127
            883             76          500.8       0.868239       0.793127
            884             32          573.6        0.94716       0.793127
            885            239          315.2       0.568748       0.793127
            886              0            626              1       0.793127
            887             73          439.4       0.857533       0.793127
            888            121          535.8       0.815773       0.793127
            889             76          373.8       0.831036       0.793127
            890            251          386.8        0.60646       0.793127
            891            368          102.4       0.217687       0.162597
            892            332          277.6       0.455381       0.162597
            893            375            127       0.252988       0.162597
            894            372          125.6       0.252412       0.162597
            895            435              7      0.0158371       0.162597
            896            101          470.8       0.823365       0.793127
            897            145            383       0.725379       0.793127
            898            126          401.8       0.761273       0.793127
            899            128          482.4       0.790301       0.793127
            900            109          694.2       0.864293       0.793127
            901            138          556.4       0.801267       0.793127
            902             30            664       0.956772       0.793127
            903            190            524       0.733894       0.793127
            904             62          487.6       0.887191       0.793127
            905            128          527.4       0.804699       0.793127
            906            138          585.4       0.809234       0.793127
            907            172          618.6       0.782444       0.793127
            908             10            480       0.979592       0.793127
            909             98          546.4       0.847921       0.793127
            910             57          566.6       0.908595       0.793127
            911            123          665.4       0.843988       0.793127
            912            127          622.6       0.830576       0.793127
            913            185            247       0.571759       0.793127
            914             82          535.6       0.867228       0.793127
            915            212          580.6       0.732526       0.793127
            916            168          417.4       0.713017       0.793127
            917            356          143.8       0.287715       0.162597
            918            580            162       0.218329       0.162597
            919            404          -40.8      -0.112335       0.162597
            920            307           60.6       0.164853       0.162597
            921            178          275.4       0.607411       0.793127
            922             69          437.2        0.86369       0.793127
            923             78          509.4       0.867211       0.793127
            924            201          606.8       0.751176       0.793127
            925             86          425.8       0.831966       0.793127
            926            100            519       0.838449       0.793127
            927            103          522.4       0.835305       0.793127
            928            193          476.4       0.711682       0.793127
            929            221          363.8       0.622093       0.793127
            930            360            306       0.459459       0.793127
            931            168          545.4       0.764508       0.793127
            932            131           75.8       0.366538       0.162597
            933            143          427.4       0.749299       0.793127
            934             33          569.4       0.945219       0.793127
            935            209          445.2       0.680526       0.793127
            936             58          575.4       0.908431       0.793127
            937            132          506.6       0.793298       0.793127
            938            373          186.4       0.333214       0.162597
            939            113          490.4       0.812728       0.793127
            940            107          684.6       0.864831       0.793127
            941            117          551.6       0.825007       0.793127
            942             53          636.4       0.923122       0.793127
            943             81          520.8       0.865404       0.793127
            944             98          417.4       0.809856       0.793127
            945             88          507.4         0.8522       0.793127
            946            110            660       0.857143       0.793127
            947             99          591.2       0.856563       0.793127
            948             40            682       0.944598       0.793127
            949            146          594.8       0.802916       0.793127
            950            443           -4.6     -0.0104927       0.162597
            951            340             52       0.132653       0.162597
            952            372           60.6       0.140083       0.162597
            953            239          236.2       0.497054       0.793127
            954            -22          568.4        1.04026       0.793127
            955             99          434.2       0.814329       0.793127
            956            104          483.2       0.822888       0.793127
            957            341           56.8       0.142785       0.162597
            958            495            -58      -0.132723       0.162597
            959            266          322.8       0.548234       0.793127
            960            131          517.8       0.798089       0.793127
            961             49          427.2       0.897102       0.793127
            962             91          609.8       0.870148       0.793127
            963             84          469.2       0.848156       0.793127
            964            154          355.2       0.697565       0.793127
            965            127          371.6       0.745287       0.793127
            966            105            544       0.838213       0.793127
            967            226          309.8       0.578201       0.793127
            968            282          174.6       0.382392       0.162597
            969            469          -26.8     -0.0606061       0.162597
            970             66          580.8       0.897959       0.793127
            971             44          487.2       0.917169       0.793127
            972            153          434.4        0.73953       0.793127
            973            184          367.2       0.666183       0.793127
            974            110            408       0.787645       0.793127
            975             88          594.4       0.871043       0.793127
            976             68          613.4       0.900205       0.793127
            977            252          292.6       0.537275       0.793127
            978            356           56.8       0.137597       0.162597
            979            315             34      0.0974212       0.162597
            980            117          620.6       0.841377       0.793127
            981             96          591.8       0.860425       0.793127
            982             42          574.6       0.931885       0.793127
            983             -2          640.4        1.00313       0.793127
            984             53          473.4       0.899316       0.793127
            985            185            617       0.769327       0.793127
            986             62          500.6       0.889797       0.793127
            987            146          496.8       0.772869       0.793127
            988             47          579.6       0.924992       0.793127
            989             32          460.6       0.935039       0.793127
            990             75            580       0.885496       0.793127
            991             90            587       0.867061       0.793127
            992             92          608.6       0.868684       0.793127
            993             64          771.2       0.923372       0.793127
            994            165            558       0.771784       0.793127
            995             51          550.8       0.915254       0.793127
            996             36          436.8       0.923858       0.793127
            997            161          424.8       0.725162       0.793127
            998            103          515.4       0.833441       0.793127
            999             95            451       0.826007       0.793127
           1000            102          494.6       0.829031       0.793127
           1001             95            481       0.835069       0.793127
           1002             64          560.2       0.897469       0.793127
           1003            169          453.2       0.728383       0.793127
           1004            111          523.8       0.825142       0.793127
           1005            182          473.6       0.722392       0.793127
           1006             94          517.2       0.846204       0.793127
           1007             54          661.2       0.924497       0.793127
           1008            145            617       0.809711       0.793127
           1009            381          233.8       0.380286       0.162597
           1010            419           13.2      0.0305414       0.162597
           1011            378          211.4        0.35867       0.162597
           1012            102          471.6       0.822176       0.793127
           1013            333          185.4       0.357639       0.162597
           1014             69          485.2       0.875496       0.793127
           1015            125            361       0.742798       0.793127
