              0         385.26        608.128       0.612176       0.392902
              1         611.26        345.928         0.3614       0.392902
              2          72.26        975.728       0.931049       0.922372
              3         141.26        958.928       0.871604       0.922372
              4          88.26        928.528       0.913197       0.922372
              5          13.26        1022.53       0.987198       0.922372
              6         110.26        1161.13       0.913276       0.922372
              7         124.26        942.328       0.883498       0.922372
              8          18.26        1141.53       0.984256       0.922372
              9         330.26        597.128       0.643882       0.922372
             10         147.26        850.728       0.852443       0.922372
             11         242.26        1039.73       0.811028       0.922372
             12         412.26        621.728       0.601291       0.392902
             13         554.26        341.328       0.381122       0.392902
             14         536.26        300.928       0.359451       0.392902
             15         437.26        317.728       0.420838       0.392902
             16         113.26        1367.53       0.923514       0.922372
             17         218.26        984.528       0.818538       0.922372
             18         121.26        1252.93       0.911759       0.922372
             19         255.26        831.128       0.765038       0.922372
             20         265.26        509.128       0.657459       0.922372
             21          47.26        751.728        0.94085       0.922372
             22         114.26        981.328       0.895709       0.922372
             23         208.26        957.528       0.821357       0.922372
             24         417.26        344.728       0.452406       0.392902
             25         386.26        270.928       0.412253       0.392902
             26         697.26        280.728       0.287046       0.392902
             27         221.26        843.928       0.792281       0.922372
             28          24.26        943.328       0.974927       0.922372
             29          79.26        989.328       0.925827       0.922372
             30         335.26        631.128       0.653079       0.922372
             31         491.26        285.928       0.367901       0.392902
             32         724.26        142.328        0.16424       0.392902
             33         526.26        169.928       0.244083       0.392902
             34         519.26        402.328        0.43656       0.392902
             35         126.26        1105.93       0.897532       0.922372
             36          30.26        1138.13       0.974101       0.922372
             37         160.26        1156.13       0.878258       0.922372
             38         166.26        1304.93       0.886989       0.922372
             39         119.26        928.328       0.886158       0.922372
             40          85.26        970.128       0.919215       0.922372
             41         156.26        1142.93       0.879725       0.922372
             42          66.26        1037.93       0.939992       0.922372
             43         125.26        1133.13        0.90046       0.922372
             44          41.26        994.928       0.960181       0.922372
             45          80.26        1046.13       0.928746       0.922372
             46          94.26        966.328       0.911125       0.922372
             47         110.26        917.128       0.892679       0.922372
             48         113.26        991.528       0.897483       0.922372
             49         102.26        1001.73       0.907372       0.922372
             50          88.26        1029.53        0.92104       0.922372
             51          52.26        937.728       0.947211       0.922372
             52          26.26        1273.93       0.979803       0.922372
             53          67.26        1071.73       0.940948       0.922372
             54          57.26        901.728       0.940291       0.922372
             55         166.26        986.928       0.855826       0.922372
             56         143.26        1050.53       0.879995       0.922372
             57          59.26        1144.33       0.950764       0.922372
             58         223.26        698.528       0.757797       0.922372
             59         656.26        226.928       0.256942       0.392902
             60         553.26        147.528       0.210517       0.392902
             61         249.26        861.328        0.77556       0.922372
             62          17.26        934.728        0.98187       0.922372
             63          82.26        1013.73       0.924944       0.922372
             64          63.26        1015.53        0.94136       0.922372
             65          62.26        981.728       0.940363       0.922372
             66         117.26        1012.73       0.896229       0.922372
             67         136.26        1020.93       0.882249       0.922372
             68         127.26        989.728       0.886069       0.922372
             69          70.26        1057.13       0.937679       0.922372
             70         113.26        914.528       0.889802       0.922372
             71          85.26        1156.13       0.931319       0.922372
             72         100.26        1327.13        0.92976       0.922372
             73          60.26        853.128       0.934026       0.922372
             74         110.26        1058.13       0.905631       0.922372
             75          26.26        883.928       0.971149       0.922372
             76          74.26        1064.33       0.934779       0.922372
             77         124.26        1230.33       0.908267       0.922372
             78         206.26        855.928       0.805816       0.922372
             79         566.26        206.928        0.26763       0.392902
             80         446.26        550.928       0.552482       0.392902
             81          91.26        1195.93       0.929101       0.922372
             82         133.26        947.528       0.876701       0.922372
             83          34.26        1128.33       0.970531       0.922372
             84          87.26        865.728       0.908435       0.922372
             85          45.26        1081.13       0.959818       0.922372
             86          63.26        914.528       0.935303       0.922372
             87          35.26        1022.13       0.966654       0.922372
             88          21.26        910.928       0.977193       0.922372
             89         458.26        477.528       0.510295       0.392902
             90         365.26        516.128       0.585585       0.392902
             91         360.26        571.128       0.613201       0.392902
             92         116.26        1078.93       0.902727       0.922372
             93         131.26        1035.93       0.887542       0.922372
             94          79.26        1128.33       0.934365       0.922372
             95         139.26        925.328       0.869189       0.922372
             96         143.26        1186.53       0.892269       0.922372
             97         120.26        1066.13       0.898633       0.922372
             98         136.26        1056.93       0.885802       0.922372
             99          40.26        1049.13       0.963043       0.922372
            100          77.26        1070.73         0.9327       0.922372
            101         -31.74        1093.53        1.02989       0.922372
            102         490.26        377.128       0.434786       0.392902
            103         106.26        1079.93       0.910419       0.922372
            104          86.26        1080.93       0.926096       0.922372
            105         133.26        954.528       0.877495       0.922372
            106          88.26        1045.53       0.922155       0.922372
            107          70.26        1020.13       0.935564       0.922372
            108          66.26        1021.93        0.93911       0.922372
            109         347.26        309.728       0.471436       0.392902
            110         611.26        396.928       0.393704       0.392902
            111         504.26        683.328       0.575391       0.392902
            112         474.26        236.328       0.332581       0.392902
            113         146.26        902.928       0.860597       0.922372
            114         296.26        611.928        0.67379       0.922372
            115         101.26        926.928       0.901516       0.922372
            116          82.26        954.728       0.920674       0.922372
            117         165.26        1009.13        0.85928       0.922372
            118          89.26        836.328       0.903564       0.922372
            119          -5.74        979.328         1.0059       0.922372
            120          48.26        914.528       0.949875       0.922372
            121          84.26        916.328        0.91579       0.922372
            122          99.26        902.328       0.900897       0.922372
            123         114.26        945.328       0.892166       0.922372
            124         265.26        812.128       0.753793       0.922372
            125         145.26        1137.13       0.886727       0.922372
            126         405.26        466.128       0.534926       0.392902
            127          88.26        1131.53       0.927643       0.922372
            128          85.26        931.128       0.916115       0.922372
            129          54.26        1084.33       0.952344       0.922372
            130         133.26        970.528        0.87927       0.922372
            131          94.26        1077.33       0.919545       0.922372
            132         182.26        840.728       0.821836       0.922372
            133          75.26        1016.13       0.931042       0.922372
            134         159.26        857.328       0.843339       0.922372
            135         165.26        1218.13        0.88054       0.922372
            136          23.26        988.528       0.977011       0.922372
            137          93.26        941.528       0.909875       0.922372
            138         149.26        850.328       0.850678       0.922372
            139         237.26        573.728       0.707443       0.922372
            140         520.26        278.128       0.348362       0.392902
            141         586.26        229.928        0.28171       0.392902
            142         201.26        782.928       0.795507       0.922372
            143         490.26        443.128       0.474752       0.392902
            144         503.26        311.528       0.382342       0.392902
            145         591.26         77.928       0.116452       0.392902
            146         585.26        234.128       0.285735       0.392902
            147         569.26        320.328       0.360086       0.392902
            148         530.26        264.128       0.332492       0.392902
            149         230.26        928.128       0.801224       0.922372
            150          98.26        1059.53       0.915131       0.922372
            151         115.26        1002.13       0.896849       0.922372
            152          90.26        945.128       0.912825       0.922372
            153          85.26        1081.13       0.926903       0.922372
            154         -12.74        1084.73        1.01188       0.922372
            155         106.26        1051.93       0.908253       0.922372
            156         134.26        1129.33       0.893747       0.922372
            157          62.26        1245.73         0.9524       0.922372
            158         168.26        1761.53       0.912809       0.922372
            159         276.26        1704.93       0.860558       0.922372
            160         141.26        1768.93       0.926049       0.922372
            161         109.26        1703.33       0.939722       0.922372
            162         120.26        1330.13       0.917084       0.922372
            163          71.26        1054.93       0.936725       0.922372
            164         157.26        1060.73       0.870885       0.922372
            165          59.26        957.328       0.941707       0.922372
            166         244.26        889.328       0.784525       0.922372
            167         573.26        324.528       0.361475       0.392902
            168         516.26        129.928       0.201068       0.392902
            169         461.26        552.928       0.545193       0.392902
            170         429.26        433.328       0.502358       0.392902
            171         110.26        840.128       0.883984       0.922372
            172         348.26        537.528       0.606836       0.392902
            173         464.26        292.328       0.386377       0.392902
            174         411.26        171.928       0.294807       0.392902
            175         133.26        989.528       0.881313       0.922372
            176         554.26        197.328       0.262548       0.392902
            177         109.26        890.328       0.890695       0.922372
            178         144.26        1040.33       0.878219       0.922372
            179         162.26        968.728       0.856533       0.922372
            180         225.26        850.128       0.790531       0.922372
            181         524.26        207.328       0.283394       0.392902
            182         558.26        259.528       0.317354       0.392902
            183         589.26        218.328       0.270346       0.392902
            184         297.26        695.728       0.700641       0.922372
            185         179.26        967.328       0.843658       0.922372
            186          29.26        872.328       0.967546       0.922372
            187         146.26        1069.93       0.879739       0.922372
            188          54.26        1086.33       0.952428       0.922372
            189          77.26        935.728       0.923731       0.922372
            190          87.26        1046.73        0.92305       0.922372
            191         461.26        504.928       0.522598       0.392902
            192         248.26        975.528       0.797138       0.922372
            193         309.26        671.328       0.684618       0.922372
            194         461.26        315.928       0.406501       0.392902
            195         648.26        444.528       0.406783       0.392902
            196         367.26        332.728       0.475334       0.392902
            197         591.26        382.928       0.393074       0.392902
            198         292.26        688.728       0.702076       0.922372
            199         148.26        1222.53       0.891843       0.922372
            200         183.26        960.528       0.839778       0.922372
            201          95.26        1087.13       0.919434       0.922372
            202         118.26        1149.53       0.906719       0.922372
            203         487.26        399.728       0.450658       0.392902
            204         474.26        652.328        0.57903       0.392902
            205         265.26        800.128        0.75102       0.922372
            206         735.26        135.128        0.15525       0.392902
            207         449.26        312.328       0.410101       0.392902
            208         409.26        416.328       0.504281       0.392902
            209         139.26        869.328       0.861926       0.922372
            210         121.26        1132.93       0.903316       0.922372
            211         221.26        689.928       0.757174       0.922372
            212         494.26        307.328       0.383399       0.392902
            213         629.26        285.328       0.311974       0.392902
            214         601.26        105.928       0.149788       0.392902
            215         551.26        368.928       0.400927       0.392902
            216         396.26        430.928       0.520955       0.392902
            217         152.26        890.728       0.854016       0.922372
            218         633.26        254.528       0.286699       0.392902
            219         543.26        248.528       0.313882       0.392902
            220         423.26        733.528       0.634108       0.392902
            221         233.26        970.528       0.806228       0.922372
            222          31.26        1097.93       0.972316       0.922372
            223         131.26        1000.93       0.884065       0.922372
            224         158.26        1046.53       0.868641       0.922372
            225         112.26        985.728       0.897758       0.922372
            226          49.26        952.328       0.950818       0.922372
            227          -8.74        898.928        1.00982       0.922372
            228           9.26        991.328       0.990745       0.922372
            229          36.26        1130.93       0.968934       0.922372
            230          20.26        913.128       0.978294       0.922372
            231         136.26        902.928       0.868878       0.922372
            232         101.26        1319.93        0.92875       0.922372
            233          51.26        1489.93        0.96674       0.922372
            234          80.26        1545.13       0.950621       0.922372
            235          75.26        1562.13       0.954037       0.922372
            236         132.26        1738.73        0.92931       0.922372
            237         307.26        697.728       0.694265       0.922372
            238         -18.74        1096.93        1.01738       0.922372
            239         101.26        970.928       0.905558       0.922372
            240         108.26        1113.53       0.911392       0.922372
            241         -49.74        1046.13        1.04992       0.922372
            242           8.26        1043.53       0.992147       0.922372
            243          46.26        894.928       0.950849       0.922372
            244          38.26        1167.53        0.96827       0.922372
            245          42.26        1171.73       0.965189       0.922372
            246           2.26        1264.73       0.998216       0.922372
            247          65.26        1081.13       0.943073       0.922372
            248         128.26        1008.53       0.887173       0.922372
            249          51.26        983.928       0.950482       0.922372
            250          46.26        1116.93        0.96023       0.922372
            251          40.26        963.128       0.959876       0.922372
            252          -9.74        1188.13        1.00827       0.922372
            253          96.26        1132.93       0.921688       0.922372
            254          37.26        965.728       0.962851       0.922372
            255          36.26        914.928       0.961879       0.922372
            256          48.26        1144.53        0.95954       0.922372
            257          39.26        1085.33       0.965089       0.922372
            258         180.26        1086.13       0.857658       0.922372
            259         188.26        1186.53       0.863063       0.922372
            260         102.26        1006.73        0.90779       0.922372
            261         243.26        1080.53       0.816239       0.922372
            262         250.26        1249.13       0.833092       0.922372
            263          64.26        975.328       0.938187       0.922372
            264         177.26        1218.73       0.873022       0.922372
            265         114.26        910.328       0.888482       0.922372
            266         151.26        1119.93       0.881009       0.922372
            267          -6.74        1313.53        1.00516       0.922372
            268         154.26        1152.33       0.881937       0.922372
            269          52.26        1000.73        0.95037       0.922372
            270         102.26        1049.73       0.911232       0.922372
            271          72.26        1030.73       0.934487       0.922372
            272          76.26        998.928       0.929073       0.922372
            273         200.26        1013.13       0.834958       0.922372
            274         641.26        236.928       0.269792       0.392902
            275         736.26         83.928       0.102328       0.392902
            276         620.26        187.128        0.23177       0.392902
            277         522.26        299.728       0.364638       0.392902
            278         506.26        120.928        0.19281       0.392902
            279         551.26        131.928       0.193106       0.392902
            280         594.26        213.328       0.264154       0.392902
            281         116.26        746.928       0.865313       0.922372
            282          55.26        1212.13       0.956399       0.922372
            283          45.26        1046.13        0.95853       0.922372
            284         102.26        1187.73       0.920728       0.922372
            285          54.26        1083.33       0.952303       0.922372
            286         342.26        616.728       0.643103       0.392902
            287         467.26        342.728       0.423127       0.392902
            288          -2.74         72.728        1.03915       0.922372
            289          59.26        1105.33       0.949115       0.922372
            290         126.26        1089.93       0.896184       0.922372
            291         141.26        1230.93       0.897055       0.922372
            292          63.26        887.528       0.933466       0.922372
            293          -6.74        1048.53        1.00647       0.922372
            294          32.26        1135.73        0.97238       0.922372
            295          87.26        1024.73       0.921528       0.922372
            296         177.26        1098.73        0.86108       0.922372
            297          -6.74        1221.53        1.00555       0.922372
            298           5.26        1037.13       0.994954       0.922372
            299         118.26        1040.53       0.897945       0.922372
            300         612.26        317.728       0.341647       0.392902
            301         233.26        954.528       0.803618       0.922372
            302         275.26        1105.13       0.800592       0.922372
            303         162.26        945.728       0.853554       0.922372
            304         284.26        934.328        0.76673       0.922372
            305         234.26        1034.33       0.815338       0.922372
            306         141.26        914.928       0.866255       0.922372
            307          62.26        1025.73       0.942775       0.922372
            308           6.26        1067.93       0.994172       0.922372
            309          50.26        888.128        0.94644       0.922372
            310         101.26        1095.93       0.915418       0.922372
            311         208.26        923.528        0.81599       0.922372
            312         139.26        973.328       0.874832       0.922372
            313         284.26        926.328       0.765188       0.922372
            314         159.26        1162.33       0.879493       0.922372
            315         345.26        790.128        0.69591       0.922372
            316         665.26        185.128       0.217698       0.392902
            317         452.26        283.728       0.385506       0.392902
            318         559.26        260.328       0.317633       0.392902
            319         480.26        192.128        0.28574       0.392902
            320         736.26        272.928       0.270443       0.392902
            321         102.26        903.728       0.898349       0.922372
            322         268.26        843.528       0.758713       0.922372
            323         577.26        200.728       0.258009       0.392902
            324         534.26         76.328       0.125007       0.392902
            325         266.26        664.928       0.714064       0.922372
            326          14.26        1006.33       0.986028       0.922372
            327          34.26        1127.33       0.970506       0.922372
            328          57.26        1069.73       0.949192       0.922372
            329         333.26        470.528       0.585388       0.392902
            330         542.26        213.728       0.282713       0.392902
            331         529.26        316.328       0.374092       0.392902
            332          52.26        847.728       0.941933       0.922372
            333          71.26        880.928       0.925162       0.922372
            334         153.26        1263.53       0.891826       0.922372
            335          73.26        1144.53       0.939842       0.922372
            336          17.26        1039.73       0.983671       0.922372
            337          60.26        1278.13       0.954976       0.922372
            338          42.26        1141.73       0.964307       0.922372
            339         598.26        412.528       0.408125       0.392902
            340         386.26        363.928       0.485116       0.392902
            341         712.26        259.728       0.267213       0.392902
            342         558.26        798.528       0.588543       0.392902
            343         198.26        1385.53       0.874819       0.922372
            344         331.26        1202.93       0.784081       0.922372
            345         385.26        1325.13       0.774753       0.922372
            346         264.26        1104.33        0.80691       0.922372
            347         333.26        1036.53       0.756707       0.922372
            348         335.26        1118.13       0.769325       0.922372
            349         349.26        1238.33       0.780006       0.922372
            350         149.26        1060.33       0.876603       0.922372
            351         312.26        1167.73       0.789012       0.922372
            352         242.26        1130.73       0.823553       0.922372
            353         211.26        1001.93       0.825864       0.922372
            354         224.26        1377.33       0.859976       0.922372
            355         231.26        1162.93       0.834126       0.922372
            356         136.26        1192.93       0.897486       0.922372
            357         260.26        1135.13       0.813486       0.922372
            358          93.26        1182.53         0.9269       0.922372
            359         357.26        1033.73       0.743161       0.922372
            360         351.26        941.928       0.728377       0.922372
            361         690.26        380.128       0.355131       0.392902
            362         398.26        721.528       0.644343       0.392902
            363         287.26        935.728       0.765116       0.922372
            364         291.26        1357.93       0.823392       0.922372
            365         241.26        1077.93       0.817115       0.922372
            366         289.26        1062.33       0.785985       0.922372
            367         401.26        1154.93       0.742152       0.922372
            368         248.26        936.528        0.79046       0.922372
            369         530.26        751.128       0.586183       0.392902
            370         691.26        483.928       0.411788       0.392902
            371         704.26        469.328       0.399909       0.392902
            372         608.26        610.528        0.50093       0.392902
            373         243.26        1216.53       0.833359       0.922372
            374         161.26        1053.93       0.867296       0.922372
            375         110.26        961.128       0.897087       0.922372
            376         185.26        850.128       0.821072       0.922372
            377         370.26        662.128       0.641356       0.922372
            378          34.26        896.328       0.963185       0.922372
            379         291.26        553.928        0.65539       0.922372
            380         184.26        722.328       0.796754       0.922372
            381         624.26        268.328       0.300618       0.392902
            382         521.26        200.928       0.278221       0.392902
            383         122.26        866.728       0.876379       0.922372
            384         136.26        913.928       0.870252       0.922372
            385          -9.74        1126.13        1.00872       0.922372
            386         367.26        643.728       0.636732       0.392902
            387         424.26        196.328       0.316358       0.392902
            388         509.26        210.328       0.292289       0.392902
            389         606.26        150.928       0.199327       0.392902
            390         602.26        269.728       0.309325       0.392902
            391         138.26        1058.53       0.884474       0.922372
            392         156.26        1234.93       0.887679       0.922372
            393         123.26        1140.53       0.902468       0.922372
            394         113.26        1095.53       0.906303       0.922372
            395         122.26        1150.73       0.903958       0.922372
            396          83.26        1123.53       0.931007       0.922372
            397         111.26        919.928       0.892105       0.922372
            398         110.26        788.128       0.877269       0.922372
            399          86.26        1023.93       0.922301       0.922372
            400          54.26        887.328       0.942374       0.922372
            401          76.26        1148.93       0.937756       0.922372
            402          75.26        905.128       0.923234       0.922372
            403          11.26        1147.93       0.990286       0.922372
            404         418.26        532.528       0.560091       0.392902
            405         572.26        181.728       0.241022       0.392902
            406         294.26        776.328       0.725142       0.922372
            407         168.26        936.528       0.847699       0.922372
            408         131.26        1002.93        0.88427       0.922372
            409         162.26        873.728       0.843377       0.922372
            410          95.26        938.128       0.907818       0.922372
            411          27.26        1049.73       0.974689       0.922372
            412          93.26        1076.53       0.920276       0.922372
            413          71.26        1061.93       0.937115       0.922372
            414          70.26        827.128       0.921706       0.922372
            415         455.26        210.128       0.315798       0.392902
            416         373.26        349.528       0.483583       0.392902
            417         510.26        398.128        0.43828       0.392902
            418         270.26        578.128       0.681443       0.392902
            419         380.26        452.128        0.54317       0.392902
            420         137.26        971.728       0.876229       0.922372
            421          87.26        1186.73       0.931506       0.922372
            422         233.26        958.528       0.804277       0.922372
            423         142.26        990.728       0.874438       0.922372
            424         175.26        683.128       0.795827       0.922372
            425         115.26        1036.13       0.899895       0.922372
            426          24.26        1213.33       0.980397       0.922372
            427          69.26        1034.33       0.937241       0.922372
            428         -56.74        1219.53         1.0488       0.922372
            429          61.26        1019.93        0.94334       0.922372
            430          15.26        1047.13       0.985636       0.922372
            431          56.26        1103.93       0.951508       0.922372
            432          78.26        1019.53       0.928711       0.922372
            433          83.26        1194.53       0.934841       0.922372
            434         215.26        768.128       0.781104       0.922372
            435         629.26         26.328      0.0401594       0.392902
            436         467.26        161.728       0.257124       0.392902
            437         346.26        247.928       0.417255       0.392902
            438         513.26        242.528       0.320894       0.392902
            439         206.26        613.928       0.748521       0.922372
            440          74.26        857.328       0.920287       0.922372
            441           7.26        935.728       0.992301       0.922372
            442          81.26        783.928       0.906078       0.922372
            443         126.26        452.928       0.782005       0.922372
            444         128.26        824.528       0.865385       0.922372
            445          41.26        1124.93        0.96462       0.922372
            446          33.26        980.528       0.967192       0.922372
            447          20.26        951.128       0.979143       0.922372
            448          46.26        850.928       0.948439       0.922372
            449           3.26        871.528       0.996273       0.922372
            450           7.26        1033.73       0.993026       0.922372
            451         116.26        841.928       0.878667       0.922372
            452         407.26        294.728       0.419848       0.392902
            453         418.26        411.528       0.495944       0.392902
            454         329.26         87.328       0.209627       0.392902
            455         215.26        271.128       0.557432       0.392902
            456          33.26        922.528       0.965201       0.922372
            457          52.26        753.728        0.93516       0.922372
            458          52.26        802.728       0.938876       0.922372
            459         -42.74        831.728        1.05417       0.922372
            460         103.26        837.528       0.890241       0.922372
            461          34.26        776.328       0.957734       0.922372
            462         116.26        677.928       0.853611       0.922372
            463          41.26        767.928       0.949011       0.922372
            464          20.26        918.128        0.97841       0.922372
            465          17.26        944.728       0.982058       0.922372
            466         345.26        267.128       0.436207       0.392902
            467         331.26        327.928       0.497473       0.392902
            468          57.26        847.728       0.936728       0.922372
            469          19.26        917.328       0.979436       0.922372
            470          51.26        908.928       0.946615       0.922372
            471         117.26        749.728        0.86475       0.922372
            472         -41.74        825.528        1.05325       0.922372
            473          55.26        834.128       0.937867       0.922372
            474          45.26        814.128       0.947335       0.922372
            475          69.26        735.328       0.913919       0.922372
            476         -29.74        836.128        1.03688       0.922372
            477           8.26        754.528       0.989171       0.922372
            478         351.26        278.928       0.442611       0.392902
            479          25.26        790.128       0.969021       0.922372
            480          90.26        803.128       0.898969       0.922372
            481           6.26        867.928       0.992839       0.922372
            482          -4.74        861.128        1.00553       0.922372
            483         119.26        847.328       0.876618       0.922372
            484           5.26        814.128       0.993581       0.922372
            485          88.26        595.528       0.870925       0.922372
            486         125.26        883.128       0.875782       0.922372
            487          40.26        787.128       0.951341       0.922372
            488          93.26        801.528       0.895774       0.922372
            489          64.26        961.328       0.937343       0.922372
            490         121.26        580.928       0.827311       0.922372
            491         374.26        217.328       0.367364       0.392902
            492         409.26        197.328       0.325308       0.392902
            493         452.26        229.728       0.336851       0.392902
            494         486.26        296.928       0.379127       0.392902
            495         424.26        315.328       0.426356       0.392902
            496         151.26        717.928       0.825976       0.922372
            497          -2.74        796.728        1.00345       0.922372
            498         194.26        593.328       0.753348       0.922372
            499          70.26        732.128       0.912436       0.922372
            500           1.26        898.928         0.9986       0.922372
            501          -1.74        676.528        1.00258       0.922372
            502          37.26        646.728       0.945525       0.922372
            503          76.26        632.928       0.892469       0.922372
            504         -35.74        695.328        1.05419       0.922372
            505         114.26        852.328        0.88179       0.922372
            506         408.26        188.528       0.315904       0.392902
            507         132.26        815.728       0.860483       0.922372
            508          50.26        871.128       0.945452       0.922372
            509          95.26        706.128       0.881131       0.922372
            510          39.26        906.328       0.958481       0.922372
            511          52.26        737.728       0.933847       0.922372
            512          25.26        824.128       0.970261       0.922372
            513         159.26        645.328        0.80206       0.922372
            514         252.26        325.728       0.563555       0.392902
            515         346.26        477.928       0.579877       0.392902
            516          -2.74        634.728        1.00434       0.922372
            517          70.26        741.128       0.913408       0.922372
            518          17.26        767.728       0.978012       0.922372
            519          36.26        890.928       0.960893       0.922372
            520          10.26        859.128       0.988199       0.922372
            521          84.26        651.328       0.885452       0.922372
            522          -8.74        819.928        1.01077       0.922372
            523         -16.74        896.528        1.01903       0.922372
            524          -8.74        753.928        1.01173       0.922372
            525          28.26        830.528       0.967093       0.922372
            526         286.26        340.928       0.543582       0.392902
            527          -3.74        809.928        1.00464       0.922372
            528          83.26        898.528       0.915196       0.922372
            529          76.26        751.928       0.907919       0.922372
            530          99.26        714.328       0.877997       0.922372
            531          46.26        655.928        0.93412       0.922372
            532          -0.74        737.328          1.001       0.922372
            533         -64.74        842.128        1.08328       0.922372
            534          13.26        801.528       0.983726       0.922372
            535          19.26        951.328       0.980156       0.922372
            536           9.26        791.328       0.988434       0.922372
            537          -6.74        879.528        1.00772       0.922372
            538          92.26        698.728       0.883361       0.922372
            539         206.26        642.928       0.757109       0.922372
            540          10.26        1054.13       0.990361       0.922372
            541          23.26        886.528       0.974434       0.922372
            542         -35.74        917.328        1.04054       0.922372
            543         261.26        431.928       0.623104       0.392902
            544         276.26        199.928       0.419851       0.392902
            545         271.26        219.928       0.447747       0.392902
            546         216.26        266.928       0.552431       0.392902
            547         131.26        577.928       0.814915       0.922372
            548          85.26        772.128       0.900558       0.922372
            549         -42.74        739.728        1.06132       0.922372
            550          77.26        965.728       0.925924       0.922372
            551          16.26        832.928       0.980852       0.922372
            552          14.26        728.328       0.980797       0.922372
            553          -1.74        1068.53        1.00163       0.922372
            554          74.26        1060.33       0.934549       0.922372
            555           0.26        850.128       0.999694       0.922372
            556          25.26        902.128       0.972762       0.922372
            557          19.26        834.328       0.977436       0.922372
            558          20.26        853.128       0.976803       0.922372
            559          89.26        944.328       0.913641       0.922372
            560         -89.74        838.128        1.11991       0.922372
            561          28.26        651.528       0.958428       0.922372
            562          49.26        843.328       0.944812       0.922372
            563         -31.74        737.528        1.04497       0.922372
            564          53.26        825.528       0.939394       0.922372
            565          96.26        636.928        0.86871       0.922372
            566          83.26        867.528       0.912431       0.922372
            567          32.26        757.728       0.959164       0.922372
            568         -13.74        671.928        1.02088       0.922372
            569         151.26        525.928       0.776635       0.922372
            570         317.26        156.728       0.330658       0.392902
            571         372.26        223.728        0.37539       0.392902
            572          57.26        641.728       0.918082       0.922372
            573         273.26        210.528       0.435166       0.392902
            574         346.26        277.928       0.445263       0.392902
            575         489.26        324.328       0.398639       0.392902
            576         260.26        343.128       0.568669       0.392902
            577          44.26        785.328       0.946648       0.922372
            578          24.26        664.328       0.964768       0.922372
            579          75.26        684.128       0.900894       0.922372
            580          44.26        665.328       0.937626       0.922372
            581          11.26        730.928       0.984829       0.922372
            582          92.26        727.728       0.887486       0.922372
            583          12.26        855.728       0.985875       0.922372
            584          -2.74        705.728         1.0039       0.922372
            585          87.26        803.728       0.902064       0.922372
            586          -0.74        948.328        1.00078       0.922372
            587          49.26        815.328       0.943025       0.922372
            588          -7.74        763.728        1.01024       0.922372
            589          18.26        801.528       0.977726       0.922372
            590          36.26        781.928       0.955683       0.922372
            591          29.26        693.328       0.959507       0.922372
            592          79.26        681.328       0.895791       0.922372
            593          -5.74        740.328        1.00781       0.922372
            594          20.26        745.128        0.97353       0.922372
            595          22.26        899.728       0.975857       0.922372
            596         -15.74        529.328        1.03065       0.922372
            597         368.26        149.528       0.288782       0.392902
            598         450.26        192.128       0.299084       0.392902
            599         178.26        582.528        0.76569       0.922372
            600          68.26        644.528       0.904235       0.922372
            601          40.26        775.128       0.950625       0.922372
            602         338.26        151.528       0.309375       0.392902
            603         323.26         97.528       0.231775       0.392902
            604         258.26        247.528       0.489391       0.392902
            605         146.26        351.928       0.706416       0.922372
            606          80.26        644.128       0.889203       0.922372
            607          57.26        726.728       0.926963       0.922372
            608         -41.74        678.528        1.06555       0.922372
            609          40.26        888.128       0.956635       0.922372
            610          33.26        666.528       0.952471       0.922372
            611         -76.74        658.528         1.1319       0.922372
            612           5.26        782.128        0.99332       0.922372
            613          -4.74        696.128        1.00686       0.922372
            614         264.26        281.328       0.515642       0.392902
            615         313.26        180.528       0.365598       0.392902
            616         382.26        173.728       0.312467       0.392902
            617          37.26        760.728       0.953308       0.922372
            618          -3.74        661.928        1.00568       0.922372
            619         205.26        321.128       0.610059       0.922372
            620         114.26        724.328       0.863747       0.922372
            621         256.26        429.928       0.626545       0.392902
            622         340.26        265.128       0.437947       0.392902
            623         249.26        735.328       0.746838       0.922372
            624         369.26        181.328       0.329335       0.392902
            625          78.26        770.528       0.907798       0.922372
            626         -46.74        761.528        1.06539       0.922372
            627          12.26        734.728       0.983587       0.922372
            628          61.26        729.928       0.922572       0.922372
            629          26.26        862.928       0.970467       0.922372
            630         -47.74        640.728        1.08051       0.922372
            631          17.26        702.728       0.976027       0.922372
            632          31.26        605.928       0.950941       0.922372
            633         337.26        159.728       0.321392       0.392902
            634         220.26        268.128       0.549006       0.392902
            635          -6.74        823.528        1.00825       0.922372
            636          54.26        626.328       0.920275       0.922372
            637          19.26        645.328        0.97102       0.922372
            638         293.26        197.528       0.402471       0.392902
            639         -31.74        592.528         1.0566       0.922372
            640         -32.74        655.728        1.05255       0.922372
            641          93.26        519.528        0.84781       0.922372
            642         355.26          0.128     0.00036017       0.392902
            643         410.26        108.128       0.208585       0.392902
            644         124.26        702.328       0.849671       0.922372
            645         243.26        251.528       0.508355       0.392902
            646         124.26        726.328       0.853913       0.922372
            647         159.26        612.328       0.793595       0.922372
            648          23.26        798.528       0.971696       0.922372
            649          10.26        663.128       0.984764       0.922372
            650          17.26        759.728       0.977786       0.922372
            651          28.26        703.528       0.961382       0.922372
            652         210.26        308.128       0.594396       0.392902
            653         312.26        178.728       0.364017       0.392902
            654         401.26        115.928       0.224151       0.392902
            655          20.26        649.128       0.969734       0.922372
            656         116.26        359.928       0.755853       0.922372
            657         222.26        489.728       0.687832       0.922372
            658         109.26        760.328       0.874354       0.922372
            659          55.26        598.128       0.915425       0.922372
            660         450.26        113.128       0.200799       0.392902
            661         330.26        231.128       0.411708       0.392902
            662          -2.74        947.728         1.0029       0.922372
            663          -0.74        738.328          1.001       0.922372
            664          84.26        801.328       0.904854       0.922372
            665         131.26        321.928       0.710363       0.922372
            666         285.26        229.128       0.445438       0.392902
            667          24.26        721.328       0.967462       0.922372
            668          39.26        688.328       0.946041       0.922372
            669          70.26        719.128       0.910994       0.922372
            670         339.26        323.328       0.487977       0.392902
            671          18.26        564.528       0.968668       0.922372
            672         192.26        502.728       0.723362       0.922372
            673         355.26        208.128       0.369422       0.392902
            674         241.26        382.928       0.613482       0.392902
            675          94.26        781.328       0.892347       0.922372
            676          61.26        703.928       0.919941       0.922372
            677          -6.74        685.528        1.00993       0.922372
            678          -0.74        507.328        1.00146       0.922372
            679          54.26        741.328       0.931799       0.922372
            680          95.26        656.128       0.873221       0.922372
            681         -47.74        622.728        1.08303       0.922372
            682         133.26        717.528       0.843369       0.922372
            683         230.26        226.128       0.495473       0.392902
            684          98.26        583.528       0.855879       0.922372
            685         287.26        225.728       0.440026       0.392902
            686         -14.74        597.128        1.02531       0.922372
            687          66.26        606.928       0.901573       0.922372
            688          63.26        556.528       0.897933       0.922372
            689         -16.74        539.528        1.03202       0.922372
            690          25.26        746.128       0.967254       0.922372
            691         -20.74        718.328        1.02973       0.922372
            692           2.26        634.728       0.996452       0.922372
            693         -45.74        596.328        1.08307       0.922372
            694           1.26        812.928       0.998452       0.922372
            695         243.26        214.528       0.468619       0.392902
            696         317.26        176.728       0.357758       0.392902
            697          42.26        627.728       0.936924       0.922372
            698          -1.74        780.528        1.00223       0.922372
            699          -6.74        756.528        1.00899       0.922372
            700          61.26        613.928        0.90927       0.922372
            701          -9.74        636.128        1.01555       0.922372
            702          31.26        645.928       0.953839       0.922372
            703          96.26        675.928       0.875341       0.922372
            704          74.26        401.328       0.843856       0.922372
            705         119.26        584.328       0.830497       0.922372
            706         -29.74        657.128         1.0474       0.922372
            707         -21.74        620.528        1.03631       0.922372
            708          40.26        574.128       0.934471       0.922372
            709         326.26         63.928       0.163839       0.392902
            710         186.26          6.928      0.0358614       0.392902
            711          98.26        709.528       0.878359       0.922372
            712          14.26        758.328       0.981543       0.922372
            713          -8.74        594.928        1.01491       0.922372
            714          -8.74        535.928        1.01658       0.922372
            715          47.26        531.728       0.918375       0.922372
            716          12.26        735.728       0.983609       0.922372
            717         -39.74        753.128        1.05571       0.922372
            718         151.26        655.928       0.812609       0.922372
            719          57.26        658.728       0.920027       0.922372
            720          87.26        658.728       0.883028       0.922372
            721          24.26        699.328       0.966473       0.922372
            722          65.26        732.128       0.918158       0.922372
            723          46.26        726.928        0.94017       0.922372
            724          88.26        584.528       0.868815       0.922372
            725           5.26        656.128       0.992047       0.922372
            726          14.26        649.328       0.978511       0.922372
            727          63.26        578.528       0.901432       0.922372
            728          11.26        714.928       0.984494       0.922372
            729         -17.74        671.728        1.02713       0.922372
            730          -3.74        526.928        1.00715       0.922372
            731          32.26        770.728       0.959825       0.922372
            732         -11.74        647.528        1.01847       0.922372
            733          -4.74        613.128        1.00779       0.922372
            734           5.26        823.128        0.99365       0.922372
            735          18.26        741.528       0.975967       0.922372
            736         -19.74        837.128        1.02415       0.922372
            737          28.26        761.528       0.964218       0.922372
            738         387.26        226.728       0.369271       0.392902
            739         355.26        122.128       0.255825       0.392902
            740         375.26        257.128       0.406598       0.392902
            741         177.26        557.728       0.758826       0.922372
            742         146.26        727.928        0.83269       0.922372
            743          22.26        867.728       0.974988       0.922372
            744          18.26        932.528       0.980795       0.922372
            745          -7.74        783.728        1.00997       0.922372
            746          62.26        621.728       0.908975       0.922372
            747         -14.74        921.128        1.01626       0.922372
            748          -7.74        852.728        1.00916       0.922372
            749         -18.74        852.928        1.02246       0.922372
            750          16.26        721.928       0.977973       0.922372
            751          56.26        688.928       0.924502       0.922372
            752          45.26        1013.13       0.957237       0.922372
            753          -1.74        915.528         1.0019       0.922372
            754          11.26        1043.93       0.989329       0.922372
            755         -14.74        843.128        1.01779       0.922372
            756          35.26        736.128        0.95429       0.922372
            757          -8.74        824.928        1.01071       0.922372
            758           6.26        866.928       0.992831       0.922372
            759          49.26        634.328       0.927939       0.922372
            760          75.26        704.128       0.903437       0.922372
            761          55.26        803.128       0.935624       0.922372
            762          51.26        789.928       0.939062       0.922372
            763          13.26        914.528       0.985708       0.922372
            764          78.26        927.528        0.92219       0.922372
            765          36.26        740.928       0.953345       0.922372
            766         -31.74        804.528        1.04107       0.922372
            767         -34.74        812.128        1.04469       0.922372
            768         166.26        429.928       0.721128       0.922372
            769          -5.74        856.328        1.00675       0.922372
            770          75.26        604.128       0.889224       0.922372
            771         -17.74        916.728        1.01973       0.922372
            772         -16.74        892.528        1.01911       0.922372
            773          99.26        811.328       0.890994       0.922372
            774         -71.74        921.528        1.08442       0.922372
            775         179.26        453.328       0.716624       0.922372
            776         356.26        159.928       0.309825       0.392902
            777         243.26        418.528        0.63242       0.392902
            778         371.26        395.928       0.516077       0.392902
            779         412.26        397.728       0.491029       0.392902
            780         201.26        304.928       0.602401       0.392902
            781         -20.74        833.328        1.02552       0.922372
            782          79.26        787.328       0.908538       0.922372
            783          -5.74        797.328        1.00725       0.922372
            784         -14.74        917.128        1.01633       0.922372
            785          32.26        800.728       0.961272       0.922372
            786          25.26        782.128       0.968714       0.922372
            787         135.26        825.128       0.859161       0.922372
            788          -5.74        876.328        1.00659       0.922372
            789         215.26        450.128        0.67649       0.922372
            790         314.26        214.328       0.405473       0.392902
            791         409.26        252.328       0.381397       0.392902
            792         280.26        402.128       0.589295       0.392902
            793          47.26        923.728       0.951328       0.922372
            794          28.26        900.528       0.969573       0.922372
            795         -39.74        770.128        1.05441       0.922372
            796         142.26        891.728       0.862416       0.922372
            797          77.26        801.728       0.912103       0.922372
            798         190.26        735.128         0.7944       0.922372
            799         266.26        322.928        0.54809       0.392902
            800          44.26        755.328       0.944646       0.922372
            801          53.26        884.528       0.943207       0.922372
            802         -40.74        960.328         1.0443       0.922372
            803           2.26        1010.73       0.997769       0.922372
            804           6.26        631.928       0.990191       0.922372
            805          -2.74        1023.73        1.00268       0.922372
            806          61.26        1003.93       0.942489       0.922372
            807          42.26        751.728       0.946775       0.922372
            808         361.26        173.928       0.324985       0.392902
            809         164.26        736.328       0.817608       0.922372
            810          47.26        805.728       0.944595       0.922372
            811          -8.74        962.928        1.00916       0.922372
            812         -31.74        867.528        1.03798       0.922372
            813          91.26        910.928       0.908939       0.922372
            814         423.26        290.528       0.407023       0.392902
            815         144.26        555.328       0.793793       0.922372
            816          28.26        911.528       0.969929       0.922372
            817          58.26        595.528       0.910889       0.922372
            818         270.26        222.128       0.451124       0.392902
            819         377.26        171.728       0.312808       0.392902
            820          76.26        857.928       0.918368       0.922372
            821         201.26        471.928       0.701034       0.922372
            822         275.26        305.128       0.525731       0.392902
            823         259.26        240.328       0.481052       0.392902
            824         283.26        356.528        0.55726       0.392902
            825         289.26        304.328       0.512692       0.392902
            826         453.26        243.528       0.349501       0.392902
            827         404.26        165.328       0.290259       0.392902
            828         402.26        156.728       0.280378       0.392902
            829         459.26        161.328        0.25996       0.392902
            830         254.26        560.328       0.687867       0.392902
            831         241.26        308.928       0.561495       0.392902
            832         262.26        449.728       0.631651       0.392902
            833          13.26        844.528       0.984542       0.922372
            834          -4.74        860.128        1.00554       0.922372
            835         298.26        112.528       0.273932       0.392902
            836         340.26        223.128       0.396047       0.392902
            837         290.26        340.128       0.539553       0.392902
            838          59.26        709.328       0.922898       0.922372
            839         174.26        694.328       0.799376       0.922372
            840          84.26        647.328       0.884826       0.922372
            841           4.26        720.328       0.994121       0.922372
            842         -22.74        735.728        1.03189       0.922372
            843          57.26        908.728       0.940724       0.922372
            844         142.26        569.728       0.800193       0.922372
            845         243.26        731.528       0.750448       0.922372
            846         238.26        743.528        0.75732       0.922372
            847         342.26        224.728       0.396354       0.392902
            848         324.26        228.328       0.413198       0.392902
            849          42.26        837.728       0.951977       0.922372
            850          -7.74        729.728        1.01072       0.922372
            851          92.26        845.728       0.901641       0.922372
            852         -20.74        568.328        1.03788       0.922372
            853          17.26        921.728       0.981619       0.922372
            854          33.26        734.528       0.956681       0.922372
            855          87.26        722.728        0.89227       0.922372
            856          82.26        679.728       0.892046       0.922372
            857          26.26        805.928       0.968445       0.922372
            858          63.26        908.528       0.934903       0.922372
            859          25.26        792.128       0.969097       0.922372
            860           8.26        698.528       0.988313       0.922372
            861          -0.74        748.328        1.00099       0.922372
            862          70.26        752.128       0.914566       0.922372
            863          12.26        800.728        0.98492       0.922372
            864          62.26        840.728       0.931051       0.922372
            865          22.26        780.728       0.972279       0.922372
            866         -45.74        970.328        1.04947       0.922372
            867          65.26        884.128       0.931261       0.922372
            868          42.26        607.728       0.934983       0.922372
            869         -40.74        734.328        1.05874       0.922372
            870          65.26        711.128       0.915944       0.922372
            871          83.26        825.528       0.908383       0.922372
            872          19.26        802.328       0.976558       0.922372
            873          38.26        644.528       0.943965       0.922372
            874         292.26        167.728       0.364636       0.392902
            875         474.26        237.328       0.333519       0.392902
            876         357.26        196.728       0.355112       0.392902
            877          69.26        664.328       0.905587       0.922372
            878          21.26        723.928        0.97147       0.922372
            879         -26.74        785.528        1.03524       0.922372
            880          -0.74        741.328          1.001       0.922372
            881          32.26        880.728       0.964665       0.922372
            882         -19.74        767.128        1.02641       0.922372
            883          37.26        850.728        0.95804       0.922372
            884          27.26        830.728       0.968228       0.922372
            885         -34.74        712.128        1.05129       0.922372
            886          20.26        856.128       0.976882       0.922372
            887         105.26        721.128       0.872626       0.922372
            888          14.26        766.328       0.981732       0.922372
            889          45.26        722.128       0.941021       0.922372
            890         159.26        619.328        0.79545       0.922372
            891         211.26        298.928       0.585917       0.392902
            892         150.26        432.128       0.741993       0.922372
            893           8.26        775.528       0.989461       0.922372
            894         -29.74        873.128        1.03526       0.922372
            895          27.26        781.728       0.966304       0.922372
            896         -29.74        780.128        1.03963       0.922372
            897          63.26        661.528       0.912719       0.922372
            898          -9.74        674.128        1.01466       0.922372
            899         116.26        590.928       0.835602       0.922372
            900         335.26        161.128       0.324601       0.392902
            901         265.26        235.128       0.469891       0.392902
            902         107.26        758.728       0.876141       0.922372
            903          63.26        887.528       0.933466       0.922372
            904          45.26        812.128       0.947212       0.922372
            905          29.26        998.328       0.971526       0.922372
            906          83.26        727.528        0.89731       0.922372
            907          89.26        775.328        0.89676       0.922372
            908          49.26        758.328       0.939004       0.922372
            909          68.26        767.528       0.918329       0.922372
            910          18.26        745.528       0.976093       0.922372
            911           5.26        749.128       0.993027       0.922372
            912          64.26        807.328       0.926273       0.922372
            913          54.26        616.328       0.919086       0.922372
            914         -90.74        701.328        1.14861       0.922372
            915          17.26        740.728       0.977229       0.922372
            916          -7.74        743.728        1.01052       0.922372
            917         298.26        265.528       0.470971       0.392902
            918         370.26        195.128       0.345122       0.392902
            919         316.26        210.928         0.4001       0.392902
            920         267.26        103.728       0.279599       0.392902
            921          80.26        636.128       0.887966       0.922372
            922         -21.74        804.528        1.02777       0.922372
            923         105.26        572.128       0.844609       0.922372
            924         351.26        200.928       0.363876       0.392902
            925         261.26        133.928       0.338897       0.392902
            926         136.26        472.928       0.776325       0.922372
            927          28.26        740.528       0.963241       0.922372
            928          59.26        598.328       0.909883       0.922372
            929          -1.74        762.528        1.00229       0.922372
            930         -14.74        652.128        1.02313       0.922372
            931         105.26        492.128         0.8238       0.922372
            932         329.26         68.328       0.171856       0.392902
            933         265.26        182.128       0.407092       0.392902
            934          44.26        785.328       0.946648       0.922372
            935          43.26        699.528        0.94176       0.922372
            936          66.26        677.928       0.910963       0.922372
            937          46.26        692.928       0.937418       0.922372
            938         233.26        334.528       0.589178       0.392902
            939         128.26        691.528       0.843545       0.922372
            940         215.26        142.128       0.397685       0.392902
            941         384.26        108.328       0.219916       0.392902
            942         285.26         61.128       0.176473       0.392902
            943          31.26        691.928       0.956775       0.922372
            944          50.26        859.128       0.944732       0.922372
            945          15.26        870.128       0.982765       0.922372
            946          20.26        738.128       0.973285       0.922372
            947          35.26        598.128       0.944331       0.922372
            948         310.26        169.128         0.3528       0.392902
            949         126.26        437.928       0.776209       0.922372
            950          -0.74        802.328        1.00092       0.922372
            951          -8.74        880.928        1.01002       0.922372
            952         -29.74        874.128        1.03522       0.922372
            953         -75.74        538.328        1.16373       0.922372
            954         -11.74        751.528        1.01587       0.922372
            955          -5.74        758.328        1.00763       0.922372
            956          29.26        768.328       0.963314       0.922372
            957          -2.74        787.728        1.00349       0.922372
            958          27.26        690.728       0.962033       0.922372
            959          71.26        583.928       0.891237       0.922372
            960          49.26        730.328       0.936813       0.922372
            961          75.26        809.128       0.914902       0.922372
            962          83.26        762.528       0.901559       0.922372
            963         111.26        813.928       0.879743       0.922372
            964          30.26        957.128       0.969353       0.922372
            965          54.26        730.328       0.930843       0.922372
            966         -12.74        646.728         1.0201       0.922372
            967           5.26        697.128       0.992511       0.922372
            968          49.26        848.328        0.94512       0.922372
            969         -44.74        827.128        1.05718       0.922372
            970          47.26        994.728       0.954644       0.922372
            971          12.26        738.728       0.983675       0.922372
            972          21.26        664.928       0.969017       0.922372
            973         -31.74        822.528        1.04014       0.922372
            974          -5.74        901.328        1.00641       0.922372
            975          74.26        834.328       0.918269       0.922372
            976         147.26        240.728       0.620452       0.392902
            977         209.26        223.328        0.51626       0.392902
            978          17.26        640.728       0.973769       0.922372
            979          11.26        704.928       0.984278       0.922372
            980           9.26        741.328       0.987663       0.922372
            981          62.26        640.728       0.911435       0.922372
            982         150.26        419.128       0.736103       0.922372
            983          45.26        592.128       0.928991       0.922372
            984          28.26        615.528       0.956104       0.922372
            985          55.26        712.128       0.927989       0.922372
            986          43.26        632.528       0.935986       0.922372
            987         116.26        426.928       0.785967       0.922372
            988         147.26        318.728       0.683983       0.922372
            989         -28.74        729.928        1.04099       0.922372
            990          44.26        648.328       0.936095       0.922372
            991          41.26        695.928       0.944031       0.922372
            992           6.26        889.928       0.993015       0.922372
            993          25.26        718.128        0.96602       0.922372
            994          60.26        651.128       0.915292       0.922372
            995          50.26        543.128         0.9153       0.922372
            996         362.26         14.728      0.0390676       0.392902
            997         333.26        106.528       0.242226       0.392902
            998         287.26        193.728       0.402771       0.392902
            999         316.26        207.928       0.396667       0.392902
           1000         258.26        227.528       0.468369       0.392902
           1001          41.26        695.928       0.944031       0.922372
           1002          27.26        754.728        0.96514       0.922372
           1003           1.26        857.928       0.998533       0.922372
           1004          18.26        1094.53       0.983591       0.922372
           1005          45.26        955.128       0.954758       0.922372
           1006         234.26        476.328       0.670329       0.922372
           1007          13.26        956.528       0.986327       0.922372
           1008          50.26        784.128       0.939764       0.922372
           1009          20.26        944.128       0.978992       0.922372
           1010          79.26        880.328       0.917402       0.922372
           1011         -22.74        919.728        1.02535       0.922372
           1012         321.26        392.928       0.550174       0.392902
           1013         470.26        162.128       0.256374       0.392902
           1014         412.26        238.728       0.366716       0.392902
           1015         437.26        218.728       0.333433       0.392902
