              0           30.1         582.69        0.95088       0.932228
              1           76.1         617.49       0.890281       0.932228
              2           20.1         614.69       0.968336       0.932228
              3           46.1         722.49        0.94002       0.932228
              4          169.1         591.89       0.777789       0.932228
              5          130.1         584.69       0.817989       0.932228
              6           96.1         571.49       0.856049       0.932228
              7          312.1          37.29       0.106729       0.291248
              8          194.1         412.89       0.680225       0.932228
              9           30.1         643.69       0.955327       0.932228
             10          112.1         625.29       0.847977       0.932228
             11           51.1         687.49       0.930814       0.932228
             12           41.1         751.49       0.948145       0.932228
             13           50.1         776.69       0.939404       0.932228
             14          328.1          99.09       0.231958       0.291248
             15           23.1         706.09       0.968321       0.932228
             16           25.1         629.69       0.961667       0.932228
             17            0.1         771.69        0.99987       0.932228
             18           52.1         775.29       0.937031       0.932228
             19          144.1         598.89       0.806054       0.932228
             20           11.1         619.49       0.982397       0.932228
             21          345.1          68.69       0.166002       0.291248
             22          154.1         457.89       0.748198       0.932228
             23           81.1         608.49       0.882394       0.932228
             24           87.1         531.29        0.85915       0.932228
             25            1.1         753.49       0.998542       0.932228
             26          273.1         311.09       0.532515       0.291248
             27          300.1         246.69        0.45116       0.291248
             28           32.1         538.29       0.943723       0.932228
             29          124.1         541.89       0.813661       0.932228
             30           85.1         297.69       0.777685       0.932228
             31          162.1         451.29       0.735731       0.932228
             32           58.1         599.09       0.911593       0.932228
             33           72.1         449.29       0.861716       0.932228
             34            7.1         729.29       0.990358       0.932228
             35           64.1         552.89       0.896109       0.932228
             36          407.1         128.29        0.23962       0.291248
             37          305.1         183.69       0.375806       0.291248
             38          288.1         157.09       0.352861       0.291248
             39           74.1         453.89       0.859656       0.932228
             40           26.1         722.49       0.965134       0.932228
             41           83.1         419.09       0.834525       0.932228
             42           24.1         376.89       0.939899       0.932228
             43           39.1         495.89       0.926915       0.932228
             44           26.1         596.49       0.958078       0.932228
             45          -12.9         532.29        1.02484       0.932228
             46          -31.9         700.09        1.04774       0.932228
             47           88.1         476.09       0.843847       0.932228
             48            6.1         575.49       0.989512       0.932228
             49           62.1         576.29       0.902724       0.932228
             50          131.1         389.49        0.74817       0.932228
             51          416.1         148.49       0.263005       0.291248
             52           34.1         374.89       0.916624       0.932228
             53          218.1         206.09       0.485844       0.291248
             54           41.1         582.49       0.934091       0.932228
             55          304.1         161.89       0.347411       0.291248
             56          336.1          96.49       0.223052       0.291248
             57           18.1         643.09       0.972625       0.932228
             58           -1.9         607.09        1.00314       0.932228
             59           35.1         687.69       0.951438       0.932228
             60           54.1         654.89       0.923694       0.932228
             61           28.1         592.09       0.954691       0.932228
             62            0.1         620.69       0.999839       0.932228
             63           84.1         568.89       0.871208       0.932228
             64           26.1         522.49       0.952423       0.932228
             65           83.1         725.09       0.897178       0.932228
             66          105.1         408.69       0.795442       0.932228
             67          146.1         354.49       0.708144       0.932228
             68           81.1         629.49       0.885869       0.932228
             69           91.1         560.49       0.860188       0.932228
             70           63.1         552.09        0.89743       0.932228
             71           35.1         465.69       0.929911       0.932228
             72           18.1         587.09       0.970092       0.932228
             73           45.1         651.69       0.935275       0.932228
             74           86.1         457.49       0.841609       0.932228
             75           -6.9         647.09        1.01078       0.932228
             76          -34.9         565.69        1.06575       0.932228
             77           86.1         599.49       0.874415       0.932228
             78          127.1         598.29       0.824784       0.932228
             79           26.1         622.49       0.959759       0.932228
             80           62.1         388.29       0.862119       0.932228
             81           39.1         506.89       0.928387       0.932228
             82          312.1          13.29      0.0408433       0.291248
             83           83.1         552.09       0.869173       0.932228
             84          -22.9         626.29        1.03795       0.932228
             85           44.1         598.89       0.931414       0.932228
             86           43.1         466.09       0.915356       0.932228
             87          -11.9         689.09        1.01757       0.932228
             88          106.1         436.49       0.804456       0.932228
             89           55.1         432.69       0.887042       0.932228
             90           55.1         494.69        0.89978       0.932228
             91           23.1         542.09       0.959129       0.932228
             92           71.1         633.49        0.89909       0.932228
             93          173.1         394.09       0.694811       0.932228
             94          242.1         186.29       0.434861       0.291248
             95          138.1         492.09        0.78086       0.932228
             96           18.1         619.09       0.971594       0.932228
             97           26.1         698.49        0.96398       0.932228
             98           39.1         646.89       0.943002       0.932228
             99          -98.9         712.49        1.16118       0.932228
            100           -4.9         633.69        1.00779       0.932228
            101           16.1         589.49       0.973414       0.932228
            102           87.1         547.29       0.862703       0.932228
            103           -9.9         611.69        1.01645       0.932228
            104           -7.9         599.29        1.01336       0.932228
            105          -23.9         686.49        1.03607       0.932228
            106           -5.9         683.89         1.0087       0.932228
            107           24.1         688.89       0.966199       0.932228
            108           30.1         821.69       0.964663       0.932228
            109           27.1         590.29       0.956106       0.932228
            110           52.1         680.29       0.928863       0.932228
            111           62.1         639.29       0.911462       0.932228
            112           16.1         690.49       0.977215       0.932228
            113            1.1         528.49       0.997923       0.932228
            114           11.1         658.49       0.983423       0.932228
            115           36.1         610.49       0.944169       0.932228
            116          112.1         475.29       0.809156       0.932228
            117          146.1         149.49       0.505734       0.291248
            118          303.1          84.09        0.21718       0.291248
            119          389.1          21.89      0.0532616       0.291248
            120           89.1         439.89       0.831566       0.932228
            121          149.1         454.89       0.753142       0.932228
            122           66.1         589.49       0.899175       0.932228
            123           14.1         672.89       0.979476       0.932228
            124           25.1         517.69       0.953757       0.932228
            125          379.1         141.89       0.272347       0.291248
            126          243.1          74.09       0.233582       0.291248
            127          124.1         504.89         0.8027       0.932228
            128          125.1         605.69       0.828815       0.932228
            129          221.1         237.49        0.51787       0.291248
            130           28.1         668.09       0.959637       0.932228
            131           41.1         705.49        0.94495       0.932228
            132           39.1         457.89       0.921326       0.932228
            133           32.1         653.29       0.953165       0.932228
            134          -56.9         486.09        1.13258       0.932228
            135          -18.9         501.49        1.03916       0.932228
            136           40.1         658.69       0.942615       0.932228
            137           24.1         722.89       0.967737       0.932228
            138          -12.9         480.29         1.0276       0.932228
            139           52.1         618.29       0.922284       0.932228
            140           24.1         603.89       0.961624       0.932228
            141           11.1         624.49       0.982536       0.932228
            142          282.1         196.29       0.410314       0.291248
            143          263.1          97.09       0.269552       0.291248
            144          301.1         123.49       0.290845       0.291248
            145          406.1          32.49      0.0740783       0.291248
            146          501.1         223.49       0.308436       0.291248
            147          270.1         243.69       0.474299       0.291248
            148          281.1         144.49       0.339505       0.291248
            149          314.1         203.89       0.393618       0.291248
            150          301.1         119.49       0.284101       0.291248
            151           33.1         445.09       0.930781       0.932228
            152           13.1         686.09       0.981264       0.932228
            153           20.1         670.69       0.970903       0.932228
            154          349.1         245.89       0.413267       0.291248
            155          191.1         346.49       0.644525       0.932228
            156           66.1         437.49       0.868742       0.932228
            157          -12.9         623.29        1.02113       0.932228
            158          -14.9         689.69        1.02208       0.932228
            159            9.1         604.89       0.985179       0.932228
            160           40.1         682.69       0.944521       0.932228
            161           19.1         661.89       0.971953       0.932228
            162          142.1         178.29       0.556478       0.291248
            163          445.1          -4.31     -0.0097779       0.291248
            164           93.1         660.09       0.876392       0.932228
            165           49.1         571.89       0.920933       0.932228
            166          -18.9         557.49        1.03509       0.932228
            167           57.1         585.29       0.911113       0.932228
            168           69.1         733.89       0.913947       0.932228
            169          220.1          88.69       0.287218       0.291248
            170          260.1         114.69       0.306011       0.291248
            171          334.1         172.89       0.341013       0.291248
            172          -10.9         563.89        1.01971       0.932228
            173           56.1         651.49       0.920717       0.932228
            174           48.1         695.09       0.935279       0.932228
            175           33.1         737.09       0.957024       0.932228
            176           29.1         427.89       0.936322       0.932228
            177          -12.9         634.29        1.02076       0.932228
            178           28.1         527.09       0.949387       0.932228
            179          124.1         507.89       0.803636       0.932228
            180          264.1          80.89       0.234471       0.291248
            181          236.1          80.49       0.254241       0.291248
            182          304.1          74.89       0.197604       0.291248
            183          261.1          28.49      0.0983805       0.291248
            184          294.1         141.89       0.325443       0.291248
            185          241.1          92.49       0.277257       0.291248
            186           25.1         474.69       0.949779       0.932228
            187          -31.9         523.09        1.06494       0.932228
            188           54.1         470.89        0.89695       0.932228
            189          166.1         524.49       0.759481       0.932228
            190          317.1          98.29       0.236621       0.291248
            191          341.1         189.49       0.357131       0.291248
            192          363.1          70.09         0.1618       0.291248
            193           16.1         478.49       0.967448       0.932228
            194           17.1         628.29       0.973504       0.932228
            195          302.1          95.29        0.23979       0.291248
            196          513.1         102.09       0.165949       0.291248
            197           60.1         507.69       0.894151       0.932228
            198           89.1         779.89       0.897467       0.932228
            199          231.1         233.49       0.502572       0.291248
            200          225.1         136.69       0.377816       0.291248
            201          345.1         149.69       0.302532       0.291248
            202          237.1         161.29       0.404855       0.291248
            203           -0.9         695.89        1.00129       0.932228
            204          138.1         385.09       0.736042       0.932228
            205          255.1          93.69       0.268614       0.291248
            206          147.1         344.29       0.700645       0.932228
            207           16.1         551.49       0.971634       0.932228
            208           85.1         542.69       0.864445       0.932228
            209          147.1         265.29       0.643299       0.932228
            210          301.1          59.49        0.16498       0.291248
            211          178.1         233.09       0.566867       0.291248
            212          249.1         222.89       0.472235       0.291248
            213          340.1         149.69       0.305621       0.291248
            214          247.1          84.29       0.254353       0.291248
            215          225.1         140.69        0.38462       0.291248
            216          235.1         263.69       0.528659       0.291248
            217          306.1         133.49       0.303669       0.291248
            218          215.1         321.69       0.599285       0.291248
            219          176.1         543.49       0.755277       0.932228
            220          -39.9         630.69        1.06754       0.932228
            221           29.1         527.89       0.947755       0.932228
            222          -10.9         575.89        1.01929       0.932228
            223          110.1         336.69       0.753576       0.932228
            224          233.1         243.09        0.51049       0.291248
            225          -27.9         495.29        1.05969       0.932228
            226           -3.9         552.49        1.00711       0.932228
            227           33.1         532.09       0.941436       0.932228
            228          -24.9         652.69        1.03966       0.932228
            229          180.1         254.69       0.585777       0.291248
            230          273.1         154.09       0.360706       0.291248
            231           30.1         571.69       0.949983       0.932228
            232           29.1         554.89        0.95017       0.932228
            233           61.1         559.49       0.901545       0.932228
            234          -77.9         521.29        1.17569       0.932228
            235           43.1         788.09       0.948147       0.932228
            236          100.1         542.69       0.844273       0.932228
            237          -11.9         809.09        1.01493       0.932228
            238          -13.9         641.49        1.02215       0.932228
            239           12.1         799.29       0.985087       0.932228
            240           76.1         700.49       0.902007       0.932228
            241           40.1         736.69       0.948377       0.932228
            242           34.1         789.89       0.958616       0.932228
            243           26.1         446.49       0.944772       0.932228
            244          -44.9         544.69        1.08984       0.932228
            245          -52.9         605.29        1.09577       0.932228
            246           10.1         480.69       0.979421       0.932228
            247          286.1         313.49       0.522841       0.291248
            248          302.1          98.29       0.245486       0.291248
            249          213.1         314.09       0.595781       0.291248
            250          170.1         520.69        0.75376       0.932228
            251           12.1         422.29       0.972145       0.932228
            252           87.1         349.29       0.800408       0.932228
            253           -5.9         436.89        1.01369       0.932228
            254          136.1         557.49       0.803775       0.932228
            255          367.1         -50.71      -0.160277       0.291248
            256          213.1         162.09       0.432021       0.291248
            257          160.1         430.69       0.729007       0.932228
            258           -0.9         443.89        1.00203       0.932228
            259           37.1         594.29       0.941241       0.932228
            260          -61.9         617.09        1.11149       0.932228
            261           -0.9         643.89         1.0014       0.932228
            262          -39.9         639.69        1.06652       0.932228
            263          -14.9         523.69        1.02929       0.932228
            264           25.1         565.69       0.957515       0.932228
            265          115.1         372.69       0.764038       0.932228
            266          122.1         553.29       0.819216       0.932228
            267          -16.9         479.09        1.03657       0.932228
            268           14.1         519.89       0.973595       0.932228
            269           46.1         491.49       0.914247       0.932228
            270          -19.9         640.69        1.03206       0.932228
            271          316.1         353.49        0.52792       0.291248
            272           23.1         445.09       0.950661       0.932228
            273          -40.9         532.89        1.08313       0.932228
            274          -10.9         573.89        1.01936       0.932228
            275           19.1         595.89       0.968943       0.932228
            276           60.1         535.69       0.899126       0.932228
            277          171.1         105.49       0.381395       0.291248
            278          330.1          -9.31     -0.0290221       0.291248
            279          263.1         160.09       0.378293       0.291248
            280          210.1         456.69       0.684908       0.932228
            281          235.1         170.69       0.420636       0.291248
            282          246.1         120.49       0.328678       0.291248
            283          224.1          83.89       0.272379       0.291248
            284           16.1         459.49       0.966147       0.932228
            285            7.1         743.29       0.990538       0.932228
            286            5.1         621.69       0.991863       0.932228
            287           29.1         581.89       0.952372       0.932228
            288           56.1         543.49       0.906436       0.932228
            289          248.1         168.09       0.403878       0.291248
            290          319.1         178.89       0.359224       0.291248
            291          171.1         117.49       0.407117       0.291248
            292          -34.9         723.69        1.05067       0.932228
            293           38.1         604.09       0.940672       0.932228
            294           54.1         528.89       0.907203       0.932228
            295          134.1         370.89        0.73445       0.932228
            296           39.1         560.89       0.934832       0.932228
            297           62.1         467.29       0.882695       0.932228
            298          200.1         184.69       0.479976       0.291248
            299          189.1         363.89       0.658041       0.932228
            300           88.1         559.09       0.863873       0.932228
            301           61.1         431.49       0.875962       0.932228
            302            6.1         447.49       0.986552       0.932228
            303           58.1         635.09       0.916185       0.932228
            304           18.1         493.09       0.964592       0.932228
            305           -8.9         655.49        1.01376       0.932228
            306          125.1         357.69       0.740881       0.932228
            307          392.1          84.29       0.176935       0.291248
            308          156.1         431.49       0.734339       0.932228
            309           26.1         601.49       0.958412       0.932228
            310           62.1         426.29       0.872848       0.932228
            311          -35.9         815.89        1.04603       0.932228
            312           29.1         651.89       0.957268       0.932228
            313          -33.9         641.49        1.05579       0.932228
            314           38.1         486.09       0.927316       0.932228
            315           23.1         743.09       0.969851       0.932228
            316           -2.9         738.29        1.00394       0.932228
            317          -18.9         552.49        1.03542       0.932228
            318           30.1         629.69       0.954379       0.932228
            319          186.1         436.49       0.701087       0.932228
            320          265.1         202.69       0.433293       0.291248
            321          167.1         225.29       0.574148       0.291248
            322           22.1         637.29       0.966484       0.932228
            323           39.1         493.89        0.92664       0.932228
            324            2.1         730.29       0.997133       0.932228
            325          -31.9         568.09        1.05949       0.932228
            326           26.1         685.49       0.963322       0.932228
            327            6.1         391.49       0.984658       0.932228
            328          149.1         750.89       0.834331       0.932228
            329          147.1         366.29       0.713473       0.932228
            330          -43.9         822.49        1.05638       0.932228
            331           76.1         598.49       0.887191       0.932228
            332           13.1         606.09       0.978843       0.932228
            333          109.1         545.89       0.833433       0.932228
            334           43.1         455.09       0.913487       0.932228
            335          134.1         299.89       0.691007       0.932228
            336          273.1         -27.91       -0.11383       0.291248
            337          277.1         269.29       0.492853       0.291248
            338           12.1         542.29       0.978174       0.932228
            339           13.1         625.09       0.979473       0.932228
            340           27.1         626.29       0.958524       0.932228
            341          -56.9         630.09        1.09927       0.932228
            342           21.1         606.49       0.966379       0.932228
            343            2.1         639.29       0.996726       0.932228
            344           25.1         589.69       0.959173       0.932228
            345          114.1         300.89       0.725054       0.932228
            346          354.1         316.89       0.472272       0.291248
            347           94.1         629.89       0.870026       0.932228
            348          242.1         120.29       0.331935       0.291248
            349          224.1          66.89        0.22987       0.291248
            350          223.1          71.09       0.241647       0.291248
            351           98.1         402.09       0.803875       0.932228
            352           16.1         611.49       0.974346       0.932228
            353          -27.9         497.29        1.05944       0.932228
            354          -22.9         721.29        1.03279       0.932228
            355          176.1         340.49       0.659111       0.932228
            356           83.1         649.09       0.886505       0.932228
            357          177.1         551.29       0.756861       0.932228
            358          381.1          87.49       0.186709       0.291248
            359           77.1         332.29       0.811671       0.932228
            360          223.1         339.09       0.603159       0.932228
            361           22.1         663.29       0.967756       0.932228
            362           16.1         625.49       0.974906       0.932228
            363           80.1         765.69       0.905296       0.932228
            364           -9.9         686.69        1.01463       0.932228
            365          221.1         281.49       0.560079       0.932228
            366           -7.9         591.29        1.01354       0.932228
            367           74.1         557.89       0.882751       0.932228
            368          -46.9         590.09        1.08634       0.932228
            369           61.1         628.49       0.911397       0.932228
            370           18.1         715.09       0.975313       0.932228
            371           93.1         508.09        0.84514       0.932228
            372           18.1         505.09       0.965405       0.932228
            373           57.1         686.29        0.92319       0.932228
            374           34.1         482.89       0.934041       0.932228
            375          -33.9         578.49        1.06225       0.932228
            376           22.1         552.29       0.961524       0.932228
            377           11.1         717.49       0.984765       0.932228
            378           28.1         677.09       0.960153       0.932228
            379           27.1         446.29       0.942753       0.932228
            380           19.1         746.89       0.975065       0.932228
            381          286.1         116.49       0.289351       0.291248
            382          152.1         424.29       0.736116       0.932228
            383           52.1         591.29       0.919023       0.932228
            384          186.1         120.49          0.393       0.291248
            385          290.1          81.69       0.219721       0.291248
            386          105.1         362.69       0.775327       0.932228
            387           46.1         323.49       0.875267       0.932228
            388           20.1         625.69       0.968875       0.932228
            389           -3.9         626.49        1.00626       0.932228
            390           26.1         585.49       0.957324       0.932228
            391           15.1         700.69       0.978904       0.932228
            392          349.1         290.89       0.454523       0.291248
            393          298.1         164.09       0.355027       0.291248
            394          229.1          95.89       0.295055       0.291248
            395          310.1          90.69       0.226278       0.291248
            396          131.1         397.49       0.751982       0.932228
            397          155.1         321.69         0.6747       0.932228
            398           24.1         488.89       0.953021       0.932228
            399           -5.9         523.89        1.01139       0.932228
            400           72.1         578.29       0.889143       0.932228
            401          282.1         189.29       0.401557       0.291248
            402           64.1         480.89       0.882383       0.932228
            403           89.1         600.89       0.870868       0.932228
            404           -1.9         837.09        1.00227       0.932228
            405          -47.9         624.29         1.0831       0.932228
            406          153.1         223.09       0.593025       0.932228
            407            2.1         407.29        0.99487       0.932228
            408          -24.9         649.69        1.03985       0.932228
            409          -10.9         600.89        1.01847       0.932228
            410           64.1         436.89       0.872053       0.932228
            411           35.1         612.69       0.945816       0.932228
            412          -53.9         597.49        1.09916       0.932228
            413           -4.9         420.69        1.01178       0.932228
            414            0.1         502.69       0.999801       0.932228
            415          -14.9         658.69        1.02314       0.932228
            416           -0.9         637.89        1.00141       0.932228
            417          -25.9         641.89        1.04205       0.932228
            418           47.1         636.29       0.931079       0.932228
            419          143.1         313.09       0.686315       0.932228
            420           16.1         385.49       0.959909       0.932228
            421            1.1         715.49       0.998465       0.932228
            422          -31.9         653.09        1.05135       0.932228
            423           56.1         519.49       0.902535       0.932228
            424          460.1         168.69       0.268277       0.291248
            425          506.1         111.49       0.180524       0.291248
            426          427.1          77.29       0.153235       0.291248
            427          174.1         108.89       0.384784       0.291248
            428          232.1         141.29       0.378398       0.291248
            429          285.1          30.69      0.0971848       0.291248
            430          235.1          39.69       0.144438       0.291248
            431          354.1         181.89       0.339353       0.291248
            432          494.1         -61.11      -0.141135       0.291248
            433          508.1         259.09       0.337713       0.291248
            434          210.1         168.69       0.445339       0.291248
            435          268.1          18.09      0.0632098       0.291248
            436          208.1         264.09       0.559288       0.291248
            437           18.1         639.09       0.972458       0.932228
            438           32.1         640.29        0.95226       0.932228
            439          -49.9         737.69        1.07255       0.932228
            440          104.1         620.89       0.856412       0.932228
            441           89.1         402.89       0.818899       0.932228
            442          338.1          29.09      0.0792233       0.291248
            443          -19.9         658.69        1.03115       0.932228
            444          315.1          99.69       0.240338       0.291248
            445          -12.9         635.29        1.02073       0.932228
            446            3.1         738.09       0.995818       0.932228
            447          -29.9         784.69        1.03961       0.932228
            448           66.1         567.49       0.895674       0.932228
            449          174.1         283.89       0.619861       0.932228
            450          309.1         201.89       0.395096       0.291248
            451           95.1         298.69       0.758501       0.932228
            452           61.1         674.49       0.916937       0.932228
            453           68.1         481.09       0.875999       0.932228
            454          461.1         178.49       0.279069       0.291248
            455          361.1          23.49       0.061078       0.291248
            456           65.1         674.69       0.912002       0.932228
            457          347.1         143.29       0.292196       0.291248
            458          355.1         162.69       0.314201       0.291248
            459          295.1           0.69     0.00233274       0.291248
            460           21.1         533.49       0.961954       0.932228
            461           32.1         633.29       0.951758       0.932228
            462           16.1         476.49       0.967316       0.932228
            463          157.1         356.29       0.693995       0.932228
            464          -36.9         765.09        1.05067       0.932228
            465          -25.9         600.89        1.04504       0.932228
            466           74.1         756.89       0.910829       0.932228
            467           11.1         607.49       0.982056       0.932228
            468          -18.9         448.49          1.044       0.932228
            469           79.1         565.89       0.877362       0.932228
            470          -40.9         732.89         1.0591       0.932228
            471            6.1         622.49       0.990296       0.932228
            472          -19.9         564.69        1.03653       0.932228
            473           84.1         580.89       0.873532       0.932228
            474           -3.9         718.49        1.00546       0.932228
            475           14.1         639.89        0.97844       0.932228
            476           11.1         491.49       0.977914       0.932228
            477          -33.9         766.49        1.04627       0.932228
            478           24.1         556.89       0.958519       0.932228
            479           55.1         698.69       0.926903       0.932228
            480           39.1         415.89       0.914064       0.932228
            481          403.1          69.09       0.146318       0.291248
            482          125.1         367.69       0.746139       0.932228
            483           -2.9         659.29        1.00442       0.932228
            484           25.1         672.69       0.964029       0.932228
            485           80.1         706.69       0.898194       0.932228
            486           20.1         606.69       0.967932       0.932228
            487           55.1         476.69       0.896388       0.932228
            488           37.1         733.29       0.951843       0.932228
            489          187.1         251.29       0.573211       0.291248
            490          211.1         191.49       0.475645       0.291248
            491          312.1          99.29       0.241352       0.291248
            492          241.1         332.49       0.579665       0.291248
            493           85.1         471.69        0.84716       0.932228
            494           -1.9         563.09        1.00339       0.932228
            495           30.1         559.69       0.948965       0.932228
            496          171.1         432.49       0.716529       0.932228
            497          165.1          27.69       0.143628       0.291248
            498          -10.9         539.89        1.02061       0.932228
            499          -14.9         601.69        1.02539       0.932228
            500           64.1         751.89       0.921445       0.932228
            501          -17.9         566.29        1.03264       0.932228
            502           41.1         562.49       0.931907       0.932228
            503           61.1         527.49       0.896193       0.932228
            504           60.1         498.69       0.892446       0.932228
            505          143.1         599.09       0.807192       0.932228
            506          203.1         237.09       0.538608       0.291248
            507          256.1         382.49        0.59896       0.291248
            508          239.1         145.89       0.378945       0.291248
            509          222.1          13.29      0.0564595       0.291248
            510          274.1          53.89       0.164304       0.291248
            511          239.1         113.89       0.322644       0.291248
            512           73.1         516.09       0.875931       0.932228
            513          257.1         462.29       0.642614       0.932228
            514           32.1         472.29       0.936359       0.932228
            515           87.1         360.29       0.805315       0.932228
            516           57.1         354.29       0.861202       0.932228
            517          146.1         -24.51      -0.201579       0.291248
            518          281.1          43.49       0.133984       0.291248
            519           79.1         562.89       0.876789       0.932228
            520           28.1         502.09          0.947       0.932228
            521          -40.9         448.89        1.10025       0.932228
            522          -54.9         496.69        1.12427       0.932228
            523           -9.9         524.69        1.01923       0.932228
            524            3.1         660.09       0.995326       0.932228
            525          -34.9         689.69         1.0533       0.932228
            526           72.1         551.29       0.884342       0.932228
            527           73.1         502.09       0.872912       0.932228
            528           72.1         584.29       0.890157       0.932228
            529           23.1         669.09       0.966628       0.932228
            530           58.1         689.09       0.922242       0.932228
            531           12.1         592.29        0.97998       0.932228
            532           15.1         648.69       0.977252       0.932228
            533          -28.9         684.49        1.04408       0.932228
            534           54.1         521.89       0.906075       0.932228
            535          -48.9         569.49        1.09393       0.932228
            536           31.1         611.49       0.951602       0.932228
            537          -43.9         498.49        1.09657       0.932228
            538          -39.9         533.69         1.0808       0.932228
            539           -2.9         457.29        1.00638       0.932228
            540          305.1         110.69       0.266216       0.291248
            541          -26.9         598.09        1.04709       0.932228
            542            9.1         616.89       0.985463       0.932228
            543           15.1         603.69       0.975598       0.932228
            544          -13.9         532.49         1.0268       0.932228
            545           39.1         563.89       0.935156       0.932228
            546            3.1         429.09       0.992827       0.932228
            547           22.1         533.29       0.960208       0.932228
            548          -24.9         596.69        1.04355       0.932228
            549           55.1         519.69       0.904139       0.932228
            550           22.1         416.29       0.949588       0.932228
            551           50.1         544.69       0.915769       0.932228
            552           71.1         486.49       0.872487       0.932228
            553           -0.9         561.89         1.0016       0.932228
            554           25.1         613.69       0.960707       0.932228
            555          -24.9         516.69        1.05063       0.932228
            556          -55.9         665.89        1.09164       0.932228
            557            9.1         648.89        0.98617       0.932228
            558           23.1         454.09       0.951592       0.932228
            559          391.1         246.49       0.386596       0.291248
            560           60.1         309.69       0.837475       0.932228
            561           42.1         544.29       0.928205       0.932228
            562           -6.9         561.09        1.01245       0.932228
            563           16.1         489.49       0.968156       0.932228
            564           49.1         763.89       0.939606       0.932228
            565            6.1         593.49       0.989826       0.932228
            566           21.1         431.49       0.953379       0.932228
            567           69.1         428.89       0.861242       0.932228
            568            7.1         492.29       0.985783       0.932228
            569           48.1         419.09       0.897044       0.932228
            570           17.1         337.29       0.951748       0.932228
            571          -19.9         597.69        1.03444       0.932228
            572          247.1         161.29       0.394941       0.291248
            573          202.1         370.29       0.646919       0.932228
            574            8.1         628.09       0.987268       0.932228
            575           -4.9         608.69        1.00812       0.932228
            576           39.1         475.89       0.924076       0.932228
            577          308.1         108.09       0.259713       0.291248
            578          218.1          94.09       0.301387       0.291248
            579           96.1         210.49       0.686552       0.932228
            580            0.1         514.69       0.999806       0.932228
            581            3.1         483.09       0.993624       0.932228
            582            5.1         663.69       0.992374       0.932228
            583            7.1         729.29       0.990358       0.932228
            584          -19.9         488.69        1.04245       0.932228
            585           23.1         591.09       0.962389       0.932228
            586           98.1         557.09       0.850272       0.932228
            587            4.1         584.89       0.993039       0.932228
            588           23.1         706.09       0.968321       0.932228
            589           59.1         573.89       0.906634       0.932228
            590           -7.9         898.29        1.00887       0.932228
            591          -20.9         674.89        1.03196       0.932228
            592           40.1         412.69       0.911438       0.932228
            593            0.1         500.69         0.9998       0.932228
            594           43.1         555.09       0.927949       0.932228
            595            9.1         669.89       0.986598       0.932228
            596           12.1         400.29       0.970659       0.932228
            597           72.1         584.29       0.890157       0.932228
            598            2.1         533.29       0.996078       0.932228
            599           28.1         476.09       0.944267       0.932228
            600           25.1         522.69        0.95418       0.932228
            601          198.1         166.09       0.456053       0.291248
            602          238.1         109.09       0.314208       0.291248
            603          227.1          80.29       0.261199       0.291248
            604           19.1         580.89       0.968166       0.932228
            605           17.1         522.29       0.968298       0.932228
            606          -22.9         398.29          1.061       0.932228
            607            4.1         581.89       0.993003       0.932228
            608           15.1         633.69       0.976726       0.932228
            609           43.1         499.09       0.920508       0.932228
            610           -8.9         697.49        1.01292       0.932228
            611           16.1         535.49       0.970812       0.932228
            612           36.1         694.49       0.950588       0.932228
            613          -11.9         566.09        1.02147       0.932228
            614           23.1         602.09       0.963051       0.932228
            615          -80.9         675.89        1.13597       0.932228
            616           17.1         536.29         0.9691       0.932228
            617          -21.9         645.09        1.03514       0.932228
            618          -44.9         627.69        1.07704       0.932228
            619           57.1         728.29       0.927297       0.932228
            620          -12.9         594.29        1.02219       0.932228
            621           45.1         573.69       0.927116       0.932228
            622           62.1         653.29       0.913194       0.932228
            623          -30.9         589.89        1.05528       0.932228
            624          -12.9         638.29        1.02063       0.932228
            625          -90.9         546.89        1.19935       0.932228
            626           71.1         697.49       0.907493       0.932228
            627           46.1         739.49       0.941318       0.932228
            628          -39.9         554.69        1.07751       0.932228
            629           27.1         684.29       0.961906       0.932228
            630          -74.9         743.69        1.11199       0.932228
            631           19.1         567.89       0.967461       0.932228
            632           53.1         719.09       0.931235       0.932228
            633           77.1         613.29       0.888324       0.932228
            634            8.1         542.09       0.985278       0.932228
            635           90.1         489.69       0.844599       0.932228
            636           49.1         695.89       0.934093       0.932228
            637           40.1         516.69        0.92798       0.932228
            638            5.1         740.69       0.993162       0.932228
            639          -14.9         663.69        1.02297       0.932228
            640          -30.9         710.89        1.04544       0.932228
            641           48.1         686.09       0.934486       0.932228
            642           42.1         581.29       0.932466       0.932228
            643          173.1         330.09       0.655995       0.932228
            644          235.1          18.69      0.0736436       0.291248
            645          499.1          51.89      0.0941759       0.291248
            646          224.1         181.89       0.448016       0.291248
            647           48.1         515.09       0.914594       0.932228
            648          -12.9         664.29         1.0198       0.932228
            649            3.1         665.09       0.995361       0.932228
            650          107.1         566.29       0.840954       0.932228
            651          121.1         443.49       0.785508       0.932228
            652           46.1         391.49        0.89465       0.932228
            653           73.1         289.09       0.798172       0.932228
            654          435.1          44.69      0.0931449       0.291248
            655          409.1         206.89       0.335866       0.291248
            656           65.1         523.69       0.889434       0.932228
            657            8.1         632.09       0.987348       0.932228
            658            0.1         508.69       0.999803       0.932228
            659            7.1         679.29       0.989656       0.932228
            660          -46.9         624.09        1.08126       0.932228
            661           27.1         355.29        0.92913       0.932228
            662          -24.9         537.69        1.04856       0.932228
            663          241.1         387.49       0.616443       0.932228
            664          362.1          19.29      0.0505781       0.291248
            665          260.1         105.69       0.288936       0.291248
            666          268.1         104.09       0.279669       0.291248
            667          100.1         271.69       0.730762       0.932228
            668           -7.9         589.29        1.01359       0.932228
            669           59.1         631.89       0.914471       0.932228
            670          357.1          89.29       0.200027       0.291248
            671          -14.9         524.69        1.02923       0.932228
            672          -35.9         558.89        1.06864       0.932228
            673          159.1         211.89       0.571147       0.291248
            674          387.1          94.29        0.19587       0.291248
            675          270.1         328.69       0.548924       0.291248
            676          107.1         300.29       0.737107       0.932228
            677           41.1         497.49        0.92369       0.932228
            678          279.1          88.89       0.241555       0.291248
            679          254.1         229.89       0.474989       0.291248
            680          139.1         455.89       0.766215       0.932228
            681            2.1         648.29       0.996771       0.932228
            682           90.1         445.69       0.831837       0.932228
            683           81.1         496.49       0.859589       0.932228
            684           27.1         540.29       0.952237       0.932228
            685          -17.9         563.29        1.03282       0.932228
            686            8.1         423.09       0.981215       0.932228
            687          -54.9         617.69        1.09755       0.932228
            688          -15.9         549.89        1.02978       0.932228
            689           14.1         495.89       0.972352       0.932228
            690           20.1         464.69       0.958539       0.932228
            691           57.1         577.29       0.909992       0.932228
            692           60.1         552.69       0.901924       0.932228
            693          -16.9         662.09        1.02619       0.932228
            694           81.1         496.49       0.859589       0.932228
            695          343.1         290.09       0.458141       0.291248
            696          210.1         417.69       0.665334       0.932228
            697          228.1         207.09       0.475861       0.291248
            698           49.1         399.89       0.890643       0.932228
            699           51.1         689.49       0.931001       0.932228
            700           49.1         676.89       0.932368       0.932228
            701          -28.9         605.49        1.05012       0.932228
            702           77.1         503.29       0.867158       0.932228
            703          342.1         158.29       0.316333       0.291248
            704          210.1         159.69        0.43184       0.291248
            705          117.1         465.29       0.798932       0.932228
            706          -14.9         785.69        1.01933       0.932228
            707           -5.9         549.89        1.01085       0.932228
            708           90.1         532.69       0.855328       0.932228
            709           -1.9         716.09        1.00266       0.932228
            710          127.1         432.29       0.772788       0.932228
            711          216.1         131.49       0.378291       0.291248
            712          328.1         177.09       0.350541       0.291248
            713          351.1          57.49       0.140703       0.291248
            714          457.1         136.29        0.22968       0.291248
            715          438.1          78.09       0.151282       0.291248
            716          363.1         150.09       0.292465       0.291248
            717          467.1         -13.71     -0.0302389       0.291248
            718          194.1         432.89       0.690426       0.932228
            719          -28.9         495.49        1.06194       0.932228
            720           55.1         647.69       0.921598       0.932228
            721          123.1         207.09       0.627184       0.932228
            722          321.1          52.49       0.140502       0.291248
            723          201.1         409.49       0.670646       0.932228
            724          -16.9         660.09        1.02628       0.932228
            725           33.1         601.09       0.947807       0.932228
            726          -48.9         509.49        1.10617       0.932228
            727           71.1         580.49       0.890882       0.932228
            728           73.1         621.09       0.894697       0.932228
            729           69.1         668.89       0.906367       0.932228
            730          -31.9         513.09        1.06629       0.932228
            731            8.1         714.09       0.988784       0.932228
            732          -64.9         543.69        1.13555       0.932228
            733           55.1         661.69        0.92313       0.932228
            734          -11.9         571.09        1.02128       0.932228
            735          233.1         147.09       0.386886       0.291248
            736           33.1         471.09        0.93435       0.932228
            737          286.1         150.49       0.344694       0.291248
            738           30.1         350.69       0.920954       0.932228
            739           57.1         661.29       0.920517       0.932228
            740            6.1         575.49       0.989512       0.932228
            741           76.1         570.49       0.882306       0.932228
            742           33.1         459.09        0.93275       0.932228
            743           11.1         655.49       0.983348       0.932228
            744          190.1         315.69       0.624152       0.932228
            745           67.1         628.29       0.903507       0.932228
            746           -5.9         645.89        1.00922       0.932228
            747           12.1         503.29       0.976523       0.932228
            748          -60.9         547.89        1.12505       0.932228
            749          -29.9         490.69        1.06489       0.932228
            750           13.1         460.09       0.972316       0.932228
            751           48.1         526.09        0.91623       0.932228
            752           85.1         584.69       0.872945       0.932228
            753           99.1         611.89       0.860617       0.932228
            754           17.1         708.29       0.976426       0.932228
            755           75.1         745.69       0.908503       0.932228
            756           63.1         635.09       0.909623       0.932228
            757          381.1          66.49       0.148551       0.291248
            758          210.1          68.69       0.246386       0.291248
            759          257.1         264.29       0.506895       0.291248
            760           90.1         558.69       0.861126       0.932228
            761          158.1         255.09       0.617367       0.932228
            762           71.1         605.49       0.894914       0.932228
            763            3.1         567.09       0.994563       0.932228
            764          -17.9         705.29        1.02604       0.932228
            765          -24.9         537.69        1.04856       0.932228
            766           29.1         563.89       0.950927       0.932228
            767           30.1         659.69       0.956364       0.932228
            768           43.1         595.09       0.932465       0.932228
            769           19.1         605.89        0.96944       0.932228
            770           36.1         499.49       0.932598       0.932228
            771           48.1         625.09       0.928549       0.932228
            772           89.1         660.89       0.881198       0.932228
            773           37.1         673.29       0.947775       0.932228
            774            4.1         548.89       0.992586       0.932228
            775          -27.9         595.29        1.04917       0.932228
            776            1.1         489.49       0.997758       0.932228
            777           -9.9         379.69        1.02677       0.932228
            778           12.1         588.29       0.979846       0.932228
            779           80.1         521.69       0.866897       0.932228
            780          415.1          63.69       0.133023       0.291248
            781          318.1           9.09       0.027782       0.291248
            782          170.1         333.69       0.662359       0.932228
            783          -33.9         663.49        1.05384       0.932228
            784           45.1         598.69       0.929946       0.932228
            785          104.1         651.89         0.8623       0.932228
            786           37.1         535.29       0.935184       0.932228
            787          -13.9         581.49        1.02449       0.932228
            788          -40.9         565.89        1.07791       0.932228
            789           28.1         583.09       0.954024       0.932228
            790            5.1         627.69        0.99194       0.932228
            791           14.1         537.89       0.974456       0.932228
            792           17.1         644.29       0.974145       0.932228
            793           23.1         680.09        0.96715       0.932228
            794           93.1         739.09       0.888127       0.932228
            795           57.1         422.29        0.88089       0.932228
            796           55.1         484.69       0.897923       0.932228
            797          502.1          75.29       0.130397       0.291248
            798          115.1         327.69       0.740057       0.932228
            799           -6.9         564.09        1.01238       0.932228
            800          304.1         410.89       0.574679       0.932228
            801           45.1         593.69       0.929398       0.932228
            802          -41.9         677.09        1.06596       0.932228
            803           72.1         347.29       0.828084       0.932228
            804          -11.9         539.09        1.02257       0.932228
            805          -35.9         659.89        1.05753       0.932228
            806           54.1         491.89       0.900914       0.932228
            807           -6.9         454.09        1.01543       0.932228
            808           29.1         582.89        0.95245       0.932228
            809          -31.9         686.09        1.04876       0.932228
            810           53.1         616.09        0.92065       0.932228
            811           62.1         656.29       0.913557       0.932228
            812           29.1         539.89       0.948857       0.932228
            813          125.1         430.69       0.774915       0.932228
            814          243.1         143.09       0.370517       0.291248
            815          -46.9         585.09        1.08714       0.932228
            816          -29.9         627.69        1.05002       0.932228
            817           42.1         474.29       0.918472       0.932228
            818           10.1         639.69       0.984457       0.932228
            819          314.1         252.89       0.446022       0.291248
            820           98.1         500.09       0.836005       0.932228
            821          290.1          10.69      0.0355397       0.291248
            822          313.1          58.09       0.156497       0.291248
            823           38.1         475.09       0.925758       0.932228
            824          183.1         428.09        0.70042       0.932228
            825          179.1         353.89       0.663971       0.932228
            826           32.1         736.29       0.958224       0.932228
            827           76.1         693.49       0.901116       0.932228
            828          -57.9         762.29         1.0822       0.932228
            829           10.1         656.69       0.984853       0.932228
            830           17.1         745.29       0.977571       0.932228
            831           18.1         457.09        0.96191       0.932228
            832          -54.9         466.69        1.13332       0.932228
            833           27.1         572.29       0.954787       0.932228
            834           49.1         565.89       0.920161       0.932228
            835           -2.9         588.29        1.00495       0.932228
            836           18.1         514.09        0.96599       0.932228
            837           20.1         709.69       0.972458       0.932228
            838           78.1         374.09       0.827285       0.932228
            839          329.1         106.89       0.245166       0.291248
            840          413.1         138.09       0.250531       0.291248
            841          105.1         547.69       0.838999       0.932228
            842            1.1         618.49       0.998225       0.932228
            843          169.1         290.89       0.632383       0.932228
            844          289.1          87.89       0.233136       0.291248
            845          267.1          30.29       0.101853       0.291248
            846          310.1         -84.31        -0.3734       0.291248
            847          240.1          92.69       0.278524       0.291248
            848          243.1         163.09       0.401512       0.291248
            849          233.1         191.09       0.450482       0.291248
            850           31.1         381.49       0.924623       0.932228
            851           10.1         556.69        0.98218       0.932228
            852            2.1         504.29       0.995853       0.932228
            853          -51.9         536.09        1.10719       0.932228
            854          -21.9         744.09        1.03032       0.932228
            855           -7.9         489.29        1.01641       0.932228
            856           33.1         597.09       0.947476       0.932228
            857           82.1         452.29       0.846367       0.932228
            858           92.1         454.29       0.831439       0.932228
            859           27.1         611.29       0.957549       0.932228
            860           52.1         642.29        0.92497       0.932228
            861          129.1          30.89       0.193075       0.291248
            862          108.1         219.09       0.669611       0.932228
            863          -75.9         636.89         1.1353       0.932228
            864          -44.9         763.69        1.06247       0.932228
            865          -19.9         625.69        1.03285       0.932228
            866           -2.9         732.29        1.00398       0.932228
            867          -21.9         665.09        1.03405       0.932228
            868           24.1         560.89       0.958803       0.932228
            869           63.1         391.09       0.861071       0.932228
            870          313.1         214.09       0.406096       0.291248
            871           49.1         603.89       0.924807       0.932228
            872           13.1         527.09       0.975749       0.932228
            873          332.1          33.29      0.0911081       0.291248
            874           31.1         539.49       0.945495       0.932228
            875           41.1         501.49       0.924252       0.932228
            876           51.1         823.49       0.941573       0.932228
            877           63.1         619.09       0.907504       0.932228
            878          -15.9         608.89        1.02681       0.932228
            879           16.1         637.49       0.975367       0.932228
            880           44.1         664.89       0.937799       0.932228
            881           52.1         656.29       0.926453       0.932228
            882           -7.9         517.29        1.01551       0.932228
            883            6.1         499.49       0.987935       0.932228
            884          390.1         -51.31      -0.151451       0.291248
            885          220.1          30.69       0.122373       0.291248
            886          194.1         338.89       0.635828       0.932228
            887           20.1         409.69       0.953233       0.932228
            888           68.1         412.09       0.858181       0.932228
            889           42.1         633.29       0.937666       0.932228
            890           15.1         636.69       0.976833       0.932228
            891          -37.9         590.29        1.06861       0.932228
            892           29.1         727.89       0.961558       0.932228
            893           35.1         576.69       0.942627       0.932228
            894           14.1         678.89       0.979653       0.932228
            895           15.1         542.69       0.972929       0.932228
            896          -24.9         694.69        1.03718       0.932228
            897           81.1         400.49       0.831599       0.932228
            898          443.1         120.09       0.213232       0.291248
            899          225.1         231.69       0.507213       0.291248
            900           76.1         541.49       0.876779       0.932228
            901          -30.9         680.89        1.04754       0.932228
            902           62.1         378.29       0.858989       0.932228
            903          411.1          26.49      0.0605361       0.291248
            904           24.1         794.89       0.970574       0.932228
            905           86.1         424.49       0.831372       0.932228
            906           23.1         576.09       0.961448       0.932228
            907           35.1         513.69       0.936041       0.932228
            908           39.1         794.89       0.953117       0.932228
            909          105.1         449.69       0.810559       0.932228
            910          259.1         122.89        0.32171       0.291248
            911          140.1         399.69       0.740455       0.932228
            912          306.1         231.49       0.430607       0.291248
            913           92.1         456.29       0.832054       0.932228
            914           33.1         669.09       0.952862       0.932228
            915            6.1         767.49       0.992115       0.932228
            916          -24.9         457.69        1.05753       0.932228
            917           85.1         673.69       0.887848       0.932228
            918          273.1         393.09       0.590057       0.932228
            919            2.1         541.29       0.996135       0.932228
            920          120.1         372.69       0.756286       0.932228
            921           78.1         422.09       0.843859       0.932228
            922           45.1         618.69       0.932057       0.932228
            923           41.1         492.49       0.922975       0.932228
            924           38.1         643.09       0.944068       0.932228
            925           29.1         538.89       0.948767       0.932228
            926           73.1         611.09       0.893158       0.932228
            927           -2.9         617.29        1.00472       0.932228
            928           64.1         523.89       0.890985       0.932228
            929          182.1         392.29       0.682968       0.932228
            930          -12.9         663.29        1.01983       0.932228
            931           81.1         473.49       0.853766       0.932228
            932          295.1         191.69       0.393784       0.291248
            933          189.1          83.89       0.307301       0.291248
            934          325.1          52.69       0.139469       0.291248
            935           67.1         281.29         0.8074       0.932228
            936           -5.9         452.89         1.0132       0.932228
            937            3.1         710.09       0.995653       0.932228
            938           15.1         712.69       0.979252       0.932228
            939          278.1         196.09       0.413526       0.291248
            940          361.1          73.49       0.169102       0.291248
            941          183.1         302.09       0.622622       0.932228
            942           14.1         622.89       0.977865       0.932228
            943           10.1         430.69       0.977087       0.932228
            944           48.1         507.09       0.913363       0.932228
            945          109.1         122.89       0.529721       0.291248
            946          173.1         313.09       0.643966       0.932228
            947          -59.9         789.69        1.08208       0.932228
            948           73.1         699.09       0.905334       0.932228
            949           43.1         468.09       0.915687       0.932228
            950          290.1         161.69       0.357888       0.291248
            951          239.1         323.89       0.575303       0.291248
            952           17.1         543.29       0.969486       0.932228
            953           19.1         365.89       0.950388       0.932228
            954          -28.9         571.49        1.05326       0.932228
            955           -1.9         587.09        1.00325       0.932228
            956          -14.9         450.69        1.03419       0.932228
            957           80.1         616.69       0.885044       0.932228
            958           88.1         503.09       0.850979       0.932228
            959          272.1         390.29       0.589215       0.932228
            960          -25.9         680.89        1.03954       0.932228
            961           17.1         619.29        0.97313       0.932228
            962           41.1         707.49       0.945097       0.932228
            963           78.1         512.09        0.86767       0.932228
            964           80.1         421.69       0.840371       0.932228
            965          270.1         237.69       0.468087       0.291248
            966          311.1         181.49        0.36844       0.291248
            967          275.1          19.69      0.0667933       0.291248
            968          360.1          85.69       0.192221       0.291248
            969          237.1         247.29       0.510518       0.291248
            970          129.1         339.89       0.724728       0.932228
            971           72.1         539.29       0.882072       0.932228
            972          -25.9         608.89        1.04443       0.932228
            973           62.1         622.29       0.909262       0.932228
            974           57.1         323.29       0.849891       0.932228
            975           43.1         572.09        0.92994       0.932228
            976           22.1         734.29       0.970782       0.932228
            977           28.1         540.09       0.950545       0.932228
            978           41.1         565.49       0.932244       0.932228
            979           97.1         610.29       0.862735       0.932228
            980           62.1         509.29       0.891318       0.932228
            981          -12.9         536.29        1.02465       0.932228
            982           -5.9         555.89        1.01073       0.932228
            983          -18.9         804.49        1.02406       0.932228
            984          -83.9         561.49        1.17567       0.932228
            985           69.1         504.89       0.879615       0.932228
            986           53.1         495.09       0.903136       0.932228
            987           18.1         669.09       0.973661       0.932228
            988           19.1         498.89       0.963127       0.932228
            989          338.1         148.09       0.304593       0.291248
            990          129.1         277.89       0.682793       0.932228
            991          -78.9         658.49        1.13613       0.932228
            992           11.1         641.49       0.982991       0.932228
            993          -37.9         430.29        1.09659       0.932228
            994          -10.9         477.89        1.02334       0.932228
            995            1.1         548.49       0.997999       0.932228
            996           97.1         667.29       0.872971       0.932228
            997          -87.9         654.29        1.15519       0.932228
            998          -27.9         530.29        1.05553       0.932228
            999           19.1         643.89       0.971191       0.932228
           1000           57.1         497.29       0.897004       0.932228
           1001          -39.9         570.69        1.07517       0.932228
           1002           29.1         528.89       0.947849       0.932228
           1003          -34.9         517.69        1.07229       0.932228
           1004           91.1         604.49       0.869032       0.932228
           1005           -8.9         477.49        1.01899       0.932228
           1006           78.1         616.09       0.887495       0.932228
           1007          413.1         157.09       0.275505       0.291248
           1008          339.1         139.89       0.292052       0.291248
           1009          187.1         140.29        0.42851       0.291248
           1010           62.1         552.29       0.898924       0.932228
           1011           63.1         642.09       0.910521       0.932228
           1012           64.1         584.89       0.901231       0.932228
           1013          -13.9         742.49        1.01908       0.932228
           1014           31.1         514.49       0.942997       0.932228
           1015            1.1         712.49       0.998458       0.932228
           1016           62.1         641.29       0.911713       0.932228
           1017            6.1         839.49       0.992786       0.932228
           1018           35.1         610.69       0.945648       0.932228
           1019           32.1         686.29       0.955317       0.932228
           1020           29.1         526.89       0.947661       0.932228
           1021          134.1         448.89       0.769979       0.932228
           1022          137.1         623.29       0.819698       0.932228
           1023           86.1         532.49       0.860812       0.932228
           1024          265.1         144.69       0.353083       0.291248
           1025          261.1         188.49       0.419249       0.291248
           1026          315.1         173.69       0.355347       0.291248
           1027           98.1         474.09       0.828553       0.932228
           1028          151.1         336.49       0.690108       0.932228
           1029          350.1         171.69        0.32904       0.291248
           1030          261.1         122.49       0.319325       0.291248
           1031          371.1         111.49       0.231024       0.291248
           1032           28.1         480.09       0.944706       0.932228
           1033          169.1         189.89       0.528956       0.291248
           1034            0.1         467.69       0.999786       0.932228
           1035            4.1         578.89       0.992967       0.932228
           1036           41.1         641.49       0.939788       0.932228
           1037          260.1         187.69       0.419147       0.291248
           1038          322.1         -44.71      -0.161181       0.291248
           1039          310.1         127.69        0.29167       0.291248
           1040          199.1         443.89       0.690353       0.932228
           1041          313.1          40.09       0.113508       0.291248
           1042          233.1         120.09       0.340015       0.291248
           1043          362.1          43.29       0.106786       0.291248
           1044          246.1         201.49       0.450166       0.291248
           1045          143.1         425.09       0.748148       0.932228
           1046           -4.9         510.69        1.00969       0.932228
           1047           88.1         516.09       0.854185       0.932228
           1048           14.1         583.89       0.976421       0.932228
           1049           15.1         563.69       0.973911       0.932228
           1050            4.1         645.89       0.993692       0.932228
           1051           42.1         549.29       0.928812       0.932228
           1052           42.1         613.29       0.935763       0.932228
           1053           -9.9         654.69        1.01535       0.932228
           1054           42.1         583.29       0.932682       0.932228
           1055           30.1         496.69       0.942861       0.932228
           1056          300.1          26.69      0.0816732       0.291248
           1057          273.1         133.09       0.327655       0.291248
           1058          358.1          99.09       0.216737       0.291248
           1059           86.1         501.49       0.853469       0.932228
           1060           17.1         580.29       0.971375       0.932228
           1061           92.1         463.29       0.834171       0.932228
           1062           12.1         510.29       0.976837       0.932228
           1063           62.1         502.29        0.88997       0.932228
           1064          -22.9         483.29        1.04974       0.932228
           1065           -3.9         518.49        1.00758       0.932228
           1066          -32.9         573.29        1.06088       0.932228
           1067           69.1         676.89       0.907371       0.932228
           1068          175.1         168.69       0.490677       0.291248
           1069           42.1         599.29       0.934361       0.932228
           1070            4.1         539.89       0.992463       0.932228
           1071           -1.9         529.09         1.0036       0.932228
           1072           82.1         389.29       0.825834       0.932228
           1073           75.1         500.69       0.869571       0.932228
           1074           58.1         763.09       0.929249       0.932228
           1075           12.1         626.29       0.981046       0.932228
           1076          116.1         572.49       0.831395       0.932228
           1077           47.1         662.29       0.933605       0.932228
           1078           88.1         684.09       0.885909       0.932228
           1079           25.1         547.69       0.956179       0.932228
           1080           21.1         562.49       0.963844       0.932228
           1081          -37.9         522.29        1.07824       0.932228
           1082          -36.9         544.09        1.07275       0.932228
           1083           35.1         578.69       0.942814       0.932228
           1084           69.1         693.89       0.909435       0.932228
           1085            3.1         611.09       0.994953       0.932228
           1086           35.1         596.69       0.944444       0.932228
           1087          -42.9         604.29        1.07642       0.932228
           1088           80.1         489.69       0.859422       0.932228
           1089            4.1         418.89       0.990307       0.932228
           1090           25.1         531.69        0.95492       0.932228
           1091           19.1         583.89       0.968325       0.932228
           1092           18.1         751.09       0.976469       0.932228
           1093          510.1         213.69       0.295238       0.291248
           1094          514.1         101.89       0.165409       0.291248
           1095          288.1         108.09       0.272824       0.291248
           1096          213.1         180.09       0.458023       0.291248
           1097          238.1         152.09       0.389784       0.291248
           1098          415.1         -22.31     -0.0567988       0.291248
           1099          285.1          17.69      0.0584233       0.291248
           1100          282.1         150.29        0.34758       0.291248
           1101          277.1         118.29       0.299173       0.291248
           1102          347.1         121.29       0.258951       0.291248
           1103          213.1          33.09       0.134408       0.291248
           1104          125.1         346.69        0.73484       0.932228
           1105          107.1         472.29        0.81515       0.932228
           1106           18.1         735.09       0.975969       0.932228
           1107           79.1         356.89       0.818574       0.932228
           1108          253.1         103.09       0.289424       0.291248
           1109           44.1         502.89       0.919377       0.932228
           1110           74.1         398.89       0.843337       0.932228
           1111          411.1         136.49       0.249256       0.291248
           1112           77.1         523.29       0.871583       0.932228
           1113           72.1         550.29       0.884156       0.932228
           1114            0.1         615.69       0.999838       0.932228
           1115           39.1         429.89       0.916629       0.932228
           1116          235.1         295.69       0.557075       0.932228
           1117           47.1         471.29       0.909142       0.932228
           1118           24.1         679.89       0.965767       0.932228
           1119           16.1         459.49       0.966147       0.932228
           1120          -22.9         599.29        1.03973       0.932228
           1121          -55.9         614.89            1.1       0.932228
           1122            4.1         656.89       0.993797       0.932228
           1123           13.1         677.09        0.98102       0.932228
           1124           23.1         489.09         0.9549       0.932228
           1125          105.1         309.69       0.746619       0.932228
           1126          105.1         452.69       0.811578       0.932228
           1127          315.1          -0.31   -0.000984784       0.291248
           1128          211.1         444.49          0.678       0.932228
           1129          180.1         304.69       0.628499       0.932228
           1130          266.1          45.49       0.145993       0.291248
           1131           74.1         450.89       0.858854       0.932228
           1132           53.1         698.09       0.929312       0.932228
           1133           37.1         511.29       0.932347       0.932228
           1134          228.1         260.09       0.532764       0.291248
           1135          388.1           0.09    0.000231845       0.291248
           1136           64.1         302.89       0.825336       0.932228
           1137           23.1         707.09       0.968364       0.932228
           1138          -15.9         571.89         1.0286       0.932228
           1139          -40.9         703.89        1.06169       0.932228
           1140            4.1         769.89       0.994703       0.932228
           1141           -2.9         559.29        1.00521       0.932228
           1142          179.1         274.89       0.605498       0.932228
           1143          330.1         100.69       0.233733       0.291248
           1144          251.1         113.49       0.311281       0.291248
           1145          338.1         274.09        0.44772       0.291248
           1146           92.1         479.29       0.838814       0.932228
           1147          205.1         346.69       0.628301       0.932228
           1148          177.1         410.29       0.698497       0.932228
           1149          184.1         265.89        0.59088       0.932228
           1150           66.1         525.49       0.888267       0.932228
           1151            0.1         595.69       0.999832       0.932228
           1152           99.1         554.89       0.848469       0.932228
           1153          -80.9         780.89        1.11557       0.932228
           1154           50.1         621.69       0.925423       0.932228
           1155          -53.9         479.49        1.12665       0.932228
           1156           14.1         689.89       0.979971       0.932228
           1157           15.1         617.69       0.976137       0.932228
           1158          -17.9         648.29         1.0284       0.932228
           1159           -3.9         664.49         1.0059       0.932228
           1160           89.1         598.89       0.870492       0.932228
           1161           21.1         513.49       0.960531       0.932228
           1162           27.1         617.29       0.957945       0.932228
           1163          -24.9         688.69        1.03751       0.932228
           1164          -23.9         653.49        1.03796       0.932228
           1165           82.1         484.29       0.855047       0.932228
           1166          -13.9         621.49        1.02288       0.932228
           1167          -66.9         789.09        1.09263       0.932228
           1168          -16.9         581.09        1.02995       0.932228
           1169           79.1         835.89       0.913551       0.932228
           1170           34.1         633.89       0.948951       0.932228
           1171           61.1         546.49       0.899439       0.932228
           1172           40.1         591.69        0.93653       0.932228
           1173           71.1         587.49       0.892042       0.932228
           1174           63.1         536.09       0.894691       0.932228
           1175           21.1         550.49       0.963085       0.932228
           1176           53.1         596.09       0.918206       0.932228
           1177           34.1         499.89       0.936141       0.932228
           1178          319.1          48.89       0.132857       0.291248
           1179          152.1         387.29       0.718015       0.932228
           1180           12.1         387.29       0.969704       0.932228
           1181           78.1         541.09       0.873867       0.932228
           1182           37.1         456.29       0.924806       0.932228
           1183          304.1         244.89       0.446074       0.291248
           1184           20.1         551.69       0.964847       0.932228
           1185           35.1         547.69       0.939772       0.932228
           1186          -44.9         777.69        1.06127       0.932228
           1187           38.1         495.09       0.928543       0.932228
