              0          890.1         364.69       0.290638       0.276672
              1          742.1          95.29       0.113794       0.276672
              2          661.1          50.49      0.0709538       0.276672
              3          668.1         308.09       0.315605       0.276672
              4          544.1         845.89       0.608558       0.913654
              5          507.1         878.29       0.633966       0.913654
              6          727.1         528.29       0.420817       0.276672
              7          883.1         413.09       0.318696       0.276672
              8          762.1         269.29       0.261094       0.276672
              9          418.1         554.09        0.56994       0.276672
             10          806.1         239.49       0.229048       0.276672
             11          867.1         346.29       0.285391       0.276672
             12          752.1         251.29       0.250441       0.276672
             13          782.1         196.29       0.200626       0.276672
             14          646.1         193.49       0.230458       0.276672
             15          538.1         494.09       0.478681       0.276672
             16          801.1         289.49       0.265443       0.276672
             17          403.1        1051.09       0.722801       0.913654
             18          544.1         523.89       0.490538       0.276672
             19          728.1          85.09       0.104637       0.276672
             20          848.1         207.09       0.196258       0.276672
             21          744.1         324.89       0.303922       0.276672
             22          297.1         759.29       0.718759       0.913654
             23          462.1         706.29       0.604498       0.913654
             24          605.1         490.69       0.447796       0.276672
             25          124.1        1085.89       0.897437       0.913654
             26          113.1        1191.09        0.91328       0.913654
             27          306.1        1336.49       0.813648       0.913654
             28          174.1        1082.89       0.861495       0.913654
             29          110.1        1510.69        0.93207       0.913654
             30           55.1        1651.69       0.967717       0.913654
             31           78.1        1515.09       0.950979       0.913654
             32           48.1        1507.09       0.969071       0.913654
             33           91.1        1408.49        0.93925       0.913654
             34           97.1        1470.29        0.93805       0.913654
             35          187.1        1318.29       0.875713       0.913654
             36           71.1        1161.49       0.942317       0.913654
             37          -12.9        1068.29        1.01222       0.913654
             38           86.1        1595.49       0.948798       0.913654
             39           86.1        1537.49       0.946969       0.913654
             40           94.1        1667.89       0.946594       0.913654
             41           58.1        1662.09       0.966225       0.913654
             42           69.1        1494.89       0.955818       0.913654
             43          119.1        1595.89       0.930554       0.913654
             44            0.1        1711.69       0.999942       0.913654
             45          154.1        1378.89       0.899477       0.913654
             46           81.1        1380.49       0.944512       0.913654
             47           94.1        1699.89       0.947547       0.913654
             48          288.1         909.09       0.759353       0.913654
             49          129.1        1118.89       0.896554       0.913654
             50          207.1        1081.29       0.839257       0.913654
             51          158.1        1094.09       0.873741       0.913654
             52           67.1        1189.29       0.946593       0.913654
             53           59.1        1357.89       0.958292       0.913654
             54          102.1        1734.29       0.944402       0.913654
             55           66.1        1476.49        0.95715       0.913654
             56           63.1        1402.09       0.956934       0.913654
             57          177.1        1681.29       0.904702       0.913654
             58           53.1        1398.09       0.963409       0.913654
             59           79.1        1293.89       0.942389       0.913654
             60            3.1        1280.09       0.997584       0.913654
             61          149.1        1275.89       0.895368       0.913654
             62          130.1        1220.69       0.903686       0.913654
             63           60.1        1230.69       0.953439       0.913654
             64           64.1        1201.89       0.949368       0.913654
             65          507.1         654.29       0.563368       0.276672
             66          652.1          54.29      0.0768556       0.276672
             67          375.1         937.69       0.714273       0.913654
             68           88.1        1213.09       0.932293       0.913654
             69          161.1        1180.49       0.879919       0.913654
             70          143.1        1045.09       0.879565       0.913654
             71           61.1        1240.49       0.953057       0.913654
             72           93.1        1296.09       0.932983       0.913654
             73           44.1        1147.89       0.963003       0.913654
             74           43.1        1188.09       0.964993       0.913654
             75          678.1         132.09       0.163036       0.276672
             76          635.1          97.69       0.133312       0.276672
             77          510.1         656.69       0.562818       0.276672
             78          788.1         216.09       0.215188       0.276672
             79          663.1         107.09       0.139044       0.276672
             80          515.1         427.69       0.453643       0.276672
             81           75.1        1236.69        0.94275       0.913654
             82           95.1        1395.69       0.936208       0.913654
             83           57.1        1159.29       0.953058       0.913654
             84           94.1        1274.89       0.931263       0.913654
             85          244.1        1049.89       0.811359       0.913654
             86          779.1         114.89       0.128514       0.276672
             87           -3.9        1258.49        1.00311       0.913654
             88           45.1        1296.69       0.966388       0.913654
             89          168.1        1242.09       0.880796       0.913654
             90          145.1        1454.69       0.909301       0.913654
             91           84.1        1457.89        0.94546       0.913654
             92          316.1        1084.49       0.774309       0.913654
             93          866.1          60.49      0.0652824       0.276672
             94          742.1         215.29       0.224872       0.276672
             95          244.1        1132.89       0.822729       0.913654
             96          610.1         480.69       0.440681       0.276672
             97          620.1         244.69       0.282947       0.276672
             98          149.1        1211.89       0.890447       0.913654
             99           56.1        1263.49       0.957487       0.913654
            100           55.1        1279.69        0.95872       0.913654
            101          486.1         480.49       0.497098       0.276672
            102          515.1         610.69       0.542455       0.276672
            103          857.1         139.29       0.139795       0.276672
            104          725.1          80.69       0.100138       0.276672
            105          414.1         871.89       0.677991       0.913654
            106          851.1         284.49       0.250522       0.276672
            107          677.1         199.29       0.227399       0.276672
            108           60.1        1181.69       0.951602       0.913654
            109          585.1         566.69       0.492008       0.276672
            110          786.1         127.49       0.139548       0.276672
            111          724.1         208.89       0.223893       0.276672
            112          765.1         242.69       0.240814       0.276672
            113          123.1        1315.09       0.914406       0.913654
            114           12.1        1155.29       0.989635       0.913654
            115           44.1        1377.89       0.968987       0.913654
            116           91.1        1236.49       0.931379       0.913654
            117          700.1         180.69       0.205145       0.276672
            118          784.1         158.89       0.168496       0.276672
            119          660.1         164.69       0.199675       0.276672
            120          727.1         126.29       0.147986       0.276672
            121          322.1         827.29       0.719764       0.913654
            122           91.1        1173.49       0.927961       0.913654
            123          122.1        1245.29       0.910706       0.913654
            124          120.1        1267.69        0.91346       0.913654
            125           88.1         990.09       0.918289       0.913654
            126          105.1        1272.69       0.923718       0.913654
            127            8.1        1124.09       0.992846       0.913654
            128           37.1        1323.29       0.972728       0.913654
            129           57.1        1210.29       0.954947       0.913654
            130            5.1        1387.69       0.996338       0.913654
            131            9.1        1337.89       0.993244       0.913654
            132           68.1        1518.09       0.957067       0.913654
            133          106.1        1556.49       0.936184       0.913654
            134          105.1        1667.69       0.940715       0.913654
            135          -27.9        1593.29        1.01782       0.913654
            136           74.1        1298.89        0.94603       0.913654
            137           29.1        1298.89       0.978087       0.913654
            138           55.1        1411.69       0.962435       0.913654
            139           98.1        1219.09       0.925523       0.913654
            140           71.1        1336.49       0.949488       0.913654
            141          141.1        1586.49       0.918326       0.913654
            142          395.1        1009.69       0.718748       0.913654
            143          716.1         320.49       0.309177       0.276672
            144          604.1         428.89       0.415193       0.276672
            145          111.1        1153.49       0.912145       0.913654
            146           86.1        1197.49       0.932923       0.913654
            147          775.1         188.69       0.195779       0.276672
            148          424.1         460.89       0.520786       0.276672
            149           35.1        1322.69       0.974149       0.913654
            150           89.1        1325.89       0.937031       0.913654
            151            0.1        1655.69        0.99994       0.913654
            152          124.1        1169.89       0.904095       0.913654
            153           52.1        1113.29       0.955294       0.913654
            154           39.1        1271.89       0.970175       0.913654
            155          579.1         619.89        0.51701       0.276672
            156          138.1        1285.09       0.902964       0.913654
            157           97.1        1474.29       0.938208       0.913654
            158          139.1        1619.89       0.920921       0.913654
            159           35.1        1352.69       0.974708       0.913654
            160           42.1        1314.29       0.968962       0.913654
            161           64.1        1255.89       0.951439       0.913654
            162          150.1        1203.69       0.889126       0.913654
            163          549.1         633.89       0.535837       0.276672
            164          189.1        1126.89       0.856306       0.913654
            165          639.1         478.89       0.428349       0.276672
            166          711.1         152.49       0.176577       0.276672
            167          673.1         229.09       0.253927       0.276672
            168          751.1         197.49       0.208193       0.276672
            169          821.1         150.49        0.15489       0.276672
            170          849.1         185.89       0.179606       0.276672
            171          893.1         122.09       0.120263       0.276672
            172          945.1         262.69       0.217496       0.276672
            173         1048.1         300.09       0.222587       0.276672
            174          455.1         549.69        0.54707       0.276672
            175          122.1        1133.29       0.902739       0.913654
            176          616.1         106.49       0.147373       0.276672
            177          752.1         380.29        0.33583       0.276672
            178          671.1         374.49       0.358161       0.276672
            179          278.1        1210.09       0.813129       0.913654
            180          691.1         233.49       0.252534       0.276672
            181          557.1         457.29       0.450803       0.276672
            182          147.1        1551.29       0.913389       0.913654
            183           47.1        1154.29       0.960795       0.913654
            184          159.1        1241.89       0.886437       0.913654
            185          220.1         994.69       0.818816       0.913654
            186          667.1         291.29       0.303937       0.276672
            187          320.1        1109.69       0.776121       0.913654
            188          123.1        1482.09       0.923311       0.913654
            189          235.1        1101.69       0.824131       0.913654
            190           41.1        1301.49       0.969388       0.913654
            191           91.1        1426.49       0.939971       0.913654
            192           24.1        1399.89       0.983076       0.913654
            193          127.1        1378.29        0.91557       0.913654
            194           85.1        1306.69       0.938856       0.913654
            195           44.1        1643.89       0.973874       0.913654
            196          163.1        1528.09       0.903559       0.913654
            197          119.1        1664.89        0.93324       0.913654
            198          124.1        1085.89       0.897437       0.913654
            199          124.1        1256.89       0.910137       0.913654
            200           60.1        1249.69       0.954115       0.913654
            201           75.1        1374.69       0.948199       0.913654
            202           44.1        1232.89       0.965466       0.913654
            203          127.1        1384.29       0.915905       0.913654
            204           84.1        1373.89       0.942318       0.913654
            205          124.1        1190.89       0.905627       0.913654
            206            0.1        1675.69        0.99994       0.913654
            207           19.1        1229.89       0.984708       0.913654
            208          127.1        1202.29       0.904392       0.913654
            209          187.1        1376.29       0.880324       0.913654
            210          177.1        1410.29       0.888433       0.913654
            211          129.1        1412.89       0.916277       0.913654
            212          152.1        1484.29       0.907051       0.913654
            213          595.1         589.69       0.497717       0.276672
            214          369.1         856.89       0.698937       0.913654
            215          561.1         559.49       0.499282       0.276672
            216          829.1         122.89       0.129087       0.276672
            217          736.1         340.49       0.316267       0.276672
            218           92.1        1236.29       0.930668       0.913654
            219          111.1        1246.49       0.918164       0.913654
            220           57.1        1130.29       0.951911       0.913654
            221          -11.9        1184.09        1.01015       0.913654
            222          112.1        1318.29        0.92163       0.913654
            223          394.1         776.89       0.663447       0.913654
            224           57.1        1550.29       0.964477       0.913654
            225           67.1        1335.29       0.952153       0.913654
            226          155.1        1509.69       0.906835       0.913654
            227          147.1        1740.29       0.922062       0.913654
            228          152.1        1716.29       0.918593       0.913654
            229          106.1        1614.49       0.938335       0.913654
            230           58.1        1533.09       0.963486       0.913654
            231            5.1        1623.69       0.996869       0.913654
            232           81.1        1146.49       0.933936       0.913654
            233          575.1         284.69       0.331116       0.276672
            234          651.1         263.49       0.288096       0.276672
            235          642.1         238.29       0.270664       0.276672
            236          195.1        1217.69       0.861904       0.913654
            237           46.1        1540.49       0.970944       0.913654
            238           65.1        1248.69       0.950449       0.913654
            239           81.1        1183.49       0.935869       0.913654
            240           41.1        1245.49       0.968055       0.913654
            241          -46.9        1298.09        1.03748       0.913654
            242          101.1        1215.49       0.923211       0.913654
            243           96.1        1177.49       0.924544       0.913654
            244          816.1         402.49       0.330292       0.276672
            245          546.1         509.49       0.482659       0.276672
            246          571.1         163.49        0.22256       0.276672
            247         1986.1          17.49     0.00872933       0.276672
            248          530.1         221.69       0.294883       0.276672
            249          261.1        1043.49        0.79986       0.913654
            250          178.1        1279.09       0.877778       0.913654
            251          320.1         721.69        0.69274       0.913654
            252          748.1         231.09       0.236001       0.276672
            253          687.1         258.29        0.27321       0.276672
            254          720.1         151.69       0.173998       0.276672
            255          753.1         498.09       0.398093       0.276672
            256           48.1        1420.09       0.967239       0.913654
            257           71.1        1383.49        0.95112       0.913654
            258           10.1        1412.69       0.992901       0.913654
            259          623.1         475.09       0.432612       0.276672
            260          744.1         111.89       0.130714       0.276672
            261          614.1         290.89       0.321429       0.276672
            262          560.1         757.69        0.57497       0.276672
            263          271.1        1065.49        0.79717       0.913654
            264          815.1          40.69      0.0475467       0.276672
            265          636.1         239.49       0.273518       0.276672
            266          284.1        1230.89       0.812474       0.913654
            267          -76.9        1450.09          1.056       0.913654
            268           35.1        1313.69       0.973977       0.913654
            269          102.1        1319.29       0.928169       0.913654
            270          128.1        1513.09       0.921947       0.913654
            271          171.1        1335.49       0.886432       0.913654
            272          150.1        1300.69       0.896539       0.913654
            273          113.1        1203.09        0.91407       0.913654
            274          641.1         201.49       0.239132       0.276672
            275          733.1          15.09      0.0201687       0.276672
            276          801.1         130.49       0.140072       0.276672
            277          723.1         279.09        0.27848       0.276672
            278          479.1         384.89        0.44548       0.276672
            279           29.1        1268.89       0.977581       0.913654
            280          237.1         868.29       0.785506       0.913654
            281          466.1         605.49       0.565039       0.913654
            282          121.1        1187.49       0.907458       0.913654
            283          765.1         164.69       0.177126       0.276672
            284          652.1         357.29       0.353966       0.276672
            285          890.1          26.69      0.0291124       0.276672
            286           96.1        1218.49       0.926897       0.913654
            287           24.1        1300.89       0.981811       0.913654
            288          -12.9        1260.29        1.01034       0.913654
            289           55.1        1329.69       0.960211       0.913654
            290          227.1        1074.29       0.825494       0.913654
            291          120.1        1211.69       0.909821       0.913654
            292           27.1        1568.29       0.983014       0.913654
            293           79.1        1415.89        0.94709       0.913654
            294           34.1        1465.89       0.977267       0.913654
            295          123.1        1647.09       0.930459       0.913654
            296           50.1        1463.69       0.966904       0.913654
            297          117.1        1650.29       0.933744       0.913654
            298           49.1        1579.89       0.969859       0.913654
            299            4.1        1274.89       0.996794       0.913654
            300           26.1        1452.49       0.982348       0.913654
            301          187.1        1283.29       0.872755       0.913654
            302          693.1         111.09       0.138139       0.276672
            303          514.1         422.89       0.451328       0.276672
            304          320.1        1011.69       0.759647       0.913654
            305          629.1         153.89       0.196541       0.276672
            306          764.1          42.89      0.0531481       0.276672
            307          511.1         597.49       0.538964       0.276672
            308          675.1         431.69       0.390038       0.276672
            309          630.1         176.69       0.219004       0.276672
            310          748.1         110.09       0.128282       0.276672
            311          735.1         203.69       0.216971       0.276672
            312          841.1         109.49       0.115181       0.276672
            313          392.1         638.29       0.619464       0.913654
            314           54.1        1135.89       0.954537       0.913654
            315          225.1        1439.69       0.864788       0.913654
            316           73.1        1357.09       0.948888       0.913654
            317          208.1         976.09       0.824268       0.913654
            318          138.1        1506.09       0.916007       0.913654
            319           90.1        1501.69       0.943397       0.913654
            320           92.1        1584.29       0.945061       0.913654
            321           56.1        1815.49       0.970025       0.913654
            322           57.1        2209.29       0.974806       0.913654
            323           46.1        2185.49       0.979342       0.913654
            324           71.1        1361.49        0.95037       0.913654
            325          108.1        1318.09       0.924204       0.913654
            326          293.1        1018.09       0.776463       0.913654
            327          486.1         633.49       0.565823       0.276672
            328          681.1         257.49       0.274337       0.276672
            329          406.1         506.49       0.555003       0.276672
            330          100.1        1266.69       0.926763       0.913654
            331           86.1        1347.49       0.939941       0.913654
            332           24.1        1271.89       0.981404       0.913654
            333          147.1        1270.29       0.896218       0.913654
            334          101.1        1215.49       0.923211       0.913654
            335           72.1        1322.29       0.948293       0.913654
            336          157.1        1073.29       0.872317       0.913654
            337          356.1         444.49       0.555203       0.276672
            338          627.1         230.29       0.268594       0.276672
            339           97.1        1330.29       0.931974       0.913654
            340           51.1        1857.49       0.973226       0.913654
            341          269.1        1561.89        0.85303       0.913654
            342          506.1         504.49       0.499203       0.276672
            343          499.1        1491.89       0.749321       0.913654
            344          315.1         855.69       0.730865       0.913654
            345          221.1        1016.49       0.821346       0.913654
            346            8.1        1367.09        0.99411       0.913654
            347           57.1        1414.29       0.961193       0.913654
            348           78.1        1323.09       0.944262       0.913654
            349          114.1        1365.89       0.922905       0.913654
            350           51.1        1412.49       0.965086       0.913654
            351           80.1        1225.69       0.938658       0.913654
            352           99.1        1363.89       0.932262       0.913654
            353          157.1        1414.29       0.900025       0.913654
            354           37.1        1347.29       0.973201       0.913654
            355           41.1        1376.49       0.971007       0.913654
            356           35.1        1506.69       0.977234       0.913654
            357          102.1        1307.29       0.927557       0.913654
            358           89.1        1628.89       0.948137       0.913654
            359           39.1        1395.89       0.972752       0.913654
            360          318.1         892.09       0.737149       0.913654
            361           14.1        1151.89       0.987907       0.913654
            362           66.1        1017.49       0.938999       0.913654
            363           65.1        1515.69       0.958818       0.913654
            364           39.1        1898.89       0.979824       0.913654
            365           21.1        1692.49       0.987687       0.913654
            366          169.1        1539.89       0.901053       0.913654
            367          114.1        1574.89       0.932445       0.913654
            368          237.1        1122.29       0.825584       0.913654
            369          103.1        1367.09       0.929873       0.913654
            370          528.1        1079.09       0.671414       0.913654
            371          774.1          77.89      0.0914213       0.276672
            372          521.1         250.49       0.324641       0.276672
            373          597.1          49.29      0.0762543       0.276672
            374          387.1         716.29       0.649172       0.913654
            375           60.1        1313.69       0.956252       0.913654
            376           76.1        1231.49       0.941801       0.913654
            377          303.1         920.09       0.752205       0.913654
            378          414.1         828.89       0.666852       0.913654
            379          937.1         201.29        0.17682       0.276672
            380           94.1        1517.89       0.941625       0.913654
            381           26.1        1546.49       0.983403       0.913654
            382          -13.9        1792.49        1.00782       0.913654
            383           82.1        1741.29       0.954974       0.913654
            384           24.1        1563.89       0.984824       0.913654
            385           61.1        1521.49       0.961392       0.913654
            386           42.1        1348.29       0.969721       0.913654
            387          100.1        1337.69       0.930379       0.913654
            388          100.1        1036.69       0.911945       0.913654
            389          312.1        1045.29       0.770073       0.913654
            390          101.1        1278.49       0.926717       0.913654
            391          135.1         992.69       0.880208       0.913654
            392          103.1        1579.09       0.938711       0.913654
            393          358.1         628.09       0.636885       0.913654
            394          808.1         194.09       0.193666       0.276672
            395          183.1        1101.09        0.85742       0.913654
            396            6.1        1298.49       0.995324       0.913654
            397           56.1        1378.49       0.960895       0.913654
            398          -25.9        1217.89        1.02173       0.913654
            399          232.1        1684.29       0.878887       0.913654
            400          121.1        1537.49       0.926986       0.913654
            401           27.1        1351.29       0.980339       0.913654
            402           36.1        1432.49       0.975419       0.913654
            403           81.1        1721.49       0.955009       0.913654
            404           50.1        1272.69       0.962126       0.913654
            405          105.1        1515.69       0.935155       0.913654
            406          133.1        1513.09       0.919147       0.913654
            407           73.1        1463.09       0.952415       0.913654
            408           88.1        1229.09       0.933115       0.913654
            409           92.1        1350.29       0.936148       0.913654
            410           31.1        1408.49       0.978397       0.913654
            411           83.1        1330.09       0.941197       0.913654
            412           52.1        1240.29       0.959687       0.913654
            413           93.1        1390.09        0.93723       0.913654
            414           42.1        1251.29        0.96745       0.913654
            415          100.1        1425.69       0.934395       0.913654
            416           30.1        1258.69       0.976645       0.913654
            417          388.1         601.09       0.607659       0.913654
            418          608.1         155.09       0.203213       0.276672
            419          304.1         921.89       0.751956       0.913654
            420           73.1        1553.09       0.955048       0.913654
            421           54.1        1482.89       0.964801       0.913654
            422           67.1        1217.29       0.947757       0.913654
            423           66.1        1433.49       0.955921       0.913654
            424           57.1        1105.29       0.950877       0.913654
            425          106.1        1184.49        0.91779       0.913654
            426           89.1        1782.89       0.952404       0.913654
            427          119.1        1724.89       0.935412       0.913654
            428           58.1        1923.09       0.970674       0.913654
            429           50.1        2018.69       0.975783       0.913654
            430           83.1        1896.09       0.958013       0.913654
            431          302.1        1032.29       0.773604       0.913654
            432          326.1         851.49       0.723078       0.913654
            433           63.1        1262.09       0.952384       0.913654
            434           55.1        1652.69       0.967736       0.913654
            435           97.1        1467.29       0.937931       0.913654
            436          105.1        1250.69       0.922481       0.913654
            437           69.1        1683.89       0.960582       0.913654
            438          118.1        2091.09       0.946541       0.913654
            439          165.1        1976.69       0.922915       0.913654
            440           53.1        1437.09       0.964367       0.913654
            441          197.1        1619.29       0.891488       0.913654
            442           22.1        1191.29       0.981787       0.913654
            443           72.1        1735.29       0.960108       0.913654
            444          175.1        1625.69       0.902765       0.913654
            445          827.1          54.29      0.0615959       0.276672
            446          503.1         414.09       0.451477       0.276672
            447           54.1        1290.89       0.959777       0.913654
            448           97.1        1427.29       0.936302       0.913654
            449          123.1        1549.09       0.926384       0.913654
            450           37.1        1394.29       0.974081       0.913654
            451          125.1        1443.69       0.920257       0.913654
            452           65.1        1441.69       0.956796       0.913654
            453           55.1        1426.69       0.962815       0.913654
            454           68.1        1476.09       0.955899       0.913654
            455            7.1        1382.29        0.99489       0.913654
            456          -13.9        1417.49         1.0099       0.913654
            457           13.1        1305.09       0.990062       0.913654
            458           69.1        1518.89       0.956486       0.913654
            459           88.1        1441.09       0.942388       0.913654
            460           69.1        1416.89       0.953499       0.913654
            461          438.1         273.09        0.38399       0.276672
            462          760.1         159.69       0.173616       0.276672
            463          415.1         742.69       0.641472       0.913654
            464           68.1        1576.09       0.958581       0.913654
            465          565.1         244.69       0.302165       0.276672
            466          687.1         100.29        0.12737       0.276672
            467          658.1         116.09        0.14995       0.276672
            468          651.1         130.49       0.166955       0.276672
            469          654.1          29.89      0.0436995       0.276672
            470          570.1         202.69       0.262283       0.276672
            471          758.1         153.09       0.168011       0.276672
            472          443.1         753.09       0.629574       0.913654
            473           53.1        1044.09       0.951604       0.913654
            474           32.1        1383.29       0.977321       0.913654
            475          105.1        1390.69       0.929736       0.913654
            476           14.1        1312.89       0.989374       0.913654
            477          115.1        1557.69       0.931193       0.913654
            478           -1.9        1143.09        1.00166       0.913654
            479           21.1        1352.49       0.984639       0.913654
            480          235.1        1081.69        0.82146       0.913654
            481          302.1        1055.29       0.777441       0.913654
            482          151.1        1337.49       0.898495       0.913654
            483           -5.9        1261.89         1.0047       0.913654
            484           67.1        1357.29       0.952892       0.913654
            485           11.1        1226.49       0.991031       0.913654
            486           62.1        1149.29       0.948737       0.913654
            487           91.1        1134.49       0.925668       0.913654
            488          168.1        1848.09       0.916625       0.913654
            489          151.1        1404.49       0.902866       0.913654
            490           52.1        1509.29       0.966632       0.913654
            491           39.1        1528.89       0.975064       0.913654
            492           34.1        1280.89       0.974068       0.913654
            493           -9.9        1498.69        1.00665       0.913654
            494           91.1        1307.49       0.934863       0.913654
            495           63.1        1486.09       0.959269       0.913654
            496           -4.9        1535.69         1.0032       0.913654
            497           90.1        1507.69        0.94361       0.913654
            498           86.1        1620.49       0.949549       0.913654
            499           65.1        1564.69       0.960056       0.913654
            500           86.1        1381.49       0.941332       0.913654
            501           38.1        1288.09       0.971271       0.913654
            502           65.1        1373.69       0.954754       0.913654
            503           73.1        1356.09       0.948852       0.913654
            504           30.1        1142.69       0.974335       0.913654
            505           42.1        1763.29       0.976681       0.913654
            506           17.1        1172.29       0.985623       0.913654
            507           64.1        1304.89       0.953177       0.913654
            508           93.1        1362.09       0.936022       0.913654
            509          655.1         281.69       0.300697       0.276672
            510          200.1        1097.69       0.845815       0.913654
            511           69.1        1328.89       0.950572       0.913654
            512          108.1        1625.09       0.937629       0.913654
            513          159.1        1219.89       0.884626       0.913654
            514           38.1        1345.09       0.972455       0.913654
            515            8.1        1430.09       0.994368       0.913654
            516           60.1        1204.69       0.952482       0.913654
            517          377.1         538.29       0.588044       0.913654
            518          371.1         753.49       0.670013       0.913654
            519           65.1        1192.69       0.948243       0.913654
            520          483.1         476.09       0.496346       0.276672
            521          568.1         467.09       0.451212       0.276672
            522          659.1         175.89       0.210649       0.276672
            523          557.1         171.29       0.235162       0.276672
            524          556.1         245.49       0.306254       0.276672
            525            2.1        1343.29       0.998439       0.913654
            526           -8.9        1439.49        1.00622       0.913654
            527          551.1         542.49       0.496063       0.276672
            528           84.1        1372.89       0.942278       0.913654
            529          130.1        1393.69       0.914621       0.913654
            530          144.1        1591.89       0.916993       0.913654
            531           24.1        1523.89       0.984431       0.913654
            532           67.1        1313.29       0.951391       0.913654
            533           35.1        1703.69       0.979814       0.913654
            534          123.1        1633.09       0.929905       0.913654
            535           20.1        1540.69       0.987122       0.913654
            536           23.1        1637.09       0.986086       0.913654
            537           79.1        1373.89       0.945561       0.913654
            538          220.1         903.69       0.804145       0.913654
            539          529.1         120.89       0.185987       0.276672
            540          587.1         255.29       0.303054       0.276672
            541          658.1          79.09       0.107286       0.276672
            542          666.1         146.49       0.180275       0.276672
            543          578.1         176.09       0.233482       0.276672
            544          271.1         639.49       0.702281       0.913654
            545           50.1        1225.69        0.96073       0.913654
            546           57.1        1652.29       0.966596       0.913654
            547          103.1        1186.09       0.920027       0.913654
            548          120.1        1501.69       0.925946       0.913654
            549            2.1        1655.29       0.998733       0.913654
            550          322.1        1047.29       0.764786       0.913654
            551          544.1         301.89       0.356848       0.276672
            552          296.1        1107.49       0.789041       0.913654
            553           40.1        1356.69       0.971291       0.913654
            554          209.1        1053.89        0.83444       0.913654
            555            8.1        1415.09       0.994309       0.913654
            556          189.1        1404.89       0.881367       0.913654
            557           31.1        1526.49       0.980033       0.913654
            558           69.1        1526.89       0.956704       0.913654
            559          138.1        1445.09       0.912771       0.913654
            560           34.1        1833.89       0.981745       0.913654
            561          112.1        1760.29        0.94013       0.913654
            562          200.1        1302.69       0.866848       0.913654
            563           16.1        1182.49       0.986568       0.913654
            564          -12.9        1338.29        1.00973       0.913654
            565           97.1        1398.29       0.935067       0.913654
            566          123.1        1371.09       0.917614       0.913654
            567           91.1        1262.49       0.932697       0.913654
            568           -3.9        1696.49         1.0023       0.913654
            569            2.1        1486.29       0.998589       0.913654
            570          341.1         359.49       0.513125       0.276672
            571          639.1         138.89       0.178524       0.276672
            572          250.1        1199.69       0.827492       0.913654
            573           30.1        1238.69       0.976277       0.913654
            574           90.1        1436.69       0.940987       0.913654
            575           68.1        1377.09       0.952878       0.913654
            576            5.1        1736.69       0.997072       0.913654
            577           -0.9        1636.89        1.00055       0.913654
            578          126.1        1571.49       0.925718       0.913654
            579           71.1        1738.49       0.960709       0.913654
            580           33.1        1141.09        0.97181       0.913654
            581           37.1        1381.29       0.973844       0.913654
            582           95.1        1388.69       0.935907       0.913654
            583          113.1        1487.09       0.929321       0.913654
            584          491.1         454.49       0.480642       0.276672
            585          413.1        1022.09       0.712164       0.913654
            586          162.1        1194.29       0.880492       0.913654
            587          304.1         809.89       0.727017       0.913654
            588          607.1         241.29       0.284409       0.276672
            589          563.1         581.09       0.507861       0.276672
            590          664.1         161.89       0.195995       0.276672
            591          847.1         175.29       0.171451       0.276672
            592          146.1        1108.49       0.883548       0.913654
            593          120.1        1467.69        0.92436       0.913654
            594           23.1        1451.09        0.98433       0.913654
            595           32.1        1763.29       0.982121       0.913654
            596           92.1        1543.29       0.943683       0.913654
            597           53.1        1661.09       0.969023       0.913654
            598           57.1        1910.29       0.970977       0.913654
            599           21.1        1376.49       0.984903       0.913654
            600          298.1         682.09       0.695875       0.913654
            601          441.1         498.49        0.53054       0.276672
            602           54.1        1446.89       0.963957       0.913654
            603          119.1        1205.89       0.910113       0.913654
            604          193.1        1084.09       0.848809       0.913654
            605          752.1         160.29       0.175681       0.276672
            606          128.1        1405.09       0.916449       0.913654
            607           76.1        1324.49       0.945666       0.913654
            608          613.1         443.09       0.419517       0.276672
            609          224.1        1065.89       0.826278       0.913654
            610           70.1        1227.69       0.945985       0.913654
            611           70.1        1374.69       0.951481       0.913654
            612           22.1        1518.29       0.985653       0.913654
            613           -2.9        1363.29        1.00213       0.913654
            614           75.1        1218.69       0.941953       0.913654
            615          270.1         682.69       0.716517       0.913654
            616          732.1          80.29      0.0988318       0.276672
            617          737.1         131.29       0.151188       0.276672
            618          693.1         235.09       0.253278       0.276672
            619          625.1          38.69      0.0582865       0.276672
            620          574.1         400.89       0.411173       0.276672
            621          687.1         132.29       0.161449       0.276672
            622          813.1          53.09      0.0612914       0.276672
            623          603.1         406.09       0.402392       0.276672
            624          717.1         281.29       0.281744       0.276672
            625          411.1         792.49       0.658439       0.913654
            626           29.1        1574.89       0.981858       0.913654
            627          136.1        1282.49        0.90406       0.913654
            628          483.1         526.09       0.521299       0.276672
            629          725.1         263.69       0.266679       0.276672
            630          740.1         228.69       0.236057       0.276672
            631          598.1         287.09       0.324326       0.276672
            632           91.1        1127.49       0.925241       0.913654
            633          112.1        1153.29       0.911411       0.913654
            634           88.1        1205.09       0.931874       0.913654
            635           18.1        1322.09       0.986494       0.913654
            636          -47.9        1138.29        1.04393       0.913654
            637           -1.9         970.09        1.00196       0.913654
            638           50.1        1437.69       0.966326       0.913654
            639          394.1         539.89       0.578047       0.913654
            640          581.1         885.49       0.603775       0.913654
            641          277.1         833.29       0.750448       0.913654
            642           68.1        1371.09       0.952682       0.913654
            643          154.1        1167.89       0.883433       0.913654
            644           57.1        1403.29       0.960901       0.913654
            645           79.1        1410.89       0.946912       0.913654
            646          176.1        1680.49       0.905149       0.913654
            647          922.1         170.29       0.155888       0.276672
            648          424.1         752.89       0.639674       0.913654
            649           40.1        1404.69       0.972245       0.913654
            650          103.1        1260.09       0.924369       0.913654
            651          103.1        1257.09       0.924202       0.913654
            652          108.1        1288.09       0.922575       0.913654
            653           26.1        1405.49       0.981769       0.913654
            654           96.1        1507.49       0.940072       0.913654
            655          401.1        1063.49       0.726135       0.913654
            656           52.1        1253.29       0.960089       0.913654
            657          -14.9        1154.69        1.01307       0.913654
            658           53.1        1746.09       0.970487       0.913654
            659          128.1        1699.09       0.929892       0.913654
            660          134.1        1286.89       0.905629       0.913654
            661           60.1        1427.69       0.959605       0.913654
            662           19.1        1282.89        0.98533       0.913654
            663          139.1        1143.89       0.891581       0.913654
            664           36.1        1224.49       0.971363       0.913654
            665           82.1        1479.29       0.947419       0.913654
            666           64.1        1323.89       0.953818       0.913654
            667           62.1        1235.29       0.952135       0.913654
            668          142.1        1251.29       0.898019       0.913654
            669          659.1         391.89       0.372877       0.276672
            670          650.1         210.69       0.244764       0.276672
            671          734.1          76.89        0.09481       0.276672
            672          486.1         514.49       0.514187       0.276672
            673          -13.9        1431.49        1.00981       0.913654
            674           55.1        1320.69        0.95995       0.913654
            675          636.1         381.49       0.374896       0.276672
            676          116.1        1089.49       0.903699       0.913654
            677          181.1        1228.49       0.871523       0.913654
            678          681.1          67.49      0.0901562       0.276672
            679          718.1         200.09       0.217918       0.276672
            680          528.1         467.09       0.469348       0.276672
            681          167.1        1510.29       0.900381       0.913654
            682           74.1        1751.89       0.959419       0.913654
            683           89.1        1499.89       0.943927       0.913654
            684           65.1        1151.69       0.946499       0.913654
            685           74.1        1507.89        0.95316       0.913654
            686          158.1        1941.09       0.924685       0.913654
            687           93.1        2057.09       0.956702       0.913654
            688           95.1        1851.69        0.95115       0.913654
            689          129.1        1706.89       0.929684       0.913654
            690          172.1        1302.29       0.883274       0.913654
            691          415.1         751.69       0.644238       0.913654
            692          685.1          50.69      0.0688919       0.276672
            693          359.1         880.89       0.710401       0.913654
            694          452.1         567.29       0.556499       0.276672
            695          645.1         277.69       0.300924       0.276672
            696          380.1         945.69       0.713303       0.913654
            697           60.1        1550.69       0.962689       0.913654
            698          129.1        1522.89       0.921852       0.913654
            699          164.1        1046.89       0.864491       0.913654
            700          -37.9        1131.29        1.03466       0.913654
            701           64.1        1679.89       0.963245       0.913654
            702           15.1        1782.69       0.991601       0.913654
            703          676.1         211.49       0.238274       0.276672
            704          428.1         892.09       0.675728       0.913654
            705           70.1        1157.69       0.942906       0.913654
            706          -51.9        1372.09        1.03931       0.913654
            707          184.1         960.89       0.839213       0.913654
            708          422.1         725.29       0.632122       0.913654
            709          296.1         773.49       0.723165       0.913654
            710          114.1        1299.89       0.919306       0.913654
            711           89.1        1206.89       0.931249       0.913654
            712           93.1        1510.09       0.941928       0.913654
            713          645.1         565.69       0.467207       0.276672
            714          524.1         722.89       0.579708       0.276672
            715          671.1         713.49       0.515308       0.276672
            716          441.1         881.49       0.666488       0.913654
            717          756.1         118.49       0.135481       0.276672
            718          586.1         249.49       0.298579       0.276672
            719          644.1         391.89       0.378276       0.276672
            720          803.1         151.09       0.158344       0.276672
            721          703.1         183.09       0.206604       0.276672
            722          652.1         383.29       0.370189       0.276672
            723          304.1         708.89         0.6998       0.913654
            724           56.1        1443.49        0.96259       0.913654
            725           82.1        1364.29       0.943238       0.913654
            726          662.1         517.29       0.438608       0.276672
            727          172.1        1512.29       0.897827       0.913654
            728           78.1        1370.09       0.946071       0.913654
            729           57.1        1203.29       0.954697       0.913654
            730          123.1        1342.09       0.915984       0.913654
            731          191.1        1030.49       0.843565       0.913654
            732          650.1         197.69       0.233183       0.276672
            733          335.1         892.69       0.727071       0.913654
            734           69.1        1660.89       0.960058       0.913654
            735          230.1        1582.69       0.873069       0.913654
            736           55.1        1396.69       0.962047       0.913654
            737           36.1        1169.49       0.970056       0.913654
            738          280.1         648.69       0.698425       0.913654
            739          551.1         571.49       0.509082       0.276672
            740          642.1         183.29       0.222065       0.276672
            741          598.1         245.09        0.29067       0.276672
            742          802.1         159.29       0.165687       0.276672
            743          357.1         954.29       0.727694       0.913654
            744          217.1        1096.29       0.834703       0.913654
            745          802.1         184.29       0.186833       0.276672
            746          759.1         372.89       0.329411       0.276672
            747          835.1         197.69       0.191414       0.276672
            748           75.1        1424.69       0.949926       0.913654
            749          116.1        1300.49       0.918043       0.913654
            750          690.1         234.69       0.253777       0.276672
            751          657.1         232.29       0.261179       0.276672
            752          596.1         160.49       0.212123       0.276672
            753          607.1         393.29       0.393137       0.276672
            754          608.1         114.09       0.157978       0.276672
            755          263.1         638.09       0.708053       0.913654
            756          636.1         246.49        0.27928       0.276672
            757          649.1         114.89       0.150382       0.276672
            758          634.1         481.89       0.431805       0.276672
            759           65.1        1385.69       0.955128       0.913654
            760           62.1        1342.29       0.955782       0.913654
            761          -22.9        1189.29        1.01963       0.913654
            762          145.1        1304.69       0.899917       0.913654
            763          -53.9        1302.49        1.04317       0.913654
            764           40.1        1315.69       0.970423       0.913654
            765          108.1        1369.09       0.926821       0.913654
            766           63.1        1396.09       0.956757       0.913654
            767           67.1        1321.29       0.951671       0.913654
            768          105.1        1285.69       0.924431       0.913654
            769          519.1         551.89       0.515308       0.276672
            770          555.1         426.69       0.434604       0.276672
            771          789.1         123.89       0.135697       0.276672
            772          119.1        1277.89       0.914745       0.913654
            773           85.1        1258.69       0.936672       0.913654
            774          122.1        1147.29       0.903812       0.913654
            775           41.1        1318.49        0.96977       0.913654
            776           -9.9        1656.69        1.00601       0.913654
            777           93.1        1368.09       0.936285       0.913654
            778           82.1        1294.29       0.940351       0.913654
            779           37.1        1420.29       0.974544       0.913654
            780          137.1        1442.29       0.913194       0.913654
            781           60.1        1388.69       0.958517       0.913654
            782          549.1         313.89       0.363724       0.276672
            783          131.1        1252.49       0.905246       0.913654
            784          430.1         747.69       0.634825       0.913654
            785           97.1        1155.29       0.922468       0.913654
            786           98.1        1453.09       0.936758       0.913654
            787           75.1        1693.69       0.957542       0.913654
            788          122.1        1258.29       0.911547       0.913654
            789           26.1        1095.49       0.976729       0.913654
            790            2.1        1435.29       0.998539       0.913654
            791           65.1        1478.69       0.957831       0.913654
            792          -22.9        1339.29         1.0174       0.913654
            793           78.1        1391.09       0.946841       0.913654
            794          151.1        1472.49       0.906935       0.913654
            795           28.1        1014.09       0.973038       0.913654
            796          132.1        1715.29       0.928494       0.913654
            797           30.1        1368.69       0.978481       0.913654
            798            5.1        1312.69        0.99613       0.913654
            799          187.1        1233.29       0.868276       0.913654
            800           51.1        1063.49       0.954154       0.913654
            801          -23.9        1370.49        1.01775       0.913654
            802           93.1        1481.09       0.940858       0.913654
            803           48.1        1697.09       0.972439       0.913654
            804          386.1         648.49       0.626809       0.913654
            805          426.1         670.49       0.611432       0.913654
            806          191.1        1093.49       0.851237       0.913654
            807          906.1          60.49      0.0625808       0.276672
            808          563.1         227.09       0.287387       0.276672
            809          757.1          78.29      0.0937167       0.276672
            810          488.1         771.09        0.61237       0.913654
            811           25.1        1180.69       0.979184       0.913654
            812           50.1        1244.69       0.961306       0.913654
            813           69.1        1302.89       0.949635       0.913654
            814          454.1         497.89       0.522999       0.276672
            815           83.1        1229.09       0.936671       0.913654
            816          722.1         196.29       0.213733       0.276672
            817          401.1         789.49       0.663108       0.913654
            818          113.1        1225.09       0.915483       0.913654
            819          683.1         383.09       0.359307       0.276672
            820          445.1         666.69       0.599655       0.913654
            821          156.1        1085.49       0.874274       0.913654
            822           21.1        1230.49       0.983141       0.913654
            823            5.1        1305.69       0.996109       0.913654
            824          103.1        1183.09       0.919841       0.913654
            825          117.1        1360.29       0.920739       0.913654
            826           36.1        1264.49       0.972243       0.913654
            827           71.1        1233.49         0.9455       0.913654
            828          -19.9        1534.69        1.01314       0.913654
            829           83.1        1438.09       0.945372       0.913654
            830          171.1        2130.49        0.92566       0.913654
            831          542.1         425.29       0.439626       0.276672
            832           93.1        1093.09       0.921513       0.913654
            833           91.1        1650.49       0.947691       0.913654
            834           48.1        1715.09        0.97272       0.913654
            835           92.1        1465.29       0.940863       0.913654
            836           42.1        1213.29       0.966465       0.913654
            837           48.1        1322.09       0.964895       0.913654
            838           62.1        1490.29       0.959997       0.913654
            839           83.1        1259.09       0.938086       0.913654
            840          -13.9        1386.49        1.01013       0.913654
            841           69.1        1286.89       0.949041       0.913654
            842          112.1        1474.29       0.929336       0.913654
            843           66.1        1193.49       0.947523       0.913654
            844           40.1        1259.69       0.969149       0.913654
            845          177.1        1435.29       0.890163       0.913654
            846          525.1         604.69       0.535223       0.276672
            847          851.1         154.49       0.153631       0.276672
            848          781.1         279.49       0.263523       0.276672
            849          662.1         188.29       0.221416       0.276672
            850          881.1          81.49       0.084657       0.276672
            851          359.1         666.89       0.649997       0.913654
            852          438.1         883.09       0.668405       0.913654
            853          679.1         153.89       0.184744       0.276672
            854          401.1         524.49       0.566655       0.276672
            855          106.1        1210.49       0.919413       0.913654
            856           -8.9        1491.49          1.006       0.913654
            857           34.1        1299.89       0.974438       0.913654
            858            6.1        1739.49       0.996505       0.913654
            859           33.1        1461.09       0.977848       0.913654
            860           30.1        1836.69       0.983876       0.913654
            861          503.1         692.09       0.579063       0.276672
            862          828.1         -20.91     -0.0259047       0.276672
            863          650.1         161.69       0.199177       0.276672
            864          625.1         228.69       0.267853       0.276672
            865          732.1         197.29       0.212279       0.276672
            866          758.1         127.09       0.143574       0.276672
            867          714.1         222.89       0.237879       0.276672
            868          895.1          17.69      0.0193801       0.276672
            869          557.1         260.29        0.31844       0.276672
            870          841.1         191.49       0.185446       0.276672
            871          831.1         116.49       0.122933       0.276672
            872          342.1        1039.29       0.752351       0.913654
            873           46.1        1116.49       0.960347       0.913654
            874          135.1        1234.69       0.901372       0.913654
            875           92.1        1064.29       0.920356       0.913654
            876           66.1        1349.49       0.953306       0.913654
            877           48.1        1846.09       0.974607       0.913654
            878           90.1        1437.69       0.941026       0.913654
            879           69.1        1416.89       0.953499       0.913654
            880           70.1        1255.69       0.947126       0.913654
            881           79.1        1296.89       0.942514       0.913654
            882           89.1        1143.89       0.927737       0.913654
            883          660.1         297.69       0.310809       0.276672
            884          638.1          57.09      0.0821214       0.276672
            885          685.1         110.69       0.139094       0.276672
            886          819.1         173.89       0.175118       0.276672
            887          716.1          81.49        0.10217       0.276672
            888          874.1          99.89       0.102558       0.276672
            889          882.1          -0.71   -0.000805546       0.276672
            890          193.1         779.09       0.801376       0.913654
            891          184.1        1219.89       0.868874       0.913654
            892           11.1        1284.49       0.991432       0.913654
            893           64.1        1442.89       0.957465       0.913654
            894           88.1        1316.09       0.937259       0.913654
            895          232.1        1028.29       0.815851       0.913654
            896          100.1        1175.69       0.921539       0.913654
            897          885.1         -30.31      -0.035459       0.276672
            898          589.1         411.89       0.411483       0.276672
            899          124.1        1234.89       0.908682       0.913654
            900          392.1         843.29        0.68261       0.913654
            901          205.1         688.69       0.770528       0.913654
            902           55.1        1310.69       0.959657       0.913654
            903           36.1        1463.49       0.975927       0.913654
            904           20.1        1387.69       0.985722       0.913654
            905           60.1        1413.69       0.959221       0.913654
            906           11.1        1191.49        0.99077       0.913654
            907            9.1        1463.89       0.993822       0.913654
            908          112.1        1250.29       0.917718       0.913654
            909          105.1        1211.69       0.920185       0.913654
            910          109.1        1274.89        0.92117       0.913654
            911            7.1        1611.29       0.995613       0.913654
            912           58.1        1661.09       0.966205       0.913654
            913          479.1         626.89       0.566813       0.276672
            914          811.1         199.49         0.1974       0.276672
            915          949.1          47.89      0.0480346       0.276672
            916          317.1         829.29       0.723393       0.913654
            917          548.1         667.09       0.548959       0.276672
            918          433.1         445.09       0.506827       0.276672
            919          146.1        1262.49       0.896279       0.913654
            920          179.1        1071.89       0.856833       0.913654
            921          102.1        1126.29       0.916883       0.913654
            922           46.1        1099.49       0.959759       0.913654
            923           69.1        1292.89       0.949265       0.913654
            924           67.1        1243.29       0.948794       0.913654
            925           91.1        1397.49       0.938801       0.913654
            926           34.1        1326.89       0.974945       0.913654
            927          583.1         602.09       0.508011       0.276672
            928           39.1        1004.89       0.962548       0.913654
            929           -6.9        1280.09        1.00542       0.913654
            930           26.1        1167.49       0.978133       0.913654
            931           91.1        1356.49       0.937068       0.913654
            932           43.1        1221.09       0.965907       0.913654
            933           33.1        1325.09       0.975629       0.913654
            934           27.1        1074.29       0.975395       0.913654
            935           60.1        1168.69        0.95109       0.913654
            936           65.1        1223.69       0.949488       0.913654
            937           90.1        1221.69       0.931315       0.913654
            938          129.1        1263.89       0.907322       0.913654
            939           67.1        1215.29       0.947676       0.913654
            940           50.1        1144.69       0.958068       0.913654
            941          -45.9        1213.89         1.0393       0.913654
            942          123.1        1213.09       0.907872       0.913654
            943          116.1        1219.49       0.913072       0.913654
            944          202.1        1250.29        0.86085       0.913654
            945          666.1         428.49       0.391462       0.276672
            946          594.1         449.89       0.430933       0.276672
            947          379.1         791.89       0.676257       0.913654
            948           43.1        1478.09       0.971667       0.913654
            949          126.1        1194.49       0.904512       0.913654
            950          609.1         374.89        0.38099       0.276672
            951          219.1        1106.89       0.834765       0.913654
            952           75.1        1239.69       0.942881       0.913654
            953          103.1        1451.09       0.933663       0.913654
            954          780.1         295.69       0.274858       0.276672
            955           82.1        1089.29       0.929912       0.913654
            956           92.1        1448.29        0.94021       0.913654
            957          -15.9        1452.89        1.01106       0.913654
            958           61.1        1251.49       0.953451       0.913654
            959           90.1        1326.69       0.936406       0.913654
            960           81.1        1349.49        0.94331       0.913654
            961          663.1         379.09       0.363744       0.276672
            962          388.1         539.09       0.581423       0.276672
            963           73.1        1299.09       0.946727       0.913654
            964          186.1         984.49        0.84102       0.913654
            965          380.1         683.69       0.642693       0.913654
            966          586.1         340.49       0.367466       0.276672
            967           18.1        1160.09       0.984637       0.913654
            968           56.1        1211.49       0.955743       0.913654
            969          539.1         641.89       0.543519       0.276672
            970          721.1         270.49       0.272784       0.276672
            971          473.1         808.09       0.630734       0.913654
            972           50.1        1153.69       0.958381       0.913654
            973           70.1        1198.69       0.944751       0.913654
            974          748.1         157.09       0.173544       0.276672
            975          755.1         139.69       0.156115       0.276672
            976          836.1         117.49       0.123208       0.276672
            977          790.1          90.69       0.102964       0.276672
            978          737.1         175.29       0.192122       0.276672
            979          890.1         190.69       0.176436       0.276672
            980          689.1         198.89       0.223978       0.276672
            981          607.1         170.29       0.219053       0.276672
            982          570.1         444.69       0.438209       0.276672
            983           45.1        1224.69       0.964482       0.913654
            984           53.1        1026.09       0.950796       0.913654
            985          341.1         811.49       0.704058       0.913654
            986          755.1         221.69       0.226958       0.276672
            987          754.1         299.89       0.284528       0.276672
            988          483.1         429.09       0.470395       0.276672
            989           92.1         744.29       0.889884       0.913654
            990           26.1        1182.49       0.978405       0.913654
            991           16.1        1266.49       0.987447       0.913654
            992          318.1         681.09       0.681642       0.913654
            993          384.1         934.89       0.708792       0.913654
            994          -27.9        1533.29        1.01853       0.913654
            995           52.1        1390.29       0.963879       0.913654
            996          372.1         731.29       0.662767       0.913654
            997           94.1        1071.89       0.919296       0.913654
            998            8.1        1288.09       0.993751       0.913654
            999          152.1        1249.29       0.891465       0.913654
           1000          700.1         250.69       0.263665       0.276672
           1001          760.1         103.69       0.120041       0.276672
           1002          896.1         113.49       0.112412       0.276672
           1003          646.1         227.49       0.260408       0.276672
           1004          496.1         820.49       0.623193       0.913654
           1005           -2.9        1247.29        1.00233       0.913654
           1006           88.1        1323.09        0.93757       0.913654
           1007           43.1        1264.09       0.967029       0.913654
           1008          121.1        1257.49       0.912157       0.913654
           1009           90.1        1116.69       0.925339       0.913654
           1010           80.1        1275.69        0.94092       0.913654
           1011           62.1        1377.29       0.956857       0.913654
           1012           45.1        1352.69       0.967735       0.913654
           1013           83.1        1250.09       0.937668       0.913654
           1014          544.1         349.89        0.39138       0.276672
           1015          118.1        1259.09       0.914246       0.913654
           1016           80.1        1471.69       0.948382       0.913654
           1017           70.1        1718.69       0.960811       0.913654
           1018            0.1        1785.69       0.999944       0.913654
           1019           55.1        1417.69       0.962588       0.913654
           1020           70.1        1144.69       0.942295       0.913654
           1021          462.1         619.29        0.57268       0.913654
           1022          281.1        1074.49       0.792636       0.913654
           1023          552.1         283.29       0.339111       0.276672
           1024          576.1         108.49       0.158474       0.276672
           1025          722.1         187.29       0.205951       0.276672
           1026          303.1         933.09       0.754811       0.913654
           1027           55.1        1022.69       0.948877       0.913654
           1028            7.1        1167.29       0.993954       0.913654
           1029           87.1        1186.29         0.9316       0.913654
           1030           19.1        1391.89       0.986463       0.913654
           1031          -14.9        1142.69        1.01321       0.913654
           1032          523.1         724.09       0.580577       0.276672
           1033         1020.1         307.69       0.231731       0.276672
           1034          155.1        1031.69       0.869311       0.913654
           1035           94.1        1255.89       0.930296       0.913654
           1036           76.1        1245.49       0.942418       0.913654
           1037           66.1        1353.49       0.953437       0.913654
           1038           48.1        1350.09       0.965598       0.913654
           1039           60.1        1252.69        0.95422       0.913654
           1040          331.1        1019.49       0.754848       0.913654
           1041          161.1        1238.49       0.884895       0.913654
           1042          114.1        1297.89       0.919192       0.913654
           1043           32.1        1360.29       0.976946       0.913654
           1044          144.1        1342.89       0.903093       0.913654
           1045           69.1        1033.89       0.937352       0.913654
           1046           21.1        1404.49       0.985199       0.913654
           1047          118.1        1057.09       0.899506       0.913654
           1048           26.1        1246.49       0.979491       0.913654
           1049          103.1        1152.09       0.917861       0.913654
           1050           54.1        1245.89       0.958384       0.913654
           1051          542.1         654.29       0.546887       0.913654
           1052            1.1        1343.49       0.999182       0.913654
           1053            9.1        1228.89       0.992649       0.913654
           1054          300.1         760.69       0.717098       0.913654
           1055           19.1        1272.89       0.985217       0.913654
           1056           98.1        1229.09       0.926084       0.913654
           1057          396.1         713.49       0.643021       0.913654
           1058           30.1        1366.69       0.978451       0.913654
           1059           93.1        1300.09       0.933175       0.913654
           1060            1.1        1344.49       0.999183       0.913654
           1061           25.1        1226.69       0.979949       0.913654
           1062          156.1        1081.49       0.873868       0.913654
           1063          741.1         366.49        0.33089       0.276672
           1064          180.1         959.69       0.841988       0.913654
           1065          642.1         287.29       0.309117       0.276672
           1066          619.1          93.89       0.131685       0.276672
           1067          651.1         121.49        0.15725       0.276672
           1068          121.1        1132.49       0.903397       0.913654
           1069           61.1        1332.49       0.956156       0.913654
           1070           22.1        1169.29        0.98145       0.913654
           1071          580.1         522.69       0.473971       0.276672
           1072          691.1          89.49       0.114644       0.276672
           1073          666.1         406.49        0.37898       0.276672
           1074           11.1        1296.49       0.991511       0.913654
           1075          -26.9        1358.09        1.02021       0.913654
           1076            4.1        1258.89       0.996754       0.913654
           1077          119.1        1286.89       0.915291       0.913654
           1078           57.1        1215.29       0.955124       0.913654
           1079          -52.9        1383.29        1.03976       0.913654
           1080          680.1         423.69        0.38385       0.276672
           1081          109.1        1349.89       0.925222       0.913654
           1082          442.1         806.29       0.645864       0.913654
           1083           94.1        1405.89       0.937266       0.913654
           1084           51.1        1238.49       0.960375       0.913654
           1085           95.1        1174.69       0.925106       0.913654
           1086           73.1        1320.09        0.94753       0.913654
           1087           89.1        1359.89       0.938509       0.913654
           1088           78.1        1524.09       0.951254       0.913654
           1089          103.1        1353.09       0.929199       0.913654
           1090           96.1        1657.49       0.945198       0.913654
           1091          128.1        1655.09       0.928162       0.913654
           1092           59.1        1622.89       0.964863       0.913654
           1093            3.1        1373.09       0.997747       0.913654
           1094           79.1        1333.89       0.944019       0.913654
           1095           95.1        1469.69       0.939225       0.913654
           1096          439.1         816.89       0.650395       0.913654
           1097          142.1        1217.29       0.895468       0.913654
           1098          673.1         103.09       0.132815       0.276672
           1099          261.1        1025.49        0.79706       0.913654
           1100           72.1        1327.29       0.948478       0.913654
           1101           54.1        1166.89       0.955692       0.913654
           1102          129.1        1127.89       0.897294       0.913654
           1103          125.1        1253.69       0.909268       0.913654
           1104          573.1         526.09       0.478616       0.276672
           1105           86.1        1154.49       0.930598       0.913654
           1106           40.1        1501.69       0.973991       0.913654
           1107           65.1        1323.69       0.953125       0.913654
           1108           97.1        1367.29       0.933693       0.913654
           1109          240.1         726.69       0.751652       0.913654
           1110          807.1         198.29       0.197227       0.276672
           1111          814.1         164.89       0.168429       0.276672
           1112          664.1         324.89       0.328507       0.276672
           1113          551.1         196.49       0.262831       0.276672
           1114          509.1         774.89       0.603502       0.913654
           1115          243.1         989.09       0.802709       0.913654
           1116          105.1        1160.69       0.916969       0.913654
           1117           78.1        1334.09       0.944696       0.913654
           1118           73.1        1393.09       0.950143       0.913654
           1119          304.1         913.89       0.750326       0.913654
           1120          771.1          78.49      0.0923857       0.276672
           1121          746.1          73.49      0.0896668       0.276672
           1122          142.1        1202.29       0.894302       0.913654
           1123           20.1        1465.69       0.986472       0.913654
           1124            5.1        1166.69       0.995648       0.913654
           1125          122.1        1258.29       0.911547       0.913654
           1126          604.1         197.89       0.246749       0.276672
           1127          834.1          43.89      0.0499892       0.276672
           1128          623.1         263.09       0.296878       0.276672
           1129          392.1         721.29       0.647832       0.913654
           1130          718.1         128.09       0.151373       0.276672
           1131          249.1         906.89       0.784514       0.913654
           1132           18.1        1377.09       0.987027       0.913654
           1133           33.1        1492.09       0.978298       0.913654
           1134          127.1        1539.29       0.923727       0.913654
           1135          128.1        1560.09        0.92412       0.913654
           1136           15.1        1649.69        0.99093       0.913654
           1137           18.1        1458.09       0.987739       0.913654
           1138           89.1        1390.89       0.939797       0.913654
           1139           57.1        1555.29       0.964587       0.913654
           1140           28.1        1284.09       0.978585       0.913654
           1141          105.1        1294.69       0.924917       0.913654
           1142          103.1        1546.09       0.937484       0.913654
           1143           52.1        1678.29       0.969891       0.913654
           1144           24.1        1577.89       0.984956       0.913654
           1145          124.1        1175.89       0.904538       0.913654
           1146          248.1         863.09       0.776726       0.913654
           1147          657.1         182.29        0.21717       0.276672
           1148          406.1         912.49        0.69202       0.913654
           1149          506.1         549.49       0.520552       0.276672
           1150          693.1         272.09       0.281903       0.276672
           1151          764.1         182.89       0.193128       0.276672
           1152          516.1         143.49       0.217544       0.276672
           1153          197.1        1025.29       0.838758       0.913654
           1154          -29.9        1393.69        1.02192       0.913654
           1155           23.1        1413.09       0.983916       0.913654
           1156           61.1        1193.49       0.951299       0.913654
           1157          -67.9        1314.29        1.05448       0.913654
           1158          105.1        1287.69        0.92454       0.913654
           1159           48.1        1226.09       0.962251       0.913654
           1160           60.1        1407.69       0.959054       0.913654
           1161           59.1        1082.89       0.948248       0.913654
           1162          133.1        1120.09       0.893791       0.913654
           1163           58.1        1506.09       0.962856       0.913654
           1164           24.1        1408.89       0.983182       0.913654
           1165          540.1         759.69       0.584471       0.913654
           1166          236.1        1000.49       0.809072       0.913654
           1167           77.1        1367.29       0.946621       0.913654
           1168          123.1        1560.09       0.926865       0.913654
           1169           84.1        1286.89       0.938657       0.913654
           1170           86.1        1481.49       0.945075       0.913654
           1171           68.1        1389.09       0.953266       0.913654
           1172          -20.9        1264.89         1.0168       0.913654
           1173          202.1        1050.29       0.838629       0.913654
           1174          101.1        1275.49       0.926558       0.913654
           1175           43.1        1228.09       0.966095       0.913654
           1176           75.1        1102.69       0.936237       0.913654
           1177           72.1        1192.29       0.942976       0.913654
           1178            9.1        1346.89       0.993289       0.913654
           1179           46.1        1134.49       0.960952       0.913654
           1180          137.1         869.29       0.863771       0.913654
           1181          405.1         495.69       0.550284       0.913654
           1182           38.1        1263.09       0.970719       0.913654
           1183          -14.9        1246.69         1.0121       0.913654
           1184           21.1        1463.49       0.985787       0.913654
           1185          273.1         962.09         0.7789       0.913654
           1186          111.1        1004.49       0.900411       0.913654
           1187          -62.9        1237.29        1.05356       0.913654
