              0           39.1         547.89       0.933389       0.935641
              1           73.1         628.09       0.895749       0.935641
              2          -42.9         453.29        1.10453       0.935641
              3           67.1         567.29       0.894229       0.935641
              4          174.1         550.89       0.759859       0.935641
              5           21.1         481.49       0.958017       0.935641
              6          196.1         417.49       0.680405       0.935641
              7          338.1         158.09       0.318608       0.244145
              8          506.1           0.49    0.000967252       0.244145
              9          317.1         108.29       0.254566       0.244145
             10          431.1          58.49       0.119467       0.244145
             11          285.1         164.69       0.366149       0.244145
             12           71.1         378.49       0.841856       0.935641
             13           46.1         443.49        0.90584       0.935641
             14           24.1         445.89       0.948722       0.935641
             15            6.1         443.49       0.986432       0.935641
             16          125.1         270.69       0.683923       0.935641
             17          262.1          51.29       0.163662       0.244145
             18          213.1         261.09       0.550602       0.244145
             19           32.1         576.29       0.947238       0.935641
             20          383.1         179.09       0.318558       0.244145
             21          285.1         125.69       0.305971       0.244145
             22          362.1          46.29       0.113348       0.244145
             23          375.1         155.69       0.293318       0.244145
             24          115.1         363.69       0.759602       0.935641
             25           28.1         464.09       0.942908       0.935641
             26          122.1         301.29       0.711613       0.935641
             27          383.1         150.09       0.281494       0.244145
             28          408.1         238.09       0.368452       0.244145
             29          434.1          32.89      0.0704298       0.244145
             30          106.1         387.49       0.785044       0.935641
             31            1.1         517.49       0.997879       0.935641
             32           39.1         445.89        0.91938       0.935641
             33           53.1         614.09       0.920412       0.935641
             34           -7.9         425.29        1.01893       0.935641
             35           17.1         560.29       0.970384       0.935641
             36           16.1         429.49       0.963868       0.935641
             37          -11.9         602.09        1.02016       0.935641
             38           16.1         575.49       0.972785       0.935641
             39          -12.9         561.29        1.02352       0.935641
             40          117.1         607.29       0.838347       0.935641
             41           50.1         573.69       0.919685       0.935641
             42           22.1         357.29       0.941749       0.935641
             43          -50.9         596.89        1.09323       0.935641
             44           -4.9         577.69        1.00855       0.935641
             45           58.1         572.09       0.907806       0.935641
             46           17.1         550.29       0.969862       0.935641
             47           12.1         689.29       0.982749       0.935641
             48           62.1         490.29       0.887579       0.935641
             49           14.1         602.89       0.977147       0.935641
             50          438.1         220.09       0.334387       0.244145
             51           19.1         587.89       0.968533       0.935641
             52           50.1         548.69       0.916331       0.935641
             53           40.1         656.69        0.94245       0.935641
             54           93.1         525.09       0.849399       0.935641
             55          227.1         270.29       0.543417       0.244145
             56          277.1         111.29       0.286542       0.244145
             57           40.1         427.69       0.914278       0.935641
             58            6.1         521.49       0.988438       0.935641
             59           53.1         394.09       0.881259       0.935641
             60          134.1         398.89       0.748401       0.935641
             61          164.1         355.89       0.684417       0.935641
             62          102.1         426.29       0.806772       0.935641
             63          160.1         617.69        0.79416       0.935641
             64          112.1         387.29       0.775526       0.935641
             65           95.1         340.69       0.781776       0.935641
             66           -9.9         618.69        1.01626       0.935641
             67           56.1         562.49        0.90931       0.935641
             68           -1.9         575.09        1.00331       0.935641
             69          198.1         139.09       0.412497       0.244145
             70           86.1         340.49       0.798167       0.935641
             71          135.1         506.69       0.789495       0.935641
             72          -29.9         491.69        1.06475       0.935641
             73           21.1         364.49       0.945279       0.935641
             74           27.1         529.29       0.951293       0.935641
             75          160.1         354.69       0.688999       0.935641
             76          232.1           6.29      0.0263853       0.244145
             77          294.1         197.89       0.402224       0.244145
             78           81.1         390.49       0.828029       0.935641
             79           28.1         537.09       0.950282       0.935641
             80          -17.9         578.29        1.03194       0.935641
             81           27.1         504.29       0.949002       0.935641
             82           53.1         576.09       0.915606       0.935641
             83           78.1         368.09       0.824962       0.935641
             84          273.1         127.09       0.317574       0.244145
             85          283.1         259.09       0.477858       0.244145
             86           -4.9         431.69        1.01148       0.935641
             87           75.1         383.69       0.836309       0.935641
             88           71.1         469.49       0.868477       0.935641
             89           60.1         546.69       0.900954       0.935641
             90          107.1         263.29       0.710845       0.935641
             91          105.1         334.69       0.761022       0.935641
             92          293.1         162.09       0.356093       0.244145
             93          183.1         123.09       0.402005       0.244145
             94          192.1          24.29       0.112251       0.244145
             95          138.1         -10.91     -0.0857772       0.244145
             96          154.1          28.89       0.157877       0.244145
             97          179.1           9.89      0.0523308       0.244145
             98          272.1         136.29       0.333725       0.244145
             99          305.1         -18.31     -0.0638446       0.244145
            100          300.1          -6.31     -0.0214779       0.244145
            101          291.1         109.49       0.273322       0.244145
            102           59.1         205.89       0.776973       0.935641
            103          179.1         143.89       0.445494       0.244145
            104          151.1          97.49       0.392172       0.244145
            105          220.1         195.69       0.470646       0.244145
            106          122.1          97.29       0.443457       0.244145
            107           96.1         311.49       0.764224       0.935641
            108            5.1         592.69       0.991469       0.935641
            109           11.1         488.49       0.977782       0.935641
            110           49.1         416.89       0.894633       0.935641
            111           20.1         518.69       0.962694       0.935641
            112           40.1         587.69       0.936125       0.935641
            113          221.1          53.49         0.1948       0.244145
            114          137.1         441.29       0.762963       0.935641
            115           14.1         438.89       0.968873       0.935641
            116          -18.9         178.49        1.11843       0.935641
            117          166.1           5.49      0.0319949       0.244145
            118           38.1         327.09       0.895671       0.935641
            119          169.1         152.89       0.474828       0.244145
            120           83.1         130.09       0.610207       0.244145
            121          202.1          74.29       0.268787       0.244145
            122          124.1          57.89       0.318094       0.244145
            123          193.1         117.09       0.377478       0.244145
            124          158.1         182.09        0.53526       0.244145
            125          261.1          47.49       0.153894       0.244145
            126           76.1         440.49       0.852688       0.935641
            127           77.1         617.29       0.888967       0.935641
            128           40.1         413.69       0.911633       0.935641
            129           15.1         562.69       0.973866       0.935641
            130           13.1         512.09       0.975057       0.935641
            131           33.1         575.09       0.945576       0.935641
            132            1.1         639.49       0.998283       0.935641
            133           -4.9         464.69        1.01066       0.935641
            134           10.1         588.69       0.983133       0.935641
            135           22.1         535.29       0.960351       0.935641
            136           12.1         524.29       0.977442       0.935641
            137           47.1         610.29       0.928353       0.935641
            138           30.1         551.69       0.948263       0.935641
            139           13.1         607.09       0.978877       0.935641
            140          -33.9         499.49        1.07281       0.935641
            141           -3.9         489.49        1.00803       0.935641
            142           29.1         539.89       0.948857       0.935641
            143          159.1         217.89       0.577973       0.244145
            144          120.1          79.69       0.398869       0.244145
            145          169.1         177.89       0.512666       0.244145
            146          -22.9         371.29        1.06573       0.935641
            147           24.1         291.89       0.923732       0.935641
            148           -5.9         560.89        1.01063       0.935641
            149            6.1         566.49       0.989347       0.935641
            150            9.1         531.89       0.983179       0.935641
            151           44.1         388.89        0.89815       0.935641
            152           66.1         446.49       0.871047       0.935641
            153          170.1         404.69       0.704066       0.935641
            154          247.1         118.29       0.323736       0.244145
            155          290.1          28.69      0.0899965       0.244145
            156          256.1         -68.51      -0.365211       0.244145
            157          224.1          75.89       0.252975       0.244145
            158          277.1         115.29       0.293815       0.244145
            159          110.1         230.69       0.676927       0.935641
            160           13.1         502.09       0.974572       0.935641
            161           73.1         467.09       0.864677       0.935641
            162           58.1         411.09        0.87617       0.935641
            163          210.1         108.69       0.340945       0.244145
            164          106.1         422.49       0.799277       0.935641
            165           16.1         500.49       0.968834       0.935641
            166           23.1         429.09       0.948915       0.935641
            167           -7.9         625.29         1.0128       0.935641
            168           18.1         460.09       0.962149       0.935641
            169           60.1         590.69       0.907651       0.935641
            170           67.1         548.29       0.890963       0.935641
            171           26.1         405.49       0.939526       0.935641
            172           31.1         687.49       0.956721       0.935641
            173           10.1         460.69       0.978547       0.935641
            174           74.1         292.89       0.798087       0.935641
            175          169.1          -2.11     -0.0126355       0.244145
            176          140.1         293.69       0.677033       0.935641
            177           35.1         502.69       0.934733       0.935641
            178           27.1         382.29       0.933804       0.935641
            179           91.1         415.49        0.82017       0.935641
            180          -12.9         468.29        1.02833       0.935641
            181           38.1         399.09       0.912853       0.935641
            182          270.1         154.69       0.364156       0.244145
            183          206.1         -63.51      -0.445403       0.244145
            184          245.1          -8.31     -0.0350944       0.244145
            185          225.1          73.69       0.246628       0.244145
            186          205.1          35.69        0.14822       0.244145
            187          136.1          43.49       0.242163       0.244145
            188          140.1         212.69        0.60288       0.244145
            189          199.1         -15.11      -0.082124       0.244145
            190           46.1         329.49        0.87726       0.935641
            191          -22.9         461.29        1.05224       0.935641
            192           48.1         534.09       0.917381       0.935641
            193          -16.9         434.09        1.04051       0.935641
            194          -22.9         531.29        1.04504       0.935641
            195           18.1         572.09       0.969332       0.935641
            196           37.1         438.29       0.921959       0.935641
            197           45.1         485.69       0.915032       0.935641
            198          -19.9         454.69        1.04577       0.935641
            199           78.1         436.09       0.848111       0.935641
            200           49.1         422.89       0.895972       0.935641
            201           70.1         457.69       0.867182       0.935641
            202          363.1          67.09       0.155954       0.244145
            203          274.1          11.89      0.0415749       0.244145
            204          -26.9         399.09        1.07227       0.935641
            205           76.1         354.49       0.823266       0.935641
            206           66.1         438.49       0.869003       0.935641
            207          -52.9         628.29        1.09194       0.935641
            208           54.1         395.89       0.879775       0.935641
            209           68.1         396.09       0.853293       0.935641
            210           26.1         480.49       0.948479       0.935641
            211          292.1          66.29       0.184966       0.244145
            212          173.1         101.09       0.368686       0.244145
            213           96.1         388.49       0.801688       0.935641
            214           45.1         640.69       0.934236       0.935641
            215          -15.9         541.89        1.03023       0.935641
            216          121.1         577.49       0.826651       0.935641
            217          -15.9         304.89        1.05502       0.935641
            218          208.1         356.09       0.631153       0.935641
            219          256.1          50.49       0.164682       0.244145
            220          325.1           8.69      0.0260343       0.244145
            221          271.1          86.49       0.241869       0.244145
            222          289.1         141.89       0.329219       0.244145
            223          276.1         150.49       0.352774       0.244145
            224          277.1          29.29      0.0955971       0.244145
            225          269.1          58.89       0.179548       0.244145
            226          192.1         211.29       0.523786       0.244145
            227          152.1         329.29        0.68404       0.935641
            228           76.1         427.49       0.848885       0.935641
            229           90.1         367.69       0.803185       0.935641
            230           41.1         604.49       0.936337       0.935641
            231          -15.9         680.89        1.02391       0.935641
            232           69.1         342.89       0.832277       0.935641
            233           17.1         500.29       0.966949       0.935641
            234           61.1         382.49        0.86226       0.935641
            235           18.1         583.09       0.969893       0.935641
            236           65.1         678.69       0.912475       0.935641
            237          111.1         582.49       0.839819       0.935641
            238          -16.9         435.09        1.04041       0.935641
            239           20.1         600.69       0.967622       0.935641
            240           81.1         303.49       0.789126       0.935641
            241           82.1         399.29       0.829452       0.935641
            242           51.1         356.49       0.874629       0.935641
            243           76.1         510.49       0.870267       0.935641
            244           49.1         543.89       0.917199       0.935641
            245          119.1         247.89       0.675468       0.935641
            246          199.1         110.89       0.357721       0.244145
            247          312.1          60.29         0.1619       0.244145
            248          233.1         107.09       0.314795       0.244145
            249          258.1         -39.91      -0.182914       0.244145
            250          127.1         309.29       0.708747       0.935641
            251           45.1         515.69       0.919578       0.935641
            252           62.1         467.29       0.882695       0.935641
            253           60.1         504.69       0.893589       0.935641
            254           41.1         455.49       0.917236       0.935641
            255           23.1         488.09       0.954811       0.935641
            256           69.1         351.89       0.835863       0.935641
            257          315.1          63.69       0.168141       0.244145
            258          242.1         119.29       0.330087       0.244145
            259          117.1         260.29       0.689711       0.935641
            260          157.1          82.29       0.343749       0.244145
            261          168.1          40.09       0.192564       0.244145
            262           59.1         366.89       0.861264       0.935641
            263           42.1         582.29       0.932574       0.935641
            264          135.1          67.69       0.333794       0.244145
            265          245.1         146.69        0.37441       0.244145
            266          270.1          18.69      0.0647183       0.244145
            267          210.1         125.69       0.374311       0.244145
            268          249.1          62.89       0.201577       0.244145
            269           42.1         295.29       0.875219       0.935641
            270            3.1         425.09        0.99276       0.935641
            271          177.1         194.29       0.523143       0.244145
            272          262.1          90.29       0.256222       0.244145
            273          264.1         235.89       0.471789       0.244145
            274          172.1         -29.71      -0.208652       0.244145
            275          227.1          70.29       0.236356       0.244145
            276          248.1          37.09       0.130054       0.244145
            277          191.1         145.49       0.432247       0.244145
            278          184.1          85.89       0.318123       0.244145
            279          175.1         -13.31     -0.0822671       0.244145
            280           71.1         475.49       0.869921       0.935641
            281          -18.9         518.49        1.03783       0.935641
            282          143.1          59.09        0.29225       0.244145
            283          198.1          31.09       0.135652       0.244145
            284          308.1          42.09       0.120192       0.244145
            285          247.1          51.29       0.171889       0.244145
            286          109.1         320.89       0.746273       0.935641
            287           51.1         574.49       0.918317       0.935641
            288            6.1         447.49       0.986552       0.935641
            289           28.1         559.09       0.952145       0.935641
            290          -12.9         560.29        1.02357       0.935641
            291           28.1         507.09       0.947495       0.935641
            292           41.1         457.49       0.917568       0.935641
            293           34.1         619.89       0.947859       0.935641
            294           44.1         423.89       0.905767       0.935641
            295           30.1         489.69       0.942092       0.935641
            296          208.1         153.09       0.423849       0.244145
            297          204.1         214.89       0.512876       0.244145
            298          217.1         125.29       0.365928       0.244145
            299          381.1          50.49       0.116986       0.244145
            300           27.1         392.29       0.935382       0.935641
            301          -41.9         344.09        1.13865       0.935641
            302          -16.9         330.09        1.05396       0.935641
            303           99.1         516.89       0.839121       0.935641
            304          263.1          80.09       0.233369       0.244145
            305          151.1         322.49       0.680948       0.935641
            306           19.1         597.89       0.969043       0.935641
            307          -34.9         569.69        1.06526       0.935641
            308          -32.9         427.29        1.08342       0.935641
            309           18.1         378.09       0.954315       0.935641
            310           16.1         637.49       0.975367       0.935641
            311           61.1         493.49       0.889829       0.935641
            312           -1.9         556.09        1.00343       0.935641
            313           86.1         572.49       0.869266       0.935641
            314          100.1         527.69       0.840552       0.935641
            315           22.1         563.29       0.962247       0.935641
            316           41.1         609.49       0.936827       0.935641
            317           24.1         571.89       0.959563       0.935641
            318          -12.9         373.29        1.03579       0.935641
            319           47.1         523.29       0.917425       0.935641
            320           30.1         533.69       0.946611       0.935641
            321          -22.9         607.29        1.03919       0.935641
            322          -52.9         733.29        1.07775       0.935641
            323          -52.9         598.29        1.09699       0.935641
            324           35.1         433.69       0.925126       0.935641
            325           79.1         391.89       0.832056       0.935641
            326          -64.9         553.69        1.13278       0.935641
            327           10.1         338.69       0.971043       0.935641
            328          -68.9         522.49         1.1519       0.935641
            329          193.1         283.09        0.59449       0.935641
            330          220.1         166.69       0.430957       0.244145
            331          195.1         136.69       0.411977       0.244145
            332          292.1          45.29       0.134236       0.244145
            333          264.1         206.89       0.439266       0.244145
            334          172.1         129.29       0.428979       0.244145
            335          218.1         239.09       0.522955       0.244145
            336          261.1         138.49        0.34658       0.244145
            337          237.1         156.29        0.39729       0.244145
            338           37.1         563.29       0.938207       0.935641
            339          -29.9         648.69        1.04832       0.935641
            340          170.1         282.69       0.624329       0.935641
            341          209.1         124.89       0.373933       0.244145
            342          300.1         100.69       0.251229       0.244145
            343           77.1         414.29       0.843098       0.935641
            344           32.1         544.29       0.944309       0.935641
            345          -20.9         504.89        1.04318       0.935641
            346           80.1         687.69       0.895675       0.935641
            347           41.1         570.49       0.932798       0.935641
            348          292.1         149.29       0.338227       0.244145
            349          334.1         182.89       0.353759       0.244145
            350          230.1         423.69       0.648052       0.244145
            351          166.1         108.49       0.395098       0.244145
            352          185.1         481.69       0.722401       0.935641
            353          181.1         286.49       0.612695       0.935641
            354          236.1         101.49       0.300631       0.244145
            355           13.1         525.09       0.975659       0.935641
            356           72.1         446.29       0.860916       0.935641
            357           39.1         520.89       0.930177       0.935641
            358          -49.9         519.69        1.10622       0.935641
            359          168.1         180.09       0.517218       0.935641
            360           24.1         471.89        0.95141       0.935641
            361           39.1         549.89       0.933615       0.935641
            362           35.1         613.69       0.945899       0.935641
            363           21.1         467.49       0.956815       0.935641
            364           44.1         452.89       0.911266       0.935641
            365           28.1         479.09       0.944597       0.935641
            366          -57.9         444.29        1.14985       0.935641
            367           45.1         525.69       0.920987       0.935641
            368           98.1         603.09       0.860095       0.935641
            369           -1.9         522.09        1.00365       0.935641
            370          -41.9         489.09         1.0937       0.935641
            371           98.1         415.09       0.808843       0.935641
            372           34.1         410.89       0.923369       0.935641
            373          -39.9         514.69        1.08404       0.935641
            374           41.1         389.49        0.90455       0.935641
            375           43.1         529.09       0.924675       0.935641
            376           50.1         549.69       0.916471       0.935641
            377          139.1         236.89       0.630043       0.935641
            378           13.1         544.09       0.976489       0.935641
            379            7.1         423.29       0.983503       0.935641
            380           32.1         412.29       0.927766       0.935641
            381          311.1         181.49        0.36844       0.244145
            382           79.1         491.89       0.861469       0.935641
            383           36.1         381.49       0.913552       0.935641
            384           60.1         478.69       0.888454       0.935641
            385           55.1         553.69       0.909493       0.935641
            386          -36.9         542.09        1.07304       0.935641
            387           37.1         656.29       0.946495       0.935641
            388          128.1         458.09        0.78147       0.935641
            389           64.1         440.89       0.873067       0.935641
            390           45.1         502.69       0.917669       0.935641
            391           -6.9         300.09        1.02353       0.935641
            392          195.1          37.69       0.161906       0.244145
            393          212.1         202.29       0.488163       0.244145
            394          -28.9         444.49        1.06954       0.935641
            395           79.1         371.89       0.824608       0.935641
            396           22.1         469.29       0.955026       0.935641
            397           -8.9         462.49        1.01962       0.935641
            398           17.1         354.29       0.953957       0.935641
            399           22.1         635.29       0.966382       0.935641
            400           63.1         552.09        0.89743       0.935641
            401           71.1         505.49       0.876689       0.935641
            402            6.1         345.49        0.98265       0.935641
            403           13.1         468.09       0.972776       0.935641
            404           -2.9         445.29        1.00656       0.935641
            405           19.1         303.89       0.940865       0.935641
            406           25.1         524.69       0.954346       0.935641
            407           78.1         375.09       0.827666       0.935641
            408           30.1         487.69       0.941868       0.935641
            409           51.1         461.49        0.90031       0.935641
            410           25.1         436.69       0.945646       0.935641
            411           80.1         537.69       0.870344       0.935641
            412           94.1         463.89       0.831359       0.935641
            413          -15.9         437.89        1.03768       0.935641
            414          275.1         187.69       0.405562       0.244145
            415          230.1          54.69       0.192036       0.244145
            416          100.1         336.69       0.770828       0.935641
            417           42.1         438.29       0.912363       0.935641
            418          -41.9         458.09        1.10068       0.935641
            419          267.1          42.29       0.136688       0.244145
            420           62.1         324.29       0.839282       0.935641
            421           79.1         640.89       0.890137       0.935641
            422           14.1         589.89       0.976655       0.935641
            423          -23.9         371.49        1.06876       0.935641
            424           75.1         527.69       0.875413       0.935641
            425          -22.9         590.29        1.04036       0.935641
            426           77.1         455.29       0.855181       0.935641
            427           20.1         533.69       0.963705       0.935641
            428          -16.9         516.09        1.03385       0.935641
            429           84.1         371.89       0.815566       0.935641
            430          -18.9         391.49        1.05073       0.935641
            431           25.1         412.69       0.942667       0.935641
            432          100.1         299.69       0.749619       0.935641
            433          242.1         168.29       0.410073       0.244145
            434          250.1         180.69       0.419439       0.244145
            435          244.1          69.89       0.222587       0.244145
            436          368.1         120.09        0.24599       0.244145
            437           36.1         534.49       0.936732       0.935641
            438           66.1         349.49       0.840949       0.935641
            439           58.1         497.09       0.895351       0.935641
            440          -15.9         488.89        1.03362       0.935641
            441           45.1         393.69       0.897217       0.935641
            442           31.1         350.49       0.918499       0.935641
            443          -14.9         427.69         1.0361       0.935641
            444          182.1          23.29       0.113394       0.244145
            445          310.1          96.69        0.23769       0.244145
            446          266.1          74.49       0.218709       0.244145
            447          166.1           0.49     0.00294135       0.244145
            448          194.1         -86.11      -0.797389       0.244145
            449          299.1          67.89       0.184991       0.244145
            450           57.1         585.29       0.911113       0.935641
            451          -20.9         597.89        1.03622       0.935641
            452          -18.9         577.49        1.03384       0.935641
            453          -42.9         490.29        1.09589       0.935641
            454            2.1         367.29       0.994315       0.935641
            455          156.1         103.49       0.398667       0.244145
            456           29.1         483.89       0.943274       0.935641
            457           79.1         404.89       0.836567       0.935641
            458          188.1         270.09       0.589472       0.935641
            459          237.1          11.29      0.0454527       0.244145
            460          133.1         387.09       0.744132       0.935641
            461          -14.9         267.69        1.05894       0.935641
            462           12.1         402.29         0.9708       0.935641
            463          162.1         239.29       0.596153       0.935641
            464           36.1         395.49       0.916356       0.935641
            465          -23.9         410.49        1.06182       0.935641
            466           89.1         411.89       0.822152       0.935641
            467           47.1         417.29       0.898577       0.935641
            468           58.1         426.09       0.880006       0.935641
            469           39.1         371.89       0.904864       0.935641
            470          136.1         329.49       0.707683       0.935641
            471            9.1         394.89       0.977475       0.935641
            472           22.1         434.29       0.951577       0.935641
            473           29.1         301.89       0.912082       0.935641
            474          -27.9         510.29        1.05784       0.935641
            475           74.1         438.89       0.855553       0.935641
            476          -34.9         328.69        1.11879       0.935641
            477          -56.9         540.09        1.11776       0.935641
            478          -13.9         413.49        1.03479       0.935641
            479           65.1         441.69       0.871544       0.935641
            480            8.1         491.09       0.983774       0.935641
            481           22.1         368.29        0.94339       0.935641
            482           20.1         426.69       0.955012       0.935641
            483          -52.9         406.29        1.14969       0.935641
            484           31.1         522.49       0.943821       0.935641
            485           20.1         338.69       0.943978       0.935641
            486           59.1         479.89        0.89035       0.935641
            487           71.1         442.49       0.861563       0.935641
            488          -21.9         399.09        1.05806       0.935641
            489           76.1         283.49        0.78837       0.935641
            490           61.1         483.49       0.887806       0.935641
            491          -17.9         443.29        1.04208       0.935641
            492          -14.9         390.69        1.03965       0.935641
            493          -22.9         432.29        1.05594       0.935641
            494           76.1         427.49       0.848885       0.935641
            495           53.1         423.09        0.88849       0.935641
            496           84.1         526.89       0.862355       0.935641
            497          -23.9         465.49        1.05412       0.935641
            498           34.1         497.89       0.935901       0.935641
            499           35.1         341.69       0.906845       0.935641
            500          186.1         157.49       0.458366       0.244145
            501          226.1         -83.51      -0.585665       0.244145
            502          141.1         133.49       0.486143       0.244145
            503           19.1         428.89       0.957365       0.935641
            504          -57.9         532.29        1.12205       0.935641
            505           92.1         330.29       0.781955       0.935641
            506            6.1         466.49       0.987092       0.935641
            507          -13.9         481.49        1.02973       0.935641
            508          109.1         394.89       0.783527       0.935641
            509           -2.9         416.29        1.00702       0.935641
            510           22.1         500.29       0.957694       0.935641
            511           43.1         629.09       0.935881       0.935641
            512           51.1         258.49       0.834943       0.935641
            513          219.1         137.89       0.386257       0.244145
            514           55.1         406.69       0.880682       0.935641
            515            8.1         481.09       0.983442       0.935641
            516          -56.9         324.09        1.21296       0.935641
            517          -10.9         390.89        1.02868       0.935641
            518          -33.9         338.49         1.1113       0.935641
            519          -47.9         335.29        1.16667       0.935641
            520           11.1         442.49       0.975529       0.935641
            521           65.1         484.69       0.881591       0.935641
            522           16.1         492.49       0.968344       0.935641
            523          -14.9         568.69        1.02691       0.935641
            524           -1.9         560.09         1.0034       0.935641
            525           29.1         431.89       0.936875       0.935641
            526           40.1         410.69       0.911045       0.935641
            527          -28.9         686.49        1.04395       0.935641
            528          -35.9         446.89        1.08735       0.935641
            529           34.1         302.89        0.89881       0.935641
            530           24.1         358.89       0.937074       0.935641
            531           44.1         480.89       0.915998       0.935641
            532           67.1         159.29       0.703609       0.935641
            533          210.1         134.69       0.390644       0.244145
            534          135.1         150.69       0.527275       0.244145
            535           52.1         495.29       0.904821       0.935641
            536           44.1         454.89       0.911621       0.935641
            537           -1.9         541.09        1.00352       0.935641
            538            8.1         429.09       0.981473       0.935641
            539          243.1          77.09       0.240763       0.244145
            540           -7.9         414.29        1.01944       0.935641
            541           23.1         351.09       0.938267       0.935641
            542            9.1         470.89       0.981041       0.935641
            543          153.1          94.09       0.380638       0.244145
            544          196.1         124.49       0.388315       0.244145
            545          138.1         101.09       0.422635       0.244145
            546          104.1         288.89       0.735108       0.935641
            547           13.1         509.09       0.974913       0.935641
            548            8.1         426.09       0.981345       0.935641
            549           41.1         561.49       0.931794       0.935641
            550           39.1         411.89       0.913302       0.935641
            551          -18.9         433.49        1.04559       0.935641
            552          -32.9         447.29        1.07939       0.935641
            553           -4.9         356.69        1.01393       0.935641
            554           -0.9         483.89        1.00186       0.935641
            555          -33.9         475.49        1.07677       0.935641
            556          -28.9         363.49        1.08637       0.935641
            557            2.1         475.29       0.995601       0.935641
            558           51.1         333.49       0.867131       0.935641
            559          -14.9         506.69         1.0303       0.935641
            560          -31.9         501.09        1.06799       0.935641
            561          -23.9         457.49        1.05512       0.935641
            562           16.1         565.49       0.972317       0.935641
            563          177.1         127.29       0.418181       0.244145
            564          169.1         110.89        0.39605       0.244145
            565          135.1         147.69        0.52226       0.244145
            566           57.1         369.29       0.866085       0.935641
            567           26.1         497.49       0.950152       0.935641
            568          -10.9         405.89         1.0276       0.935641
            569           19.1         428.89       0.957365       0.935641
            570           99.1         313.89       0.760043       0.935641
            571           23.1         389.09       0.943958       0.935641
            572          -30.9         546.89        1.05988       0.935641
            573           -8.9         430.49        1.02111       0.935641
            574          186.1         175.49       0.485329       0.244145
            575          207.1         -19.71      -0.105182       0.244145
            576          204.1         -39.11      -0.237045       0.244145
            577          228.1          87.09        0.27631       0.244145
            578          124.1          58.89       0.321821       0.244145
            579          204.1          47.89       0.190047       0.244145
            580           19.1         529.89       0.965209       0.935641
            581           23.1         452.09       0.951388       0.935641
            582           77.1         430.29       0.848046       0.935641
            583          -40.9         508.89         1.0874       0.935641
            584           -4.9         726.69        1.00679       0.935641
            585          -96.9         540.09        1.21864       0.935641
            586           -2.9         382.29        1.00764       0.935641
            587          109.1         203.89       0.651427       0.935641
            588          185.1         145.69        0.44043       0.244145
            589          128.1          14.09      0.0990928       0.244145
            590          294.1          44.89       0.132423       0.244145
            591          193.1          32.09       0.142502       0.244145
            592          281.1          52.49       0.157349       0.244145
            593           88.1         552.09       0.862385       0.935641
            594          223.1           8.09      0.0349929       0.244145
            595           15.1         292.69       0.950941       0.935641
            596           -0.9         428.89         1.0021       0.935641
            597           65.1         460.69       0.876186       0.935641
            598           91.1         282.49        0.75615       0.935641
            599          134.1         326.89       0.709104       0.935641
            600          -12.9         503.29        1.02631       0.935641
            601           26.1         380.49       0.935808       0.935641
            602          -15.9         276.89        1.06092       0.935641
            603            2.1         472.29       0.995573       0.935641
            604           28.1         439.09       0.939853       0.935641
            605           63.1         483.09       0.884472       0.935641
            606          -22.9         590.29        1.04036       0.935641
            607           58.1         373.09       0.865257       0.935641
            608          212.1         -28.71      -0.156552       0.244145
            609          197.1         207.29       0.512599       0.244145
            610          270.1         141.69       0.344083       0.244145
            611          304.1         147.89       0.327198       0.244145
            612          319.1          34.89      0.0985621       0.244145
            613          188.1         307.09       0.620146       0.935641
            614           -8.9         541.49        1.01671       0.935641
            615            5.1         465.69       0.989167       0.935641
            616           79.1         532.89        0.87075       0.935641
            617           33.1         431.09       0.928693       0.935641
            618          -28.9         462.49        1.06665       0.935641
            619          191.1         247.49       0.564286       0.244145
            620          164.1         190.89       0.537733       0.244145
            621          321.1           1.49     0.00461887       0.244145
            622           41.1         434.49       0.913581       0.935641
            623           64.1         671.89       0.912906       0.935641
            624          131.1         356.49       0.731127       0.935641
            625          333.1         -10.91      -0.033862       0.244145
            626           60.1         485.69       0.889884       0.935641
            627          409.1          58.89       0.125836       0.244145
            628          193.1         -17.91      -0.102232       0.244145
            629          104.1         356.89       0.774182       0.935641
            630          -25.9         574.89        1.04718       0.935641
            631           35.1         475.69       0.931283       0.935641
            632           43.1         654.09        0.93818       0.935641
            633           50.1         558.69       0.917706       0.935641
            634          276.1          61.49       0.182144       0.244145
            635          294.1           6.89      0.0228911       0.244145
            636          154.1         465.89       0.751448       0.935641
            637          171.1           8.49      0.0472743       0.244145
            638          242.1          24.29      0.0911821       0.244145
            639          283.1          42.09       0.129432       0.244145
            640          261.1          17.49      0.0627804       0.244145
            641          205.1         120.69       0.370453       0.244145
            642           53.1         470.09       0.898507       0.935641
            643           17.1         325.29       0.950057       0.935641
            644           -9.9         553.69        1.01821       0.935641
            645           -0.9         503.89        1.00179       0.935641
            646          -10.9         606.89        1.01829       0.935641
            647           -3.9         404.49        1.00974       0.935641
            648           30.1         501.69       0.943399       0.935641
            649          -19.9         542.69        1.03806       0.935641
            650           61.1         590.49       0.906229       0.935641
            651          -26.9         534.09        1.05304       0.935641
            652            3.1         552.09       0.994416       0.935641
            653           39.1         455.89       0.921009       0.935641
            654            8.1         433.09       0.981641       0.935641
            655           56.1         308.49       0.846129       0.935641
            656           -1.9         248.09        1.00772       0.935641
            657           42.1         504.29       0.922949       0.935641
            658            0.1         448.69       0.999777       0.935641
            659          -53.9         545.49        1.10964       0.935641
            660           23.1         428.09       0.948802       0.935641
            661           -8.9         405.49        1.02244       0.935641
            662           51.1         316.49       0.860986       0.935641
            663           27.1         468.29       0.945296       0.935641
            664          116.1         545.49       0.824514       0.935641
            665          -30.9         470.89        1.07023       0.935641
            666          193.1         200.09       0.508889       0.244145
            667          296.1          63.49       0.176562       0.244145
            668          230.1           9.69      0.0404104       0.244145
            669           62.1         354.29       0.850861       0.935641
            670          -93.9         468.49        1.25067       0.935641
            671          -17.9         513.29        1.03613       0.935641
            672           57.1         466.29       0.890904       0.935641
            673            6.1         460.49       0.986926       0.935641
            674           20.1         599.69        0.96757       0.935641
            675           45.1         451.69       0.909217       0.935641
            676          -45.9         497.89        1.10155       0.935641
            677          -44.9         428.69        1.11699       0.935641
            678           -1.9         392.09        1.00487       0.935641
            679           25.1         289.69       0.920264       0.935641
            680          -19.9         600.69        1.03426       0.935641
            681           60.1         480.69       0.888866       0.935641
            682          -24.9         309.69        1.08743       0.935641
            683           54.1         524.89       0.906561       0.935641
            684          -47.9         371.29        1.14812       0.935641
            685           72.1         463.29       0.865332       0.935641
            686          235.1          73.69       0.238641       0.244145
            687          170.1          68.69       0.287659       0.244145
            688          151.1         206.49       0.577449       0.244145
            689           77.1         250.29       0.764501       0.935641
            690          210.1         107.69       0.338872       0.244145
            691          236.1          38.49       0.140173       0.244145
            692          279.1          -4.11      -0.014946       0.244145
            693          242.1         -54.71      -0.291958       0.244145
            694          166.1         149.49       0.473684       0.244145
            695           61.1         402.49       0.868203       0.935641
            696           13.1         371.09       0.965902       0.935641
            697            4.1         448.89       0.990949       0.935641
            698          -11.9         559.09        1.02175       0.935641
            699           34.1         315.89       0.902569       0.935641
            700          -32.9         417.29        1.08559       0.935641
            701           38.1         417.09       0.916299       0.935641
            702           -0.9         397.89        1.00227       0.935641
            703           48.1         446.09       0.902669       0.935641
            704           -5.9         537.89        1.01109       0.935641
            705          192.1         150.29       0.438944       0.244145
            706          256.1          39.49       0.133597       0.244145
            707          167.1         278.29       0.624823       0.935641
            708          176.1         311.49       0.638836       0.935641
            709            5.1         521.69       0.990319       0.935641
            710          -11.9         459.09        1.02661       0.935641
            711           77.1         411.29       0.842134       0.935641
            712           61.1         486.49        0.88842       0.935641
            713          110.1         417.69       0.791394       0.935641
            714          -24.9         568.69        1.04579       0.935641
            715           50.1         455.69       0.900947       0.935641
            716           -3.9         485.49         1.0081       0.935641
            717          227.1         242.29       0.516181       0.935641
            718           76.1         418.49       0.846135       0.935641
            719           -0.9         390.89        1.00231       0.935641
            720          -21.9         381.09        1.06097       0.935641
            721           45.1         393.69       0.897217       0.935641
            722          -34.9         413.69        1.09214       0.935641
            723          -16.9         487.09        1.03594       0.935641
            724           13.1         393.09       0.967749       0.935641
            725           36.1         382.49       0.913758       0.935641
            726           54.1         617.89       0.919493       0.935641
            727           64.1         566.89       0.898414       0.935641
            728           65.1         494.69       0.883706       0.935641
            729          103.1         699.09       0.871477       0.935641
            730           22.1         396.29       0.947178       0.935641
            731          -38.9         325.49        1.13573       0.935641
            732          -69.9         554.69        1.14419       0.935641
            733          -17.9         485.29         1.0383       0.935641
            734          -22.9         501.29        1.04787       0.935641
            735          -22.9         275.29        1.09073       0.935641
            736          -83.9         516.49        1.19395       0.935641
            737           30.1         718.69       0.959802       0.935641
            738           19.1         367.89       0.950645       0.935641
            739          -81.9         403.09        1.25499       0.935641
            740          -12.9         453.29        1.02929       0.935641
            741           94.1         393.89       0.807168       0.935641
            742           74.1         216.89       0.745352       0.935641
            743          141.1         175.49       0.554313       0.244145
            744          302.1           9.29       0.029834       0.244145
            745           -9.9         485.69        1.02081       0.935641
            746           13.1         425.09       0.970104       0.935641
            747           -0.9         359.89        1.00251       0.935641
            748           -8.9         329.49        1.02776       0.935641
            749           -8.9         399.49        1.02279       0.935641
            750           26.1         392.49       0.937648       0.935641
            751           73.1         316.09       0.812174       0.935641
            752           61.1         372.49       0.859083       0.935641
            753          -19.9         400.69        1.05226       0.935641
            754          -19.9         468.69        1.04434       0.935641
            755          -22.9         507.29        1.04728       0.935641
            756           -2.9         542.29        1.00538       0.935641
            757           88.1         600.09       0.871983       0.935641
            758           -4.9         470.69        1.01052       0.935641
            759         -122.9         459.29        1.36535       0.935641
            760           45.1         419.69       0.902967       0.935641
            761           39.1         422.89       0.915366       0.935641
            762           -6.9         462.09        1.01516       0.935641
            763           19.1         375.89       0.951644       0.935641
            764           68.1         509.09       0.882015       0.935641
            765            2.1         562.29       0.996279       0.935641
            766           21.1         511.49       0.960382       0.935641
            767          -42.9         451.29        1.10505       0.935641
            768           -6.9         530.09        1.01319       0.935641
            769           32.1         526.29       0.942513       0.935641
            770           68.1         431.09       0.863579       0.935641
            771           24.1         561.89       0.958873       0.935641
            772           19.1         472.89       0.961178       0.935641
            773           66.1         441.49       0.869777       0.935641
            774          -23.9         458.49        1.05499       0.935641
            775           62.1         453.29       0.879509       0.935641
            776          203.1         116.09       0.363702       0.244145
            777           43.1         355.09        0.89176       0.935641
            778           19.1         561.89       0.967125       0.935641
            779           47.1         424.29       0.900083       0.935641
            780           43.1         507.09       0.921663       0.935641
            781           25.1         469.69       0.949271       0.935641
            782           38.1         433.09       0.919141       0.935641
            783           70.1         593.69       0.894394       0.935641
            784          128.1         403.09       0.758843       0.935641
            785          262.1         123.29        0.31991       0.244145
            786          256.1          48.49       0.159198       0.244145
            787          118.1         155.09         0.5677       0.244145
            788           66.1         600.49       0.900839       0.935641
            789            4.1         483.89       0.991598       0.935641
            790           38.1         564.09       0.936731       0.935641
            791          -24.9         588.69        1.04417       0.935641
            792          105.1         480.69       0.820584       0.935641
            793           25.1         534.69       0.955162       0.935641
            794           33.1         361.09        0.91603       0.935641
            795            4.1         330.89       0.987761       0.935641
            796          -35.9         523.89        1.07357       0.935641
            797           19.1         314.89       0.942813       0.935641
            798          164.1         397.89       0.708002       0.935641
            799           29.1         464.89       0.941092       0.935641
            800           28.1         487.09       0.945457       0.935641
            801           78.1         445.09       0.850723       0.935641
            802          -33.9         413.49        1.08931       0.935641
            803           45.1         495.69       0.916603       0.935641
            804          -41.9         589.09        1.07657       0.935641
            805           31.1         489.49        0.94026       0.935641
            806           17.1         415.29       0.960452       0.935641
            807          -58.9         412.49        1.16658       0.935641
            808           40.1         319.69       0.888546       0.935641
            809           15.1         438.69       0.966725       0.935641
            810          -25.9         423.89        1.06508       0.935641
            811           30.1         380.69       0.926727       0.935641
            812            2.1         397.29       0.994742       0.935641
            813           44.1         492.89       0.917876       0.935641
            814           47.1         518.29       0.916695       0.935641
            815           -9.9         373.69        1.02721       0.935641
            816           23.1         560.09        0.96039       0.935641
            817           65.1         578.69        0.89888       0.935641
            818           83.1         494.09       0.856027       0.935641
            819            4.1         480.89       0.991546       0.935641
            820           -8.9         525.49        1.01723       0.935641
            821            6.1         527.49       0.988568       0.935641
            822          138.1         421.09       0.753036       0.935641
            823           -5.9         400.89        1.01494       0.935641
            824            0.1         382.69       0.999739       0.935641
            825          163.1         396.09       0.708328       0.935641
            826           15.1         406.69         0.9642       0.935641
            827           29.1         541.89       0.949036       0.935641
            828           58.1         303.09       0.839143       0.935641
            829            9.1         479.89        0.98139       0.935641
            830          -32.9         628.29        1.05526       0.935641
            831           14.1         462.89        0.97044       0.935641
            832          149.1         157.89       0.514316       0.935641
            833           35.1         344.69       0.907581       0.935641
            834           35.1         627.69       0.947042       0.935641
            835           -1.9         545.09         1.0035       0.935641
            836          -38.9         453.49        1.09383       0.935641
            837            8.1         524.09        0.98478       0.935641
            838          -46.9         462.09        1.11296       0.935641
            839           18.1         378.09       0.954315       0.935641
            840           60.1         471.69       0.886985       0.935641
            841           93.1         208.09       0.690893       0.935641
            842           76.1         463.49       0.858967       0.935641
            843          127.1         531.29       0.806953       0.935641
            844          122.1         350.29       0.741527       0.935641
            845          239.1         305.89       0.561276       0.244145
            846          204.1         229.89       0.529713       0.244145
            847          189.1         -19.11      -0.112418       0.244145
            848          265.1         109.69       0.292671       0.244145
            849          223.1          -4.91     -0.0225033       0.244145
            850           87.1         412.29       0.825587       0.935641
            851          127.1         444.29        0.77756       0.935641
            852           42.1         690.29       0.942517       0.935641
            853           72.1         469.29       0.866824       0.935641
            854           25.1         413.69       0.942797       0.935641
            855           12.1         446.29       0.973603       0.935641
            856           15.1         384.69        0.96223       0.935641
            857           10.1         471.69       0.979037       0.935641
            858           44.1         429.89        0.90696       0.935641
            859           52.1         388.29       0.881696       0.935641
            860          -33.9         544.49        1.06639       0.935641
            861          -41.9         238.09        1.21357       0.935641
            862           13.1         184.09       0.933567       0.935641
            863          -35.9         526.89        1.07312       0.935641
            864          -12.9         430.29        1.03091       0.935641
            865          182.1         340.29        0.65141       0.935641
            866          243.1           0.09    0.000370081       0.244145
            867          151.1          97.49       0.392172       0.244145
            868          206.1         104.49       0.336424       0.244145
            869          402.1         -12.71     -0.0326408       0.244145
            870          234.1         187.89       0.445248       0.244145
            871          167.1         345.29       0.673881       0.935641
            872           30.1         443.69        0.93647       0.935641
            873           15.1         412.69       0.964702       0.935641
            874          117.1         441.29        0.79029       0.935641
            875           93.1         520.09       0.848171       0.935641
            876           18.1         485.09       0.964029       0.935641
            877          -68.9         570.49        1.13736       0.935641
            878           15.1         526.69       0.972129       0.935641
            879           30.1         508.69       0.944134       0.935641
            880          -36.9         474.09         1.0844       0.935641
            881           54.1         460.89       0.894949       0.935641
            882          -65.9         295.89        1.28653       0.935641
            883          186.1         140.49       0.430172       0.244145
            884          299.1          70.89         0.1916       0.244145
            885          -36.9         372.09        1.11009       0.935641
            886          -55.9         419.89        1.15358       0.935641
            887          168.1         532.09       0.759922       0.935641
            888           58.1         509.09       0.897565       0.935641
            889          103.1         371.09       0.782577       0.935641
            890          133.1         453.09       0.772941       0.935641
            891          172.1         150.29       0.466175       0.244145
            892           90.1         287.69       0.761508       0.935641
            893           -9.9         661.69        1.01519       0.935641
            894          -23.9         361.49         1.0708       0.935641
            895          -53.9         381.49        1.16453       0.935641
            896           -4.9         617.69          1.008       0.935641
            897           12.1         481.29       0.975476       0.935641
            898           26.1         484.49       0.948883       0.935641
            899           29.1         333.89       0.919833       0.935641
            900           26.1         406.49       0.939666       0.935641
            901           -3.9         307.49        1.01285       0.935641
            902          -34.9         414.69        1.09189       0.935641
            903            9.1         401.89       0.977858       0.935641
            904           10.1         447.69       0.977937       0.935641
            905           58.1         301.09       0.838247       0.935641
            906            6.1         410.49       0.985357       0.935641
            907           49.1         439.89       0.899589       0.935641
            908           41.1         485.49       0.921951       0.935641
            909           46.1         409.49       0.898813       0.935641
            910          -42.9         440.29        1.10795       0.935641
            911           55.1         488.69       0.898674       0.935641
            912            9.1         534.89       0.983272       0.935641
            913          301.1          87.49       0.225147       0.244145
            914          185.1         181.69       0.495352       0.244145
            915          129.1         339.89       0.724728       0.935641
            916          -23.9         451.49        1.05589       0.935641
            917           68.1         429.09        0.86303       0.935641
            918            9.1         479.89        0.98139       0.935641
            919           30.1         423.69        0.93367       0.935641
            920           19.1         511.89       0.964029       0.935641
            921            8.1         490.09       0.983741       0.935641
            922           76.1         340.49       0.817326       0.935641
            923           46.1         350.49       0.883759       0.935641
            924          254.1          10.89      0.0410959       0.244145
            925           -5.9         541.89        1.01101       0.935641
            926           60.1         328.69       0.845418       0.935641
            927           77.1         435.29       0.849529       0.935641
            928          -43.9         628.49         1.0751       0.935641
            929           23.1         554.09       0.959979       0.935641
            930          -22.9         408.29        1.05942       0.935641
            931           17.1         522.29       0.968298       0.935641
            932            8.1         370.09       0.978582       0.935641
            933            6.1         551.49        0.98906       0.935641
            934          -24.9         366.69        1.07285       0.935641
            935          -45.9         532.89        1.09425       0.935641
            936          -17.9         519.29         1.0357       0.935641
            937            7.1         505.29       0.986143       0.935641
            938           10.1         536.69       0.981529       0.935641
            939          -25.9         403.89        1.06852       0.935641
            940            4.1         461.89       0.991202       0.935641
            941          -32.9         396.29        1.09054       0.935641
            942           30.1         527.69       0.946037       0.935641
            943          238.1          11.09      0.0445042       0.244145
            944          281.1          76.49       0.213904       0.244145
            945           64.1         418.89       0.867285       0.935641
            946          -27.9         455.29        1.06528       0.935641
            947           77.1         553.29       0.877695       0.935641
            948          122.1         280.29       0.696563       0.935641
            949            3.1         607.09        0.99492       0.935641
            950           53.1         351.09       0.868626       0.935641
            951            2.1         424.29       0.995075       0.935641
            952           22.1         386.29       0.945885       0.935641
            953           34.1         554.89       0.942104       0.935641
            954          100.1         401.69       0.800514       0.935641
            955           66.1         555.49        0.89366       0.935641
            956            3.1         577.09       0.994657       0.935641
            957           60.1         429.69       0.877294       0.935641
            958           41.1         443.49       0.915186       0.935641
            959           77.1         643.29       0.892975       0.935641
            960           15.1         556.69       0.973592       0.935641
            961          -18.9         497.49        1.03949       0.935641
            962           11.1         424.49       0.974517       0.935641
            963          144.1         461.89       0.762207       0.935641
            964          -19.9         463.69        1.04484       0.935641
            965          226.1         156.49       0.409028       0.244145
            966           23.1         487.09       0.954723       0.935641
            967           -6.9         476.09        1.01471       0.935641
            968           50.1         421.69       0.893809       0.935641
            969           -2.9         341.29        1.00857       0.935641
            970           57.1         233.29       0.803368       0.935641
            971          224.1         -51.11      -0.295451       0.244145
            972           93.1         418.09       0.817876       0.935641
            973          -41.9         550.09        1.08245       0.935641
            974           -4.9         460.69        1.01075       0.935641
            975           -8.9         384.49         1.0237       0.935641
            976           27.1         454.29       0.943705       0.935641
            977            2.1         416.29       0.994981       0.935641
            978           54.1         547.89       0.910131       0.935641
            979          -33.9         474.49        1.07694       0.935641
            980           52.1         582.29       0.917874       0.935641
            981          136.1         251.49       0.648856       0.935641
            982          187.1         249.29       0.571255       0.935641
            983           79.1         418.89       0.841161       0.935641
            984          -29.9         517.69         1.0613       0.935641
            985          -39.9         451.69        1.09689       0.935641
            986          223.1         493.09        0.68849       0.935641
            987            9.1         461.89       0.980679       0.935641
            988           81.1         560.49       0.873595       0.935641
            989           16.1         512.49       0.969542       0.935641
            990           75.1         445.69       0.855796       0.935641
            991            1.1         445.49       0.997537       0.935641
            992           19.1         439.89       0.958387       0.935641
            993            7.1         578.29       0.987871       0.935641
            994           51.1         345.49       0.871152       0.935641
            995          -38.9         478.49        1.08849       0.935641
            996          -46.9         342.09        1.15888       0.935641
            997          -38.9         507.49        1.08302       0.935641
            998          144.1         149.89       0.509847       0.244145
            999          302.1          93.29       0.235944       0.244145
           1000          208.1         167.09       0.445348       0.244145
           1001           69.1         506.89       0.880033       0.935641
           1002            9.1         379.89       0.976606       0.935641
           1003           17.1         421.29       0.960994       0.935641
           1004           52.1         421.29       0.889943       0.935641
           1005          263.1         174.09       0.398202       0.244145
           1006          297.1         -39.71      -0.154279       0.244145
           1007           75.1         411.69       0.845724       0.935641
           1008          195.1         151.69       0.437412       0.244145
           1009          293.1         120.09       0.290641       0.244145
           1010          213.1         203.09       0.487974       0.244145
           1011           47.1         435.29       0.902361       0.935641
           1012          -10.9         486.89         1.0229       0.935641
           1013           34.1         395.89       0.920696       0.935641
           1014          187.1          85.29       0.313117       0.244145
           1015           70.1         150.69       0.682504       0.935641
           1016           32.1         496.29       0.939249       0.935641
           1017          119.1         279.89       0.701496       0.935641
           1018          261.1          -3.51     -0.0136263       0.244145
           1019          241.1         201.49       0.455252       0.244145
           1020          280.1          91.69       0.246618       0.244145
           1021          254.1         161.89       0.389168       0.244145
           1022           -3.9         498.49        1.00789       0.935641
           1023           46.1         486.49       0.913442       0.935641
           1024           16.1         423.49       0.963375       0.935641
           1025            5.1         476.69       0.989414       0.935641
           1026            7.1         327.29       0.978767       0.935641
           1027           -0.9         586.89        1.00154       0.935641
           1028           79.1         408.89       0.837907       0.935641
           1029          247.1         133.29       0.350404       0.244145
           1030          273.1         250.09        0.47801       0.244145
           1031          -29.9         590.69        1.05332       0.935641
           1032           47.1         523.29       0.917425       0.935641
           1033           29.1         580.89       0.952294       0.935641
           1034           52.1         543.29       0.912494       0.935641
           1035          -17.9         447.29        1.04169       0.935641
           1036           10.1         411.69       0.976054       0.935641
           1037           31.1         424.49       0.931737       0.935641
           1038          122.1         422.29       0.775712       0.935641
           1039           91.1         457.49       0.833938       0.935641
           1040          144.1         280.89       0.660933       0.935641
           1041          124.1         169.89       0.577877       0.244145
           1042          269.1         -80.11      -0.423885       0.244145
           1043          151.1         400.49       0.726065       0.935641
           1044            0.1         441.69       0.999774       0.935641
           1045           22.1         417.29       0.949703       0.935641
           1046          -17.9         493.29        1.03765       0.935641
           1047           29.1         437.89       0.937686       0.935641
           1048           22.1         642.29       0.966736       0.935641
           1049           68.1         411.09       0.857885       0.935641
           1050          -10.9         414.89        1.02698       0.935641
           1051          -48.9         480.49         1.1133       0.935641
           1052           34.1         538.89       0.940488       0.935641
           1053          -54.9         508.69        1.12098       0.935641
           1054          120.1         403.69        0.77071       0.935641
           1055           82.1         426.29        0.83851       0.935641
           1056          229.1         121.89       0.347275       0.244145
           1057          241.1         115.49       0.323873       0.244145
           1058          298.1          96.09       0.243766       0.244145
           1059           63.1         491.09        0.88614       0.935641
           1060          -12.9         491.29        1.02697       0.935641
           1061           49.1         652.89       0.930056       0.935641
           1062          -65.9         528.89        1.14234       0.935641
           1063           13.1         386.09       0.967184       0.935641
           1064           25.1         568.69       0.957729       0.935641
           1065           70.1         576.69       0.891619       0.935641
           1066           26.1         398.49       0.938529       0.935641
           1067           75.1         686.69       0.901416       0.935641
           1068          -11.9         557.09        1.02183       0.935641
           1069          133.1         313.09       0.701697       0.935641
           1070          138.1         232.09       0.626948       0.935641
           1071           30.1         466.69       0.939411       0.935641
           1072          -23.9         504.49        1.04973       0.935641
           1073            5.1         375.69       0.986607       0.935641
           1074           49.1         400.89       0.890886       0.935641
           1075           38.1         413.09       0.915557       0.935641
           1076           43.1         423.09       0.907548       0.935641
           1077            9.1         325.89       0.972835       0.935641
           1078           51.1         315.49       0.860607       0.935641
           1079          176.1         197.49       0.528628       0.935641
           1080           22.1         626.29       0.965916       0.935641
           1081           79.1         458.89       0.852971       0.935641
           1082          -32.9         423.29        1.08427       0.935641
           1083          134.1         232.89       0.634595       0.935641
           1084          279.1          13.89      0.0474078       0.244145
           1085          214.1          43.89       0.170123       0.244145
           1086          185.1          31.69       0.146178       0.244145
           1087          104.1         358.89       0.775157       0.935641
           1088          -40.9         301.89        1.15671       0.935641
           1089           -1.9         481.09        1.00397       0.935641
           1090          -14.9         438.69        1.03516       0.935641
           1091          -24.9         423.69        1.06244       0.935641
           1092           12.1         408.29       0.971217       0.935641
           1093          -22.9         274.29        1.09109       0.935641
           1094           26.1         564.49       0.955807       0.935641
           1095           25.1         372.69       0.936901       0.935641
           1096           14.1         403.89       0.966267       0.935641
           1097           47.1         415.29       0.898138       0.935641
           1098           71.1         642.49       0.900363       0.935641
           1099           46.1         382.49       0.892438       0.935641
           1100           17.1         338.29       0.951884       0.935641
           1101           43.1         493.09       0.919618       0.935641
           1102           39.1         265.89       0.871799       0.935641
           1103           19.1         339.89       0.946795       0.935641
           1104           14.1         459.89       0.970253       0.935641
           1105          -39.9         377.69        1.11812       0.935641
           1106           61.1         358.49       0.854382       0.935641
           1107           -0.9         491.89        1.00183       0.935641
           1108           11.1         373.49       0.971138       0.935641
           1109           39.1         531.89       0.931522       0.935641
           1110           23.1         596.09       0.962693       0.935641
           1111           -8.9         527.49        1.01716       0.935641
           1112            0.1         432.69       0.999769       0.935641
           1113           -7.9         465.29        1.01727       0.935641
           1114           -7.9         403.29        1.01998       0.935641
           1115          -49.9         477.69        1.11665       0.935641
           1116            4.1         352.89       0.988515       0.935641
           1117           62.1         313.29       0.834572       0.935641
           1118          202.1         178.29       0.468703       0.244145
           1119          200.1         147.69       0.424653       0.244145
           1120          -18.9         664.49        1.02928       0.935641
           1121          -59.9         531.69        1.12696       0.935641
           1122           98.1         468.09       0.826737       0.935641
           1123           56.1         492.49       0.897738       0.935641
           1124           10.1         457.69       0.978409       0.935641
           1125           18.1         583.09       0.969893       0.935641
           1126           74.1         333.89       0.818378       0.935641
           1127          172.1         102.29       0.372791       0.244145
           1128          211.1        -166.51              0       0.244145
           1129          269.1           6.89      0.0249647       0.244145
           1130          161.1          44.49       0.216402       0.244145
           1131          177.1         -42.71      -0.317806       0.244145
           1132          161.1         218.49       0.575595       0.244145
           1133          259.1         -79.11      -0.439524       0.244145
           1134          115.1         299.69        0.72251       0.935641
           1135           54.1         298.89       0.846738       0.935641
           1136          -17.9         370.29         1.0508       0.935641
           1137           61.1         466.49        0.88419       0.935641
           1138           -7.9         360.29        1.02242       0.935641
           1139           45.1         567.69       0.926402       0.935641
           1140           84.1         435.89       0.838266       0.935641
           1141          -14.9         466.69        1.03298       0.935641
           1142           18.1         385.09       0.955108       0.935641
           1143           26.1         414.49       0.940761       0.935641
           1144          -35.9         447.89        1.08714       0.935641
           1145           21.1         609.49       0.966539       0.935641
           1146          -17.9         644.29        1.02858       0.935641
           1147          -14.9         373.69        1.04153       0.935641
           1148          -56.9         503.09        1.12752       0.935641
           1149           45.1         497.69       0.916911       0.935641
           1150          -18.9         417.49        1.04742       0.935641
           1151          -22.9         584.29        1.04079       0.935641
           1152           39.1         375.89       0.905781       0.935641
           1153          -27.9         431.29        1.06916       0.935641
           1154           74.1         643.89       0.896795       0.935641
           1155           66.1         393.49       0.856176       0.935641
           1156          -20.9         419.89        1.05238       0.935641
           1157           55.1         418.69       0.883704       0.935641
           1158           78.1         281.09       0.782566       0.935641
           1159           74.1         474.89       0.865025       0.935641
           1160          204.1         136.89       0.401449       0.244145
           1161          205.1          17.69      0.0794021       0.244145
           1162           81.1         268.49       0.768014       0.935641
           1163          127.1         321.29       0.716541       0.935641
           1164          -55.9         402.89         1.1611       0.935641
           1165           -9.9         522.69        1.01931       0.935641
           1166           24.1         386.89       0.941361       0.935641
           1167           38.1         495.09       0.928543       0.935641
           1168          192.1          80.29       0.294761       0.244145
           1169           84.1         132.89       0.612425       0.935641
           1170           95.1         284.69       0.749598       0.935641
           1171           27.1         500.29       0.948615       0.935641
           1172           36.1         354.49       0.907576       0.935641
           1173          218.1          80.09       0.268587       0.244145
           1174          297.1           3.29      0.0109524       0.244145
           1175           30.1         296.69       0.907892       0.935641
           1176           93.1         446.09       0.827334       0.935641
           1177           94.1         317.89       0.771596       0.935641
           1178           71.1         402.49        0.84987       0.935641
           1179          -25.9         529.89        1.05139       0.935641
           1180           63.1         477.09       0.883189       0.935641
           1181           30.1         507.69        0.94403       0.935641
           1182          192.1         166.29       0.463992       0.244145
           1183          315.1         151.69       0.324964       0.244145
           1184           71.1         386.49       0.844621       0.935641
           1185          124.1         378.89       0.753275       0.935641
           1186          278.1         -60.91      -0.280446       0.244145
           1187          164.1          29.89        0.15408       0.244145
