              0            454           1.31     0.00287716       0.112213
              1            522          24.33      0.0445335       0.112213
              2            408         153.12       0.272883       0.112213
              3            267        153.255       0.364671       0.112213
              4            385        110.525       0.223046       0.112213
              5            350          31.75      0.0831696       0.112213
              6            419         76.535       0.154449       0.112213
              7            324          59.86       0.155942       0.112213
              8            246         290.19       0.541207       0.942726
              9             41        709.365        0.94536       0.942726
             10             82         766.73       0.903385       0.942726
             11             17        748.005       0.977778       0.942726
             12             19        759.535       0.975595       0.942726
             13             72         457.08       0.863915       0.942726
             14             30         553.95       0.948626       0.942726
             15            186         203.29       0.522207       0.112213
             16            350           9.75      0.0271022       0.112213
             17            509        -38.615     -0.0820923       0.112213
             18            453         93.545       0.171157       0.112213
             19            460           34.9      0.0705193       0.112213
             20            374          47.11       0.111871       0.112213
             21            433         11.245      0.0253126       0.112213
             22            419         90.535       0.177682       0.112213
             23             90         417.85       0.822782       0.942726
             24            -13        734.055        1.01803       0.942726
             25             69        602.785       0.897289       0.942726
             26             31        615.715       0.952065       0.942726
             27            -14         624.29        1.02294       0.942726
             28             19        605.535       0.969577       0.942726
             29            188         322.82       0.631964       0.942726
             30            440           55.6       0.112187       0.112213
             31            435        108.775       0.200037       0.112213
             32            388         129.82       0.250705       0.112213
             33            377        149.405       0.283821       0.112213
             34            255        120.075       0.320136       0.112213
             35            388         104.82       0.212694       0.112213
             36            476          23.14      0.0463597       0.112213
             37            360           34.4      0.0872211       0.112213
             38            435        -10.225     -0.0240716       0.112213
             39            298          16.97      0.0538781       0.112213
             40            357        154.105       0.301513       0.112213
             41            373         80.345       0.177227       0.112213
             42            287         47.555       0.142144       0.112213
             43            473         30.845      0.0612192       0.112213
             44            337         54.805       0.139878       0.112213
             45            363         -1.305    -0.00360801       0.112213
             46            445         75.425        0.14493       0.112213
             47            463        -30.805     -0.0712757       0.112213
             48            384          72.76       0.159296       0.112213
             49            385         21.525      0.0529488       0.112213
             50            400             24      0.0566038       0.112213
             51            347          7.455      0.0210323       0.112213
             52            242          53.13       0.180022       0.112213
             53            481         64.965       0.118991       0.112213
             54            331         88.215       0.210429       0.112213
             55            319         33.035      0.0938401       0.112213
             56            317        132.505        0.29478       0.112213
             57            260           84.9       0.246158       0.112213
             58            319        129.035       0.288002       0.112213
             59            309        183.385       0.372442       0.112213
             60            282          83.73       0.228939       0.112213
             61            390          53.35       0.120334       0.112213
             62            373        -17.655     -0.0496841       0.112213
             63            391         38.115      0.0888223       0.112213
             64            543         58.395      0.0970992       0.112213
             65            478          46.67      0.0889512       0.112213
             66            480          101.2       0.174123       0.112213
             67            360           53.4       0.129173       0.112213
             68            343         71.395       0.172287       0.112213
             69            193        121.645        0.38661       0.112213
             70            379         32.935      0.0799519       0.112213
             71            424          34.36      0.0749629       0.112213
             72            347         86.455       0.199456       0.112213
             73            409        141.885       0.257558       0.112213
             74            277         34.905       0.111909       0.112213
             75            305         81.325       0.210509       0.112213
             76            334         163.51       0.328657       0.112213
             77            453        202.545       0.308972       0.112213
             78            129        400.685       0.756459       0.942726
             79             40          425.6       0.914089       0.942726
             80            137        310.805       0.694063       0.942726
             81            383         21.995      0.0543093       0.112213
             82            393        -25.355      -0.068966       0.112213
             83            189        236.585       0.555905       0.942726
             84             39        504.835       0.928287       0.942726
             85            107        303.855       0.739567       0.942726
             86            196          95.94       0.328629       0.112213
             87            372          52.58        0.12384       0.112213
             88            541         84.865       0.135596       0.112213
             89            384         -25.24     -0.0703534       0.112213
             90            518          69.27       0.117953       0.112213
             91            323        288.095       0.471441       0.112213
             92            241         69.365       0.223495       0.112213
             93            441         33.365      0.0703361       0.112213
             94            378         -40.83      -0.121096       0.112213
             95            323         24.095       0.069419       0.112213
             96            322          15.33      0.0454451       0.112213
             97            284         -13.74     -0.0508399       0.112213
             98            426          34.89      0.0757014       0.112213
             99             50         466.25       0.903148       0.942726
            100            -14         594.29        1.02413       0.942726
            101             65        496.725       0.884285       0.942726
            102            428          88.42       0.171217       0.112213
            103            441         77.365       0.149248       0.112213
            104            356          17.34      0.0464456       0.112213
            105            391         20.115      0.0489279       0.112213
            106            452          53.78       0.106331       0.112213
            107            350          30.75      0.0807617       0.112213
            108            534          78.51       0.128177       0.112213
            109            390          62.35       0.137836       0.112213
            110            466         111.49        0.19306       0.112213
            111            426          52.89       0.110443       0.112213
            112            406          92.59       0.185704       0.112213
            113            407         43.355      0.0962685       0.112213
            114            373          7.345      0.0193114       0.112213
            115            338         118.57       0.259697       0.112213
            116            328          94.92        0.22444       0.112213
            117            374          59.11       0.136478       0.112213
            118            290          83.85       0.224288       0.112213
            119            416         -59.76      -0.167752       0.112213
            120            457          5.605      0.0121162       0.112213
            121            534          22.51      0.0404485       0.112213
            122            334          76.51       0.186378       0.112213
            123            437        110.305       0.201542       0.112213
            124            407        157.355       0.278823       0.112213
            125            429         41.185      0.0875932       0.112213
            126            505         12.325      0.0238245       0.112213
            127            331        113.215       0.254865       0.112213
            128            392          82.88       0.174528       0.112213
            129            443         54.895       0.110254       0.112213
            130            373        -12.655     -0.0351191       0.112213
            131            346          23.69      0.0640807       0.112213
            132            283        -29.505      -0.116393       0.112213
            133            416         -17.76     -0.0445962       0.112213
            134            378         -27.83     -0.0794757       0.112213
            135            499         87.735       0.149531       0.112213
            136            404         151.06       0.272151       0.112213
            137            295        -30.325      -0.114574       0.112213
            138            433        -40.755      -0.103902       0.112213
            139            337         63.805       0.159192       0.112213
            140            362          60.93       0.144066       0.112213
            141            346         194.69       0.360077       0.112213
            142            448         119.72       0.210879       0.112213
            143            433         72.245        0.14299       0.112213
            144            484          16.26      0.0325031       0.112213
            145            394          12.41      0.0305357       0.112213
            146            317        -16.495     -0.0548909       0.112213
            147            217         54.005       0.199277       0.112213
            148            481         -4.035    -0.00845974       0.112213
            149            427        128.655       0.231538       0.112213
            150            476          90.14       0.159219       0.112213
            151            363         69.695       0.161072       0.112213
            152            472          97.08       0.170591       0.112213
            153            410          25.65      0.0588775       0.112213
            154            464          17.96      0.0372645       0.112213
            155            451         28.015      0.0584846       0.112213
            156            295         33.675       0.102457       0.112213
            157            565         37.225      0.0618124       0.112213
            158            394         -23.59     -0.0636862       0.112213
            159            406           2.59     0.00633887       0.112213
            160            456          67.84       0.129505       0.112213
            161            423        160.595       0.275182       0.112213
            162            350           2.75     0.00779589       0.112213
            163            269         79.785       0.228751       0.112213
            164            372          37.58      0.0917525       0.112213
            165            440           97.6       0.181548       0.112213
            166            398         131.47       0.248305       0.112213
            167            386          52.29       0.119305       0.112213
            168            472           6.08      0.0127175       0.112213
            169            502         -51.97      -0.115481       0.112213
            170            538          38.57      0.0668956       0.112213
            171            455         15.075      0.0320694       0.112213
            172            435         17.775      0.0392579       0.112213
            173            490         128.85       0.208209       0.112213
            174            424          -2.64    -0.00626543       0.112213
            175            325         -7.375     -0.0232192       0.112213
            176            475          9.375      0.0193548       0.112213
            177            410          60.65       0.128864       0.112213
            178            783        -35.005     -0.0467984       0.112213
            179            522          42.33      0.0750093       0.112213
            180            488          92.32       0.159085       0.112213
            181            493         93.145       0.158911       0.112213
            182            446          40.19      0.0826632       0.112213
            183            561         15.165      0.0263206       0.112213
            184            444          -7.34     -0.0168094       0.112213
            185            494         -55.09      -0.125515       0.112213
            186            457         42.605      0.0852774       0.112213
            187            365        112.225       0.235162       0.112213
            188            465        -56.275      -0.137684       0.112213
            189            439         50.835        0.10378       0.112213
            190            540          -21.9     -0.0422698       0.112213
            191            588        -122.18       -0.26229       0.112213
            192            462          34.43      0.0693552       0.112213
            193            502          26.03      0.0492964       0.112213
            194            400             70       0.148936       0.112213
            195            472          41.08      0.0800655       0.112213
            196            453         40.545      0.0821506       0.112213
            197            424           4.36      0.0101784       0.112213
            198            388         102.82       0.209486       0.112213
            199            525        -48.375      -0.101495       0.112213
            200            488         -40.68     -0.0909416       0.112213
            201            403        101.295       0.200865       0.112213
            202            528          21.92      0.0398603       0.112213
            203            436           2.54     0.00579195       0.112213
            204            517         90.505       0.148978       0.112213
            205            457         34.605      0.0703919       0.112213
            206            438          -3.93    -0.00905384       0.112213
            207            329        -22.315      -0.072762       0.112213
            208            402         144.53        0.26445       0.112213
            209            297         94.205       0.240807       0.112213
            210            432           1.48     0.00341423       0.112213
            211            308          95.62       0.236906       0.112213
            212            509        -39.615     -0.0843977       0.112213
            213            307        127.855       0.294018       0.112213
            214            428          86.42       0.167995       0.112213
            215            235         39.775       0.144755       0.112213
            216            419         77.535       0.156152       0.112213
            217            389        102.585       0.208682       0.112213
            218            386          58.29       0.131198       0.112213
            219            350          21.75      0.0585071       0.112213
            220            382          12.23      0.0310225       0.112213
            221            341        -53.135      -0.184583       0.112213
            222            477         94.905       0.165945       0.112213
            223            350          34.75      0.0903184       0.112213
            224            357         87.105       0.196136       0.112213
            225            487        112.555       0.187731       0.112213
            226            330          61.45        0.15698       0.112213
            227            394          68.41       0.147942       0.112213
            228            283         52.495        0.15647       0.112213
            229            281         60.965       0.178278       0.112213
            230            360           13.4      0.0358864       0.112213
            231            443         48.895      0.0994013       0.112213
            232            363        -53.305      -0.172121       0.112213
            233            249        121.485       0.327908       0.112213
            234            102         669.03       0.867709       0.942726
            235             69        894.785       0.928407       0.942726
            236            -61        680.335        1.09849       0.942726
            237             54         673.31       0.925754       0.942726
            238             31        523.715       0.944115       0.942726
            239            345        121.925       0.261123       0.112213
            240            451          2.015     0.00444798       0.112213
            241            425          8.125       0.018759       0.112213
            242            292          55.38       0.159422       0.112213
            243            302         -30.97      -0.114268       0.112213
            244            274          -0.39    -0.00142539       0.112213
            245            282          43.73       0.134252       0.112213
            246            545         28.925      0.0503986       0.112213
            247            404          78.06        0.16193       0.112213
            248            382          39.23       0.093132       0.112213
            249            454         -40.69     -0.0984491       0.112213
            250            451         15.015        0.03222       0.112213
            251            409         60.885       0.129574       0.112213
            252            393         10.645      0.0263722       0.112213
            253            342          32.63      0.0870993       0.112213
            254            407         86.355       0.175036       0.112213
            255            480           48.2      0.0912533       0.112213
            256            400             73       0.154334       0.112213
            257            425        119.125       0.218929       0.112213
            258            629         -7.815     -0.0125808       0.112213
            259            366          53.99       0.128551       0.112213
            260            403         50.295       0.110954       0.112213
            261            380          189.7       0.332982       0.112213
            262            450         -10.75     -0.0244735       0.112213
            263            545         74.925       0.120861       0.112213
            264            400              5      0.0123457       0.112213
            265            454           7.31      0.0158462       0.112213
            266            609         35.885      0.0556456       0.112213
            267            512          24.68      0.0459864       0.112213
            268            451         96.015       0.175525       0.112213
            269            438          56.07       0.113486       0.112213
            270            460           43.9      0.0871205       0.112213
            271            691         11.615      0.0165311       0.112213
            272            691         50.615      0.0682497       0.112213
            273            444          14.66      0.0319627       0.112213
            274            723         13.095      0.0177898       0.112213
            275            577        -66.595      -0.130475       0.112213
            276            477         10.905      0.0223507       0.112213
            277            422         101.83       0.194395       0.112213
            278            110         531.15       0.828433       0.942726
            279            486         -88.21       -0.22175       0.112213
            280            511         23.915       0.044708       0.112213
            281            581         43.465      0.0696036       0.112213
            282            476          82.14       0.147167       0.112213
            283            540           72.1       0.117791       0.112213
            284            523         41.095      0.0728512       0.112213
            285            517        -10.495     -0.0207204       0.112213
            286            432          15.48      0.0345937       0.112213
            287            398         -11.53     -0.0298341       0.112213
            288            462         143.43       0.236906       0.112213
            289            515        -32.025     -0.0663078       0.112213
            290            396         129.94       0.247062       0.112213
            291            447         95.955       0.176727       0.112213
            292            412          65.18       0.136594       0.112213
            293            369         70.285       0.159999       0.112213
            294            505         32.325      0.0601591       0.112213
            295            389         64.585       0.142388       0.112213
            296            421        -43.935      -0.116518       0.112213
            297            464          27.96      0.0568339       0.112213
            298            477         29.905      0.0589953       0.112213
            299            511         15.915      0.0302041       0.112213
            300             79        533.435       0.871007       0.942726
            301             64         764.96       0.922795       0.942726
            302             83        619.495        0.88185       0.942726
            303             66         651.49       0.908013       0.942726
            304             48         626.72       0.928859       0.942726
            305             65        529.725       0.890706       0.942726
            306            -18         747.23        1.02468       0.942726
            307              6         585.59       0.989858       0.942726
            308            120          621.8       0.838231       0.942726
            309            -65        644.275        1.11221       0.942726
            310            -29        605.815        1.05028       0.942726
            311             49        604.485       0.925017       0.942726
            312              9        714.885       0.987567       0.942726
            313            -36         568.46        1.06761       0.942726
            314              1        604.765       0.998349       0.942726
            315              0            688              1       0.942726
            316            -15        498.525        1.03102       0.942726
            317              1        534.765       0.998134       0.942726
            318              0            484              1       0.942726
            319            272         319.08       0.539825       0.942726
            320            558          -1.13     -0.0020292       0.112213
            321            432          99.48       0.187175       0.112213
            322            526          56.39      0.0968252       0.112213
            323            459         44.135        0.08772       0.112213
            324            410         110.65       0.212523       0.112213
            325            521         -0.435   -0.000835631       0.112213
            326            441         34.365      0.0722918       0.112213
            327            410          -9.35     -0.0233371       0.112213
            328            464          70.96       0.132645       0.112213
            329            470         -42.45     -0.0992866       0.112213
            330            501          4.265     0.00844112       0.112213
            331            516          -8.26     -0.0162682       0.112213
            332            400            -40      -0.111111       0.112213
            333            427         98.655        0.18768       0.112213
            334            537        -73.195      -0.157814       0.112213
            335            504         -66.44      -0.151842       0.112213
            336            432          20.48      0.0452617       0.112213
            337            455        -13.925     -0.0315706       0.112213
            338            486          34.79      0.0668024       0.112213
            339            513         -0.555    -0.00108304       0.112213
            340            421         50.065        0.10628       0.112213
            341            546         -34.31     -0.0670523       0.112213
            342            435         44.775       0.093325       0.112213
            343            417        -26.995     -0.0692171       0.112213
            344            396          24.94      0.0592483       0.112213
            345            597        -58.295      -0.108213       0.112213
            346            631          6.715      0.0105298       0.112213
            347            494         -11.09     -0.0229649       0.112213
            348            493        -39.855      -0.087952       0.112213
            349            550          -8.25     -0.0152284       0.112213
            350            424          86.36       0.169214       0.112213
            351            442          65.13       0.128429       0.112213
            352            514           1.21     0.00234856       0.112213
            353            630          20.95      0.0321837       0.112213
            354            416          33.24      0.0739916       0.112213
            355            643         -6.105    -0.00958557       0.112213
            356            420           90.3       0.176955       0.112213
            357            545        -59.075      -0.121572       0.112213
            358            386         104.29       0.212711       0.112213
            359            462          22.43      0.0463018       0.112213
            360            494          23.91      0.0461663       0.112213
            361            426          -2.11    -0.00497771       0.112213
            362            438        -100.93      -0.299433       0.112213
            363            409         28.885      0.0659648       0.112213
            364            540          -40.9     -0.0819475       0.112213
            365            480           12.2      0.0247867       0.112213
            366            520           57.8       0.100035       0.112213
            367            351         36.515      0.0942286       0.112213
            368            436         118.54       0.213763       0.112213
            369            565        -38.775     -0.0736852       0.112213
            370            403         39.295      0.0888434       0.112213
            371            470         -25.45     -0.0572489       0.112213
            372            373         32.345      0.0797962       0.112213
            373            448          46.72      0.0944373       0.112213
            374            423        101.595       0.193664       0.112213
            375            374          78.11       0.172768       0.112213
            376            492         104.38       0.175023       0.112213
            377            438          43.07      0.0895296       0.112213
            378            476          63.14       0.117112       0.112213
            379            434         -32.99     -0.0822673       0.112213
            380            441         14.365      0.0315461       0.112213
            381            464          48.96       0.095446       0.112213
            382            569        -52.715      -0.102104       0.112213
            383            553        -43.955      -0.086348       0.112213
            384            539        -22.665     -0.0438959       0.112213
            385            481        102.965        0.17632       0.112213
            386            574         131.11       0.185943       0.112213
            387            579         33.935      0.0553648       0.112213
            388            717        -67.495      -0.103918       0.112213
            389            547         38.455       0.065684       0.112213
            390            525         16.625      0.0306947       0.112213
            391            458          70.37       0.133183       0.112213
            392            522        -101.67      -0.241881       0.112213
            393            563         -6.305     -0.0113258       0.112213
            394            488         -47.68      -0.108285       0.112213
            395            660            0.9     0.00136178       0.112213
            396            519          7.035      0.0133736       0.112213
            397            544           8.16      0.0147783       0.112213
            398            445         -1.575     -0.0035519       0.112213
            399            404           0.06    0.000148493       0.112213
            400            539        -69.665      -0.148433       0.112213
            401            537        -20.195     -0.0390766       0.112213
            402            438          79.07       0.152919       0.112213
            403            282           1.73     0.00609735       0.112213
            404            474         -29.39     -0.0661029       0.112213
            405            487         -8.445     -0.0176469       0.112213
            406            603        -53.705     -0.0977708       0.112213
            407            598          50.47      0.0778294       0.112213
            408            359         84.635       0.190776       0.112213
            409            506         -84.91      -0.201643       0.112213
            410            460           14.9       0.031375       0.112213
            411            429        -10.815     -0.0258618       0.112213
            412            475         29.375      0.0582404       0.112213
            413            468           6.02      0.0126999       0.112213
            414            478         -39.33     -0.0896574       0.112213
            415            430         -74.05      -0.208035       0.112213
            416            486         -43.21     -0.0975858       0.112213
            417            395         18.175      0.0439886       0.112213
            418            367         57.755       0.135973       0.112213
            419            479        -12.565     -0.0269384       0.112213
            420            504         -47.44      -0.103907       0.112213
            421            426          30.89      0.0676093       0.112213
            422            482         -64.27      -0.153855       0.112213
            423            439         51.835       0.105606       0.112213
            424            431         29.715      0.0644976       0.112213
            425            461         -3.335    -0.00728699       0.112213
            426            429         47.185      0.0990896       0.112213
            427            423         -7.405     -0.0178178       0.112213
            428            539        -55.665      -0.115169       0.112213
            429            530          67.45       0.112896       0.112213
            430            573        -40.655     -0.0763696       0.112213
            431            420          113.3       0.212451       0.112213
            432            435         30.775      0.0660727       0.112213
            433            381        -27.535     -0.0779002       0.112213
            434            343        -18.605     -0.0573529       0.112213
            435            527          9.155      0.0170753       0.112213
            436            119         14.035       0.105499       0.112213
            437            161         83.165        0.34061       0.112213
            438            326          14.39       0.042275       0.112213
            439            411         66.415       0.139114       0.112213
            440            638         -38.93     -0.0649841       0.112213
            441            515         31.975      0.0584579       0.112213
            442            424         -83.64       -0.24574       0.112213
            443            558          17.87      0.0310313       0.112213
            444            493         42.145      0.0787544       0.112213
            445            551        -17.485     -0.0327732       0.112213
            446            460          -19.1     -0.0433205       0.112213
            447            454          19.31      0.0407978       0.112213
            448            557         -7.895     -0.0143779       0.112213
            449            468         102.02       0.178976       0.112213
            450            570           9.05       0.015629       0.112213
            451            458         -39.63     -0.0947248       0.112213
            452            456          20.84      0.0437044       0.112213
            453            525        -16.375     -0.0321946       0.112213
            454            400             15      0.0361446       0.112213
            455            494         -46.09        -0.1029       0.112213
            456            378           9.17      0.0236847       0.112213
            457            369         58.285       0.136408       0.112213
            458            464           2.96     0.00633887       0.112213
            459            473         20.845      0.0422096       0.112213
            460            515         62.975       0.108958       0.112213
            461            483         -5.505     -0.0115289       0.112213
            462            458          44.37      0.0883214       0.112213
            463            558           9.87      0.0173807       0.112213
            464            459        -38.865      -0.092506       0.112213
            465            456         -38.16     -0.0913268       0.112213
            466            415         13.475      0.0314487       0.112213
            467            491        -59.385      -0.137588       0.112213
            468            531         46.215      0.0800655       0.112213
            469            510          16.15      0.0306947       0.112213
            470            504          -9.44     -0.0190877       0.112213
            471            488          58.32       0.106751       0.112213
            472            494          65.91       0.117715       0.112213
            473            436          43.54      0.0907953       0.112213
            474            499         26.735      0.0508526       0.112213
            475            560          -56.6      -0.112435       0.112213
            476            538         103.57       0.161432       0.112213
            477            441         45.365      0.0932736       0.112213
            478            401         55.765       0.122087       0.112213
            479            336          18.04      0.0509547       0.112213
            480            374          14.11      0.0363557       0.112213
            481            335        103.275        0.23564       0.112213
            482            438         121.07       0.216556       0.112213
            483            385         55.525       0.126043       0.112213
            484            294          56.91       0.162178       0.112213
            485            371         -2.185    -0.00592438       0.112213
            486            244         -24.34      -0.110808       0.112213
            487            278         -36.33      -0.150329       0.112213
            488            408          44.12      0.0975847       0.112213
            489            405         45.825       0.101647       0.112213
            490            327        107.155       0.246813       0.112213
            491            397         63.705       0.138277       0.112213
            492            202          97.53        0.32561       0.112213
            493            282          27.73      0.0895296       0.112213
            494            452          30.78      0.0637557       0.112213
            495            447        114.955       0.204563       0.112213
            496            304          81.56       0.211536       0.112213
            497            327        -27.845     -0.0930788       0.112213
            498            429         48.185       0.100978       0.112213
            499             78         394.67        0.83498       0.942726
            500            268          87.02       0.245113       0.112213
            501             43        425.895       0.908295       0.942726
            502            -31        405.285        1.08282       0.942726
            503             50         305.25       0.859254       0.942726
            504             34         394.01       0.920563       0.942726
            505             33        363.245       0.916718       0.942726
            506            -21        388.935        1.05708       0.942726
            507             33        369.245        0.91796       0.942726
            508              2         397.53       0.994994       0.942726
            509             64         403.96       0.863236       0.942726
            510             23        390.595        0.94439       0.942726
            511             20          542.3       0.964432       0.942726
            512             41        345.365       0.893883       0.942726
            513            473         31.845      0.0630788       0.112213
            514            360          -28.6     -0.0863005       0.112213
            515            231        -16.285     -0.0758447       0.112213
            516            355          5.575      0.0154614       0.112213
            517            233        104.245       0.309108       0.112213
            518            332          12.98      0.0376254       0.112213
            519            338           0.57     0.00168355       0.112213
            520            388          55.82       0.125772       0.112213
            521            423         44.595       0.095371       0.112213
            522            308          58.62       0.159893       0.112213
            523            273         -6.155     -0.0230658       0.112213
            524            301         66.265       0.180428       0.112213
            525            322          10.33      0.0310836       0.112213
            526            413         17.945       0.041641       0.112213
            527            256          98.84       0.278548       0.112213
            528            338          -7.43     -0.0224763       0.112213
            529            214         143.71        0.40175       0.112213
            530            307         25.855      0.0776765       0.112213
            531            334          78.51       0.190323       0.112213
            532            286          -0.21   -0.000734805       0.112213
            533            376         -40.36      -0.120248       0.112213
            534            424           9.36      0.0215987       0.112213
            535            359         39.635      0.0994268       0.112213
            536            275         23.375       0.078341       0.112213
            537            253        109.545       0.302156       0.112213
            538            282          67.73       0.193664       0.112213
            539            139        404.335       0.744173       0.942726
            540            380           66.7       0.149317       0.112213
            541            390         134.35       0.256222       0.112213
            542            410          28.65       0.065314       0.112213
            543            298          95.97       0.243597       0.112213
            544            431        102.715       0.192453       0.112213
            545            344          66.16       0.161303       0.112213
            546            382         -20.77      -0.057498       0.112213
            547            609         96.885       0.137253       0.112213
            548            797        -37.295     -0.0490914       0.112213
            549            825       -110.875       -0.15526       0.112213
            550           1213        130.945      0.0974333       0.112213
            551            523         75.095       0.125557       0.112213
            552            772          65.58       0.078297       0.112213
            553            758         -51.13      -0.072333       0.112213
            554            812          -1.82    -0.00224641       0.112213
            555            631         65.715      0.0943212       0.112213
            556            933         78.745      0.0778309       0.112213
            557            885         50.025      0.0535012       0.112213
            558            981         48.465      0.0470779       0.112213
            559            545         49.925      0.0839181       0.112213
            560            849         21.485      0.0246816       0.112213
            561            702          62.03      0.0811879       0.112213
            562            507        174.855        0.25644       0.112213
            563            757        154.105       0.169141       0.112213
            564            907         64.855      0.0667332       0.112213
            565            963        -39.305     -0.0425519       0.112213
            566            594         118.41        0.16621       0.112213
            567            446         119.19       0.210885       0.112213
            568            413        132.945       0.243514       0.112213
            569            977         39.405       0.038769       0.112213
            570            737         70.805      0.0876511       0.112213
            571            703        110.795       0.136146       0.112213
            572            744         169.16       0.185247       0.112213
            573            672          49.08      0.0680646       0.112213
            574            967         20.755      0.0210123       0.112213
            575            388          37.82      0.0888169       0.112213
            576            534          -1.49    -0.00279807       0.112213
            577            642          72.13       0.101004       0.112213
            578            383          8.995      0.0229467       0.112213
            579            328          74.92       0.185943       0.112213
            580            270         108.55       0.286752       0.112213
            581            446         190.19       0.298952       0.112213
            582            437        -20.695     -0.0497111       0.112213
            583            295        163.675       0.356843       0.112213
            584            320           63.8       0.166232       0.112213
            585            318         156.27       0.329496       0.112213
            586            317         62.505       0.164701       0.112213
            587            378          80.17       0.174979       0.112213
            588            346          35.69      0.0935052       0.112213
            589            394         108.41        0.21578       0.112213
            590            450          30.25       0.062988       0.112213
            591            404          50.06        0.11025       0.112213
            592            210          42.65       0.168811       0.112213
            593            341        -21.135     -0.0660748       0.112213
            594            446          19.19       0.041252       0.112213
            595            175        208.875       0.544122       0.942726
            596             45        485.425       0.915162       0.942726
            597            -13        525.055        1.02539       0.942726
            598             83        757.495       0.901249       0.942726
            599             48         693.72       0.935286       0.942726
            600             28         625.42       0.957149       0.942726
            601             68         483.02       0.876593       0.942726
            602            258          77.37         0.2307       0.112213
            603            400            -28     -0.0752688       0.112213
            604            287         -9.445     -0.0340293       0.112213
            605            310         124.15       0.285961       0.112213
            606              2         492.53       0.995956       0.942726
            607              3        405.295       0.992652       0.942726
            608             -7        430.645        1.01652       0.942726
            609            -58         542.63        1.11968       0.942726
            610             23        424.595       0.948614       0.942726
            611             14         433.71        0.96873       0.942726
            612              4         540.06       0.992648       0.942726
            613            109        439.385       0.801235       0.942726
            614             20          536.3       0.964048       0.942726
            615             76         397.14       0.839371       0.942726
            616            -43        535.105        1.08738       0.942726
            617            -71        380.685        1.22927       0.942726
            618            240          632.6        0.72496       0.942726
            619             62         513.43       0.892254       0.942726
            620             73        539.845       0.880883       0.942726
            621             70         600.55       0.895608       0.942726
            622            -19        474.465        1.04172       0.942726
            623              5        426.825       0.988421       0.942726
            624            -12         353.82        1.03511       0.942726
            625            168         342.52       0.670924       0.942726
            626            301        169.265       0.359935       0.112213
            627            276         116.14        0.29617       0.112213
            628            195          9.175      0.0449369       0.112213
            629            279         43.435       0.134709       0.112213
            630             76         673.14        0.89855       0.942726
            631            346          53.69       0.134329       0.112213
            632            286          52.79       0.155819       0.112213
            633            367        115.755        0.23978       0.112213
            634            268          80.02       0.229929       0.112213
            635            343         32.395      0.0862958       0.112213
            636            248          36.72       0.128969       0.112213
            637            374          41.11       0.099034       0.112213
            638            381        101.465       0.210305       0.112213
            639            318          89.27       0.219191       0.112213
            640            309         90.385        0.22631       0.112213
            641            466          87.49        0.15807       0.112213
            642            375         14.875      0.0381533       0.112213
            643            310          51.15       0.141631       0.112213
            644            465         92.725       0.166256       0.112213
            645            358         125.87       0.260132       0.112213
            646            120          271.8       0.693721       0.942726
            647            -41        621.635        1.07061       0.942726
            648            -30         596.05          1.053       0.942726
            649            -28         480.58        1.06187       0.942726
            650              8         383.12       0.979546       0.942726
            651             29        528.185       0.947953       0.942726
            652            -13        367.055        1.03672       0.942726
            653             17        562.005       0.970639       0.942726
            654             -3        487.705        1.00619       0.942726
            655             -1        535.235        1.00187       0.942726
            656             13        465.945       0.972857       0.942726
            657             58         428.37       0.880749       0.942726
            658            464          51.96       0.100705       0.112213
            659            308         142.62       0.316497       0.112213
            660            457         82.605       0.153084       0.112213
            661            465        -18.275     -0.0409088       0.112213
            662            360           80.4       0.182561       0.112213
            663            411        -18.585     -0.0473606       0.112213
            664            556         -29.66     -0.0563514       0.112213
            665            583        -43.005     -0.0796396       0.112213
            666            374          85.11        0.18538       0.112213
            667            458         -23.63     -0.0544006       0.112213
            668            565         47.225      0.0771367       0.112213
            669            595         27.175      0.0436774       0.112213
            670            420           82.3       0.163846       0.112213
            671            431        -26.285     -0.0649469       0.112213
            672            502         -22.97     -0.0479511       0.112213
            673            539         53.335       0.090042       0.112213
            674            498         -13.03     -0.0268676       0.112213
            675            372          18.58      0.0475703       0.112213
            676            532           8.98      0.0165995       0.112213
            677            463        119.195       0.204734       0.112213
            678            580          -47.3     -0.0887929       0.112213
            679            599        -28.765     -0.0504441       0.112213
            680            377        -35.595       -0.10426       0.112213
            681            707        -12.145     -0.0174785       0.112213
            682            545         38.925       0.066661       0.112213
            683            539         53.335       0.090042       0.112213
            684            499        196.735       0.282773       0.112213
            685            375         32.875      0.0806007       0.112213
            686            372          81.58       0.179858       0.112213
            687             12         601.18        0.98043       0.942726
            688            170         399.05       0.701256       0.942726
            689            377         57.405       0.132146       0.112213
            690            310          25.15       0.075041       0.112213
            691            215         98.475        0.31414       0.112213
            692            399         64.235       0.138666       0.112213
            693            389         86.585        0.18206       0.112213
            694             30         540.95       0.947456       0.942726
            695              0            416              1       0.942726
            696            -10         423.35        1.02419       0.942726
            697            -37        405.695        1.10035       0.942726
            698            -18         577.23        1.03219       0.942726
            699            173        332.345        0.65766       0.942726
            700            328          26.92      0.0758481       0.112213
            701            278         224.67       0.446953       0.112213
            702            234         117.01       0.333352       0.112213
            703            296         202.44       0.406147       0.112213
            704             62         166.43       0.728582       0.942726
            705            218          89.77       0.291679       0.112213
            706             92         118.38       0.562696       0.112213
            707            248         130.72       0.345163       0.112213
            708            338          55.57       0.141195       0.112213
            709             29        471.185       0.942021       0.942726
            710             -1        363.235        1.00276       0.942726
            711             69        422.785       0.859695       0.942726
            712             10         459.65       0.978708       0.942726
            713            246         209.19       0.459566       0.112213
            714            241        116.365       0.325619       0.112213
            715            308         106.62       0.257151       0.112213
            716            336          82.04       0.196249       0.112213
            717            349        174.985        0.33395       0.112213
            718            352         107.28       0.233583       0.112213
            719            325        113.625       0.259048       0.112213
            720            457         50.605      0.0996937       0.112213
            721            351         64.515       0.155265       0.112213
            722            337         33.805      0.0911665       0.112213
            723            253         45.545       0.152557       0.112213
            724            186         150.29       0.446906       0.112213
            725            189        113.585       0.375382       0.112213
            726            300          151.5       0.335548       0.112213
            727            285         15.025      0.0500792       0.112213
            728            316         -54.26      -0.207305       0.112213
            729            216          34.24       0.136829       0.112213
            730            182         222.23       0.549761       0.942726
            731             68         476.02       0.875005       0.942726
            732             -9        490.115        1.01871       0.942726
            733             63        444.195       0.875787       0.942726
            734             -4         431.94        1.00935       0.942726
            735             -5        399.175        1.01268       0.942726
            736              0            401              1       0.942726
            737            -26         267.11        1.10783       0.942726
            738            -22         331.17        1.07116       0.942726
            739            -50         372.75        1.15492       0.942726
            740              6         812.59        0.99267       0.942726
            741             54         391.31       0.878736       0.942726
            742            -26         386.11         1.0722       0.942726
            743            -42         352.87         1.1351       0.942726
            744            -46         299.81        1.18124       0.942726
            745            -26         517.11        1.05294       0.942726
            746            -10         573.35        1.01775       0.942726
            747             25        584.125       0.958958       0.942726
            748            -37        527.695         1.0754       0.942726
            749             26         645.89       0.961303       0.942726
            750             -5        576.175        1.00875       0.942726
            751             -4         596.94        1.00675       0.942726
            752             49        703.485       0.934882       0.942726
            753            -15        509.525        1.03033       0.942726
            754            -37        466.695        1.08611       0.942726
            755            -39        641.165        1.06477       0.942726
            756            -14         799.29        1.01783       0.942726
            757             21        634.065       0.967942       0.942726
            758             18         449.77        0.96152       0.942726
            759            534          21.51      0.0387212       0.112213
            760            406         128.59       0.240539       0.112213
            761            456          94.84       0.172173       0.112213
            762            485         81.025       0.143147       0.112213
            763            461         83.665       0.153608       0.112213
            764            468          73.02       0.134967       0.112213
            765            436         193.54       0.307431       0.112213
            766            377        119.405       0.240539       0.112213
            767            485          9.025      0.0182683       0.112213
            768            386          23.29      0.0569034       0.112213
            769            331         20.215      0.0575573       0.112213
            770            304          68.56       0.184024       0.112213
            771            389        109.585       0.219792       0.112213
            772            433         24.245      0.0530241       0.112213
            773            370          41.05      0.0998662       0.112213
            774            624          67.36      0.0974312       0.112213
            775            463        162.195       0.259431       0.112213
            776             28         511.42       0.948092       0.942726
            777            -39        438.165         1.0977       0.942726
            778            -13        375.055        1.03591       0.942726
            779             13        429.945       0.970651       0.942726
            780            -11        344.585        1.03298       0.942726
            781              3        537.295       0.994447       0.942726
            782             69        444.785       0.865703       0.942726
            783            -13        464.055        1.02882       0.942726
            784            -34         538.99        1.06733       0.942726
            785            -78         434.33         1.2189       0.942726
            786            102         503.03       0.831413       0.942726
            787             -9        470.115        1.01952       0.942726
            788             39        449.835       0.920218       0.942726
            789            -35        631.225         1.0587       0.942726
            790            -20          529.7        1.03924       0.942726
            791             29        578.185       0.952239       0.942726
            792             48         710.72       0.936736       0.942726
            793            229        321.185       0.583776       0.942726
            794            697         66.205       0.086746       0.112213
            795            554          51.81      0.0855219       0.112213
            796            520          169.8       0.246158       0.112213
            797            499         47.735      0.0873092       0.112213
            798            543        131.395       0.194834       0.112213
            799            531         64.215       0.107885       0.112213
            800            700          -11.5      -0.016703       0.112213
            801            623         63.595      0.0926237       0.112213
            802            687        118.555       0.147172       0.112213
            803            573         83.345       0.126984       0.112213
            804            264         -14.04      -0.056169       0.112213
            805            392          66.88       0.145746       0.112213
            806            191         86.115       0.310755       0.112213
            807            353        218.045       0.381835       0.112213
            808            300          283.5       0.485861       0.112213
            809              5        912.825       0.994552       0.942726
            810            171        514.815       0.750662       0.942726
            811            502         173.03       0.256329       0.112213
            812            349         63.985       0.154933       0.112213
            813            243         76.895       0.240376       0.112213
            814            322          67.33       0.172938       0.112213
            815            370         183.05       0.330983       0.112213
            816            373        146.345       0.281788       0.112213
            817            202         186.53       0.480092       0.112213
            818            317        183.505        0.36664       0.112213
            819            380          139.7       0.268809       0.112213
            820            278         138.67       0.332805       0.112213
            821            264          92.96       0.260421       0.112213
            822            322         136.33       0.297449       0.112213
            823            396          88.94       0.183404       0.112213
            824            352          75.28       0.176184       0.112213
            825            190          86.35       0.312466       0.112213
            826            318         215.27       0.403679       0.112213
            827            -47        411.045         1.1291       0.942726
            828            -60          410.1        1.17138       0.942726
            829            -54         464.69        1.13149       0.942726
            830            -35        557.225        1.06702       0.942726
            831            -70         508.45        1.15965       0.942726
            832              5        512.825       0.990344       0.942726
            833            118         488.27       0.805367       0.942726
            834            326         144.39       0.306958       0.112213
            835            318          69.27       0.178867       0.112213
            836            303        101.795       0.251473       0.112213
            837            350          68.75       0.164179       0.112213
            838            396         100.94       0.203123       0.112213
            839            411         -2.585    -0.00632935       0.112213
            840            290         161.85       0.358194       0.112213
            841            296           0.44     0.00148428       0.112213
            842            397         14.705      0.0357173       0.112213
            843            529         41.685      0.0730438       0.112213
            844            473         -1.155    -0.00244784       0.112213
            845            577         80.405       0.122307       0.112213
            846            235         55.775       0.191815       0.112213
            847            457         63.605       0.122175       0.112213
            848            402         104.53       0.206365       0.112213
            849            393         55.645       0.124029       0.112213
            850            383         95.995       0.200409       0.112213
            851            419        104.535       0.199671       0.112213
            852            380          115.7       0.233407       0.112213
            853            444          60.66         0.1202       0.112213
            854            519        144.035       0.217236       0.112213
            855            465         60.725       0.115507       0.112213
            856            415         62.475       0.130845       0.112213
            857            466          -8.51     -0.0186015       0.112213
            858            449         46.485      0.0938172       0.112213
            859            537        155.805        0.22489       0.112213
            860            337         25.805      0.0711264       0.112213
            861            394          54.41        0.12134       0.112213
            862            318         155.27       0.328079       0.112213
            863            253        129.545        0.33864       0.112213
            864            284          48.26       0.145248       0.112213
            865             53        469.545       0.898573       0.942726
            866             51        662.015       0.928473       0.942726
            867             29        734.185       0.962001       0.942726
            868            -27        717.345        1.03911       0.942726
            869             90         511.85       0.850461       0.942726
            870             -5        570.175        1.00885       0.942726
            871             24         552.36       0.958359       0.942726
            872             17        548.005       0.969912       0.942726
            873            -39        544.165         1.0772       0.942726
            874             38         487.07       0.927629       0.942726
            875              2         548.53       0.996367       0.942726
            876            -14         573.29        1.02503       0.942726
            877             26         630.89        0.96042       0.942726
            878             73        399.845       0.845615       0.942726
            879             48         752.72       0.940054       0.942726
            880             -2         499.47        1.00402       0.942726
            881             24         462.36       0.950654       0.942726
            882            -11        491.585        1.02289       0.942726
            883             97        510.205       0.840252       0.942726
            884            324          96.86       0.230148       0.112213
            885            388          31.82      0.0757944       0.112213
            886            367        174.755       0.322572       0.112213
            887            341        228.865       0.401613       0.112213
            888            341        187.865       0.355223       0.112213
            889            410         129.65       0.240248       0.112213
            890            280          180.2       0.391569       0.112213
            891            337         83.805       0.199154       0.112213
            892            231        141.715       0.380223       0.112213
            893            266         179.49       0.402905       0.112213
            894            295        198.675       0.402441       0.112213
            895             26         546.89       0.954616       0.942726
            896             55        619.075       0.918407       0.942726
            897             41        623.365       0.938287       0.942726
            898              7        526.355       0.986876       0.942726
            899            425         42.125      0.0901793       0.112213
            900            486          71.79       0.128704       0.112213
            901            320          142.8       0.308557       0.112213
            902            295         22.675       0.071378       0.112213
            903            394         106.41       0.212646       0.112213
            904            343        146.395       0.299135       0.112213
            905            303         86.795       0.222668       0.112213
            906            301         35.265       0.104873       0.112213
            907            492          70.38       0.125147       0.112213
            908            477        107.905       0.184483       0.112213
            909            390          27.35      0.0655325       0.112213
            910            349        194.985       0.358438       0.112213
            911            352          97.28       0.216524       0.112213
            912            409         59.885       0.127718       0.112213
            913            563        -22.305     -0.0412525       0.112213
            914            621         19.065       0.029786       0.112213
            915            633        -22.755     -0.0372883       0.112213
            916            470          99.55       0.174787       0.112213
            917            594         -30.59     -0.0542944       0.112213
            918            483         94.495       0.163629       0.112213
            919            359        134.635       0.272742       0.112213
            920            389         52.585       0.119082       0.112213
            921            296         136.44       0.315512       0.112213
            922            393         56.645       0.125977       0.112213
            923            266          69.49        0.20713       0.112213
            924            352          -4.72     -0.0135913       0.112213
            925            298         105.97       0.262321       0.112213
            926            319         52.035       0.140243       0.112213
            927            239        253.835       0.515051       0.112213
            928            113        482.445       0.810226       0.942726
            929            399        188.235       0.320545       0.112213
            930            402          77.53       0.161679       0.112213
            931            422          69.83        0.14198       0.112213
            932            542           7.63      0.0138821       0.112213
            933            643         47.895      0.0693231       0.112213
            934            317        113.505       0.263655       0.112213
            935            404          19.06      0.0450527       0.112213
            936            375        170.875        0.31303       0.112213
            937            497          7.205      0.0142898       0.112213
            938            410          29.65        0.06744       0.112213
            939            465        -30.275     -0.0696417       0.112213
            940            620           32.3      0.0495171       0.112213
            941            315        122.975       0.280781       0.112213
            942            448          36.72      0.0757551       0.112213
            943            600             53      0.0811639       0.112213
            944            341         42.865       0.111667       0.112213
            945            437         41.305       0.086357       0.112213
            946            554          -3.19    -0.00579147       0.112213
            947            443         88.895       0.167129       0.112213
            948            357         83.105        0.18883       0.112213
            949            349         24.985      0.0668075       0.112213
            950            367         99.755        0.21372       0.112213
            951            269         91.785       0.254404       0.112213
            952            293         77.145       0.208418       0.112213
            953            406          52.59       0.114678       0.112213
            954            215        622.475       0.743276       0.942726
            955            -12         872.82        1.01394       0.942726
            956             -4         782.94        1.00514       0.942726
            957             45        849.425       0.949688       0.942726
            958             68         875.02       0.927891       0.942726
            959             25        962.125       0.974674       0.942726
            960             84         685.26       0.890804       0.942726
            961             36         842.54       0.959023       0.942726
            962             -7        1036.65         1.0068       0.942726
            963             21        1067.07         0.9807       0.942726
            964             24         802.36       0.970957       0.942726
            965             49        955.485       0.951219       0.942726
            966             82         852.73       0.912274       0.942726
            967             30         794.95       0.963634       0.942726
            968             43        882.895       0.953558       0.942726
            969             43        428.895       0.908878       0.942726
            970            -21        317.935        1.07072       0.942726
            971            -49        422.515        1.13119       0.942726
            972             90         614.85       0.872313       0.942726
            973             45        495.425       0.916732       0.942726
            974            -12         542.82        1.02261       0.942726
            975            -15        517.525        1.02985       0.942726
            976             23        575.595       0.961577       0.942726
            977            487        196.555       0.287548       0.112213
            978             47        440.955        0.90368       0.942726
            979            376         356.64       0.486788       0.942726
            980             -4         603.94        1.00667       0.942726
            981             33        651.245       0.951772       0.942726
            982              3        725.295       0.995881       0.942726
            983             63        701.195        0.91756       0.942726
            984            -35        595.225        1.06247       0.942726
            985             25        548.125       0.956379       0.942726
            986            -14         269.29        1.05484       0.942726
            987            -36         349.46        1.11485       0.942726
            988            -13        669.055        1.01982       0.942726
            989             12         628.18       0.981255       0.942726
            990             50         606.25        0.92381       0.942726
            991             27        593.655       0.956498       0.942726
            992             38         339.07       0.899223       0.942726
            993             54         719.31        0.93017       0.942726
            994             87        649.555       0.881883       0.942726
            995             64         650.96       0.910485       0.942726
            996            452          28.78      0.0598611       0.112213
            997            239        136.835       0.364083       0.112213
            998             62         681.43       0.916603       0.942726
            999             38         572.07       0.937712       0.942726
           1000            161        572.165       0.780404       0.942726
           1001            490          20.85      0.0408143       0.112213
           1002            327         66.155       0.168267       0.112213
           1003            342         107.63       0.239375       0.112213
           1004            322         197.33        0.37997       0.112213
           1005            357         68.105       0.160207       0.112213
           1006            255        188.075       0.424477       0.112213
           1007            288          73.32       0.202923       0.112213
           1008            264          78.96       0.230231       0.112213
           1009            322         102.33       0.241157       0.112213
           1010            442         115.13       0.206648       0.112213
           1011            525         59.625       0.101988       0.112213
           1012            269         77.785       0.224303       0.112213
           1013            295          1.675     0.00564591       0.112213
           1014            301         87.265       0.224756       0.112213
           1015            411         56.415       0.120696       0.112213
           1016            534          54.51      0.0926237       0.112213
           1017            381         92.465       0.195294       0.112213
           1018            309         60.385       0.163474       0.112213
           1019            269        227.785       0.458518       0.112213
           1020            344         -11.84     -0.0356455       0.112213
           1021            317         19.505      0.0579635       0.112213
           1022            363         18.695      0.0489789       0.112213
           1023            356         210.34       0.371402       0.112213
           1024            255        202.075       0.442105       0.112213
           1025            326          -6.61     -0.0206957       0.112213
           1026            431         56.715       0.116287       0.112213
           1027            456          33.84      0.0690838       0.112213
           1028            491        -32.385     -0.0706148       0.112213
           1029            354          31.81      0.0824499       0.112213
           1030            385          6.525      0.0166656       0.112213
           1031            429         27.185      0.0595921       0.112213
           1032            415         48.475        0.10459       0.112213
           1033            351         13.515      0.0370767       0.112213
           1034            536          42.04      0.0727285       0.112213
           1035            556          97.34       0.148988       0.112213
           1036            411        -31.585     -0.0832466       0.112213
           1037            442         -48.87       -0.12431       0.112213
           1038            496           8.44      0.0167314       0.112213
           1039            688           5.32     0.00767322       0.112213
           1040            357         60.105         0.1441       0.112213
           1041            434         -26.99     -0.0663129       0.112213
           1042            396          -5.06     -0.0129432       0.112213
           1043            391         21.115      0.0512357       0.112213
           1044            375         27.875      0.0691902       0.112213
           1045            375         81.875       0.179207       0.112213
           1046            420          -45.7      -0.122095       0.112213
           1047            482          51.73      0.0969217       0.112213
           1048            381         46.465       0.108699       0.112213
           1049            322          70.33       0.179262       0.112213
           1050            357         14.105      0.0380081       0.112213
           1051            196         301.94       0.606378       0.942726
           1052            -22         499.17        1.04611       0.942726
           1053              3        527.295       0.994343       0.942726
           1054             11        1030.42       0.989437       0.942726
           1055             70         927.55       0.929828       0.942726
           1056             47        1007.96       0.955448       0.942726
           1057              0            526              1       0.942726
           1058             22         409.83       0.949054       0.942726
           1059            -33        450.755        1.07899       0.942726
           1060             36         395.54       0.916578       0.942726
           1061             18         466.77       0.962869       0.942726
           1062            -30         479.05        1.06681       0.942726
           1063             56         363.84       0.866616       0.942726
           1064            337         59.805       0.150716       0.112213
           1065            410          40.65       0.090203       0.112213
           1066            349         95.985       0.215704       0.112213
           1067            418         -15.23     -0.0378131       0.112213
           1068            321         75.565       0.190549       0.112213
           1069            369         -6.715     -0.0185351       0.112213
           1070            320           48.8       0.132321       0.112213
           1071            318         100.27       0.239726       0.112213
           1072            333        113.745       0.254608       0.112213
           1073            486          53.79      0.0996499       0.112213
           1074            548         -47.78      -0.095518       0.112213
           1075            362          76.93       0.175267       0.112213
           1076            445         68.425       0.133272       0.112213
           1077            422          20.83      0.0470384       0.112213
           1078            518           5.27      0.0100713       0.112213
           1079            427        146.655        0.25565       0.112213
           1080            369          2.285      0.0061543       0.112213
           1081            363        104.695       0.223853       0.112213
           1082            304          68.56       0.184024       0.112213
           1083            201         74.765       0.271119       0.112213
           1084            283        122.495       0.302088       0.112213
           1085            346          -3.31    -0.00965888       0.112213
           1086            241         20.365      0.0779179       0.112213
           1087            316          53.74       0.145345       0.112213
           1088            256         111.84       0.304045       0.112213
           1089            273         76.845       0.219654       0.112213
           1090            353         70.045       0.165573       0.112213
           1091            256          20.84      0.0752781       0.112213
           1092            259         45.135       0.148404       0.112213
           1093            388         -19.18     -0.0520037       0.112213
           1094            449         96.485       0.176879       0.112213
           1095            401        116.765       0.225517       0.112213
           1096            244         297.66       0.549533       0.942726
           1097             26         556.89       0.955395       0.942726
           1098             34         385.01       0.918856       0.942726
           1099             11        606.415       0.982184       0.942726
           1100             39        579.835       0.936978       0.942726
           1101             45        516.425       0.919847       0.942726
           1102            226         478.89       0.679383       0.942726
           1103            565        146.225       0.205596       0.112213
           1104            577        219.405       0.275494       0.112213
           1105            300          171.5       0.363733       0.112213
           1106            415        216.475       0.342809       0.112213
           1107            450          73.25        0.13999       0.112213
           1108            599        116.235       0.162513       0.112213
           1109            417         83.005       0.166008       0.112213
           1110            398         168.47       0.297403       0.112213
           1111            502          51.03      0.0922735       0.112213
           1112            524         118.86       0.184893       0.112213
           1113            552         102.28       0.156325       0.112213
           1114            612          79.18       0.114558       0.112213
           1115            483        -10.505      -0.022233       0.112213
           1116            314         200.21       0.389355       0.112213
           1117            397         53.705       0.119158       0.112213
           1118             88         590.32       0.870268       0.942726
           1119            112         525.68       0.824363       0.942726
           1120             81        724.965       0.899499       0.942726
           1121             70         579.55       0.892233       0.942726
           1122             62         732.43       0.921957       0.942726
           1123             66         580.49        0.89791       0.942726
           1124              2         606.53       0.996713       0.942726
           1125            249        289.485       0.537592       0.942726
           1126            397        129.705       0.246257       0.112213
           1127            433         92.245       0.175623       0.112213
           1128            357        162.105       0.312278       0.112213
           1129            314         122.21       0.280163       0.112213
           1130            388         186.82       0.325006       0.112213
           1131            402          58.53       0.127093       0.112213
           1132            435        133.775       0.235198       0.112213
           1133            502          94.03       0.157761       0.112213
           1134            452         108.78        0.19398       0.112213
           1135            339        120.335       0.261977       0.112213
           1136            458          24.37      0.0505214       0.112213
           1137            491         77.615       0.136498       0.112213
           1138            436         170.54       0.281169       0.112213
           1139            598          23.47      0.0377653       0.112213
           1140            460           50.9      0.0996281       0.112213
           1141            403        118.295       0.226925       0.112213
           1142            392         125.88       0.243068       0.112213
           1143            372          95.58       0.204414       0.112213
           1144            448          18.72      0.0401097       0.112213
           1145            436         111.54       0.203711       0.112213
           1146            455         88.075       0.162178       0.112213
           1147            368          57.52       0.135176       0.112213
           1148            521         50.565      0.0884676       0.112213
           1149            574          67.11       0.104678       0.112213
           1150            403        121.295       0.231349       0.112213
           1151            362         141.93       0.281646       0.112213
           1152            408         252.12       0.381931       0.112213
           1153            345        117.925       0.254739       0.112213
           1154            472         152.08       0.243687       0.112213
           1155            523        167.095       0.242133       0.112213
           1156            615         84.475       0.120769       0.112213
           1157            442         196.13       0.307351       0.112213
           1158            436          76.54       0.149335       0.112213
           1159            568          96.52       0.145248       0.112213
